;dep;jour;P;totalcovidcasescumulated
0;1;2020-05-13;18;18
1;1;2020-05-14;18;36
2;1;2020-05-15;10;46
3;1;2020-05-16;0;46
4;1;2020-05-17;0;46
5;1;2020-05-18;22;68
6;1;2020-05-19;18;86
7;1;2020-05-20;22;108
8;1;2020-05-21;2;110
9;1;2020-05-22;14;124
10;1;2020-05-23;4;128
11;1;2020-05-24;0;128
12;1;2020-05-25;6;134
13;1;2020-05-26;4;138
14;1;2020-05-27;8;146
15;1;2020-05-28;2;148
16;1;2020-05-29;12;160
17;1;2020-05-30;4;164
18;1;2020-05-31;2;166
19;1;2020-06-01;8;174
20;1;2020-06-02;6;180
21;1;2020-06-03;4;184
22;1;2020-06-04;0;184
23;1;2020-06-05;10;194
24;1;2020-06-06;6;200
25;1;2020-06-07;2;202
26;1;2020-06-08;0;202
27;1;2020-06-09;2;204
28;1;2020-06-10;2;206
29;1;2020-06-11;16;222
30;1;2020-06-12;8;230
31;1;2020-06-13;0;230
32;1;2020-06-14;2;232
33;1;2020-06-15;0;232
34;1;2020-06-16;6;238
35;1;2020-06-17;10;248
36;1;2020-06-18;8;256
37;1;2020-06-19;6;262
38;1;2020-06-20;6;268
39;1;2020-06-21;0;268
40;1;2020-06-22;10;278
41;1;2020-06-23;20;298
42;1;2020-06-24;4;302
43;1;2020-06-25;10;312
44;1;2020-06-26;16;328
45;1;2020-06-27;12;340
46;1;2020-06-28;0;340
47;1;2020-06-29;12;352
48;1;2020-06-30;15;367
49;1;2020-07-01;6;373
50;1;2020-07-02;0;373
51;1;2020-07-03;6;379
52;1;2020-07-04;2;381
53;1;2020-07-05;0;381
54;1;2020-07-06;4;385
55;1;2020-07-07;10;395
56;1;2020-07-08;6;401
57;1;2020-07-09;6;407
58;1;2020-07-10;6;413
59;1;2020-07-11;0;413
60;1;2020-07-12;2;415
61;1;2020-07-13;0;415
62;1;2020-07-14;0;415
63;1;2020-07-15;6;421
64;1;2020-07-16;0;421
65;1;2020-07-17;12;433
66;1;2020-07-18;8;441
67;1;2020-07-19;0;441
68;1;2020-07-20;6;447
69;1;2020-07-21;20;467
70;1;2020-07-22;10;477
71;1;2020-07-23;12;489
72;1;2020-07-24;42;531
73;1;2020-07-25;4;535
74;1;2020-07-26;4;539
75;1;2020-07-27;26;565
76;1;2020-07-28;20;585
77;1;2020-07-29;14;599
78;1;2020-07-30;34;633
79;1;2020-07-31;34;667
80;1;2020-08-01;10;677
81;1;2020-08-02;4;681
82;1;2020-08-03;18;699
83;1;2020-08-04;28;727
84;1;2020-08-05;20;747
85;1;2020-08-06;30;777
86;1;2020-08-07;18;795
87;1;2020-08-08;16;811
88;1;2020-08-09;2;813
89;1;2020-08-10;44;857
90;1;2020-08-11;22;879
91;1;2020-08-12;30;909
92;1;2020-08-13;32;941
93;1;2020-08-14;50;991
94;1;2020-08-15;2;993
95;1;2020-08-16;0;993
96;1;2020-08-17;58;1051
97;1;2020-08-18;46;1097
98;1;2020-08-19;54;1151
99;1;2020-08-20;66;1217
100;1;2020-08-21;100;1317
101;1;2020-08-22;34;1351
102;1;2020-08-23;4;1355
103;1;2020-08-24;108;1463
104;1;2020-08-25;76;1539
105;1;2020-08-26;112;1651
106;1;2020-08-27;176;1827
107;1;2020-08-28;122;1949
108;1;2020-08-29;48;1997
109;1;2020-08-30;4;2001
110;1;2020-08-31;198;2199
111;1;2020-09-01;146;2345
112;1;2020-09-02;136;2481
113;1;2020-09-03;204;2685
114;1;2020-09-04;156;2841
115;1;2020-09-05;80;2921
116;1;2020-09-06;6;2927
117;1;2020-09-07;180;3107
118;1;2020-09-08;184;3291
119;1;2020-09-09;134;3425
120;1;2020-09-10;206;3631
121;1;2020-09-11;200;3831
122;1;2020-09-12;86;3917
123;1;2020-09-13;10;3927
124;1;2020-09-14;236;4163
125;1;2020-09-15;308;4471
126;1;2020-09-16;306;4777
127;1;2020-09-17;198;4975
128;1;2020-09-18;206;5181
129;1;2020-09-19;58;5239
130;1;2020-09-20;8;5247
131;1;2020-09-21;258;5505
132;1;2020-09-22;208;5713
133;1;2020-09-23;202;5915
134;1;2020-09-24;170;6085
135;1;2020-09-25;164;6249
136;1;2020-09-26;50;6299
137;1;2020-09-27;2;6301
138;1;2020-09-28;192;6493
139;1;2020-09-29;212;6705
140;1;2020-09-30;190;6895
141;1;2020-10-01;212;7107
142;1;2020-10-02;256;7363
143;1;2020-10-03;122;7485
144;1;2020-10-04;18;7503
145;1;2020-10-05;416;7919
146;1;2020-10-06;382;8301
147;1;2020-10-07;456;8757
148;1;2020-10-08;520;9277
149;1;2020-10-09;582;9859
150;1;2020-10-10;206;10065
151;1;2020-10-11;24;10089
152;1;2020-10-12;952;11041
153;1;2020-10-13;732;11773
154;1;2020-10-14;802;12575
155;1;2020-10-15;1080;13655
156;1;2020-10-16;1060;14715
157;1;2020-10-17;408;15123
158;1;2020-10-18;52;15175
159;1;2020-10-19;1500;16675
160;1;2020-10-20;1590;18265
161;1;2020-10-21;1590;19855
162;1;2020-10-22;1793;21648
163;1;2020-10-23;2022;23670
164;1;2020-10-24;726;24396
165;1;2020-10-25;146;24542
166;1;2020-10-26;2374;26916
167;1;2020-10-27;2360;29276
168;1;2020-10-28;2262;31538
169;1;2020-10-29;2280;33818
170;1;2020-10-30;2114;35932
171;1;2020-10-31;802;36734
172;1;2020-11-01;156;36890
173;1;2020-11-02;2662;39552
174;1;2020-11-03;2500;42052
175;1;2020-11-04;1880;43932
176;1;2020-11-05;1926;45858
177;1;2020-11-06;1630;47488
178;1;2020-11-07;540;48028
179;1;2020-11-08;84;48112
180;1;2020-11-09;1736;49848
181;1;2020-11-10;1330;51178
182;1;2020-11-11;98;51276
183;1;2020-11-12;1214;52490
184;1;2020-11-13;1030;53520
185;1;2020-11-14;338;53858
186;1;2020-11-15;62;53920
187;1;2020-11-16;1148;55068
188;1;2020-11-17;704;55772
189;1;2020-11-18;586;56358
190;1;2020-11-19;580;56938
191;1;2020-11-20;522;57460
192;1;2020-11-21;158;57618
193;1;2020-11-22;34;57652
194;1;2020-11-23;650;58302
195;1;2020-11-24;374;58676
196;1;2020-11-25;352;59028
197;1;2020-11-26;498;59526
198;1;2020-11-27;380;59906
199;1;2020-11-28;192;60098
200;1;2020-11-29;26;60124
201;1;2020-11-30;450;60574
202;1;2020-12-01;284;60858
203;1;2020-12-02;372;61230
204;1;2020-12-03;302;61532
205;1;2020-12-04;322;61854
206;1;2020-12-05;150;62004
207;1;2020-12-06;26;62030
208;1;2020-12-07;514;62544
209;1;2020-12-08;372;62916
210;1;2020-12-09;326;63242
211;1;2020-12-10;342;63584
212;1;2020-12-11;332;63916
213;1;2020-12-12;174;64090
214;1;2020-12-13;30;64120
215;1;2020-12-14;502;64622
216;1;2020-12-15;414;65036
217;1;2020-12-16;334;65370
218;1;2020-12-17;418;65788
219;1;2020-12-18;532;66320
220;1;2020-12-19;384;66704
221;1;2020-12-20;240;66944
222;1;2020-12-21;472;67416
223;1;2020-12-22;512;67928
224;1;2020-12-23;366;68294
225;1;2020-12-24;270;68564
226;1;2020-12-25;22;68586
227;1;2020-12-26;208;68794
228;1;2020-12-27;46;68840
229;1;2020-12-28;520;69360
230;1;2020-12-29;436;69796
231;1;2020-12-30;454;70250
232;1;2020-12-31;370;70620
233;1;2021-01-01;8;70628
234;1;2021-01-02;234;70862
235;1;2021-01-03;62;70924
236;1;2021-01-04;678;71602
237;1;2021-01-05;534;72136
238;1;2021-01-06;408;72544
239;1;2021-01-07;452;72996
240;1;2021-01-08;506;73502
241;1;2021-01-09;188;73690
242;1;2021-01-10;98;73788
243;1;2021-01-11;572;74360
244;1;2021-01-12;434;74794
245;1;2021-01-13;466;75260
246;1;2021-01-14;444;75704
247;1;2021-01-15;470;76174
248;1;2021-01-16;216;76390
249;1;2021-01-17;26;76416
250;1;2021-01-18;686;77102
251;1;2021-01-19;506;77608
252;1;2021-01-20;472;78080
253;1;2021-01-21;492;78572
254;1;2021-01-22;464;79036
255;1;2021-01-23;284;79320
256;1;2021-01-24;56;79376
257;1;2021-01-25;768;80144
258;1;2021-01-26;600;80744
259;1;2021-01-27;472;81216
260;1;2021-01-28;486;81702
261;1;2021-01-29;550;82252
262;1;2021-01-30;294;82546
263;1;2021-01-31;44;82590
264;1;2021-02-01;792;83382
265;1;2021-02-02;540;83922
266;1;2021-02-03;578;84500
267;1;2021-02-04;537;85037
268;1;2021-02-05;496;85533
269;1;2021-02-06;212;85745
270;1;2021-02-07;32;85777
271;1;2021-02-08;548;86325
272;1;2021-02-09;540;86865
273;1;2021-02-10;468;87333
274;1;2021-02-11;420;87753
275;1;2021-02-12;408;88161
276;1;2021-02-13;210;88371
277;1;2021-02-14;34;88405
278;1;2021-02-15;576;88981
279;1;2021-02-16;430;89411
280;1;2021-02-17;394;89805
281;1;2021-02-18;462;90267
282;1;2021-02-19;402;90669
283;1;2021-02-20;224;90893
284;1;2021-02-21;52;90945
285;1;2021-02-22;666;91611
286;1;2021-02-23;460;92071
287;1;2021-02-24;492;92563
288;1;2021-02-25;412;92975
289;1;2021-02-26;442;93417
290;1;2021-02-27;220;93637
291;1;2021-02-28;24;93661
292;1;2021-03-01;526;94187
293;1;2021-03-02;368;94555
294;1;2021-03-03;360;94915
295;1;2021-03-04;342;95257
296;1;2021-03-05;386;95643
297;1;2021-03-06;216;95859
298;1;2021-03-07;30;95889
299;1;2021-03-08;540;96429
300;1;2021-03-09;466;96895
301;1;2021-03-10;380;97275
302;1;2021-03-11;448;97723
303;1;2021-03-12;512;98235
304;1;2021-03-13;264;98499
305;1;2021-03-14;52;98551
306;1;2021-03-15;688;99239
307;1;2021-03-16;658;99897
308;1;2021-03-17;492;100389
309;1;2021-03-18;582;100971
310;1;2021-03-19;604;101575
311;1;2021-03-20;338;101913
312;1;2021-03-21;60;101973
313;1;2021-03-22;844;102817
314;1;2021-03-23;692;103509
315;1;2021-03-24;738;104247
316;1;2021-03-25;770;105017
317;1;2021-03-26;860;105877
318;1;2021-03-27;442;106319
319;1;2021-03-28;64;106383
320;1;2021-03-29;1088;107471
321;1;2021-03-30;916;108387
322;1;2021-03-31;866;109253
323;1;2021-04-01;998;110251
324;1;2021-04-02;904;111155
325;1;2021-04-03;470;111625
326;1;2021-04-04;78;111703
327;1;2021-04-05;100;111803
328;1;2021-04-06;1186;112989
329;1;2021-04-07;806;113795
330;1;2021-04-08;718;114513
331;1;2021-04-09;775;115288
332;1;2021-04-10;450;115738
333;1;2021-04-11;78;115816
334;1;2021-04-12;962;116778
335;1;2021-04-13;674;117452
336;1;2021-04-14;732;118184
337;1;2021-04-15;682;118866
338;2;2020-05-13;28;28
339;2;2020-05-14;29;57
340;2;2020-05-15;28;85
341;2;2020-05-16;14;99
342;2;2020-05-17;4;103
343;2;2020-05-18;12;115
344;2;2020-05-19;16;131
345;2;2020-05-20;28;159
346;2;2020-05-21;4;163
347;2;2020-05-22;16;179
348;2;2020-05-23;4;183
349;2;2020-05-24;2;185
350;2;2020-05-25;32;217
351;2;2020-05-26;16;233
352;2;2020-05-27;8;241
353;2;2020-05-28;22;263
354;2;2020-05-29;2;265
355;2;2020-05-30;6;271
356;2;2020-05-31;0;271
357;2;2020-06-01;4;275
358;2;2020-06-02;16;291
359;2;2020-06-03;8;299
360;2;2020-06-04;16;315
361;2;2020-06-05;12;327
362;2;2020-06-06;30;357
363;2;2020-06-07;8;365
364;2;2020-06-08;16;381
365;2;2020-06-09;20;401
366;2;2020-06-10;12;413
367;2;2020-06-11;10;423
368;2;2020-06-12;20;443
369;2;2020-06-13;2;445
370;2;2020-06-14;0;445
371;2;2020-06-15;12;457
372;2;2020-06-16;10;467
373;2;2020-06-17;20;487
374;2;2020-06-18;4;491
375;2;2020-06-19;0;491
376;2;2020-06-20;2;493
377;2;2020-06-21;0;493
378;2;2020-06-22;16;509
379;2;2020-06-23;10;519
380;2;2020-06-24;0;519
381;2;2020-06-25;10;529
382;2;2020-06-26;2;531
383;2;2020-06-27;2;533
384;2;2020-06-28;0;533
385;2;2020-06-29;8;541
386;2;2020-06-30;6;547
387;2;2020-07-01;4;551
388;2;2020-07-02;10;561
389;2;2020-07-03;6;567
390;2;2020-07-04;6;573
391;2;2020-07-05;0;573
392;2;2020-07-06;8;581
393;2;2020-07-07;8;589
394;2;2020-07-08;6;595
395;2;2020-07-09;10;605
396;2;2020-07-10;10;615
397;2;2020-07-11;4;619
398;2;2020-07-12;2;621
399;2;2020-07-13;8;629
400;2;2020-07-14;0;629
401;2;2020-07-15;0;629
402;2;2020-07-16;4;633
403;2;2020-07-17;6;639
404;2;2020-07-18;2;641
405;2;2020-07-19;0;641
406;2;2020-07-20;4;645
407;2;2020-07-21;8;653
408;2;2020-07-22;14;667
409;2;2020-07-23;8;675
410;2;2020-07-24;8;683
411;2;2020-07-25;4;687
412;2;2020-07-26;0;687
413;2;2020-07-27;10;697
414;2;2020-07-28;8;705
415;2;2020-07-29;2;707
416;2;2020-07-30;0;707
417;2;2020-07-31;4;711
418;2;2020-08-01;10;721
419;2;2020-08-02;0;721
420;2;2020-08-03;28;749
421;2;2020-08-04;8;757
422;2;2020-08-05;6;763
423;2;2020-08-06;2;765
424;2;2020-08-07;12;777
425;2;2020-08-08;0;777
426;2;2020-08-09;2;779
427;2;2020-08-10;18;797
428;2;2020-08-11;18;815
429;2;2020-08-12;12;827
430;2;2020-08-13;4;831
431;2;2020-08-14;0;831
432;2;2020-08-15;0;831
433;2;2020-08-16;2;833
434;2;2020-08-17;14;847
435;2;2020-08-18;18;865
436;2;2020-08-19;26;891
437;2;2020-08-20;22;913
438;2;2020-08-21;26;939
439;2;2020-08-22;28;967
440;2;2020-08-23;2;969
441;2;2020-08-24;18;987
442;2;2020-08-25;20;1007
443;2;2020-08-26;50;1057
444;2;2020-08-27;30;1087
445;2;2020-08-28;50;1137
446;2;2020-08-29;16;1153
447;2;2020-08-30;0;1153
448;2;2020-08-31;44;1197
449;2;2020-09-01;58;1255
450;2;2020-09-02;32;1287
451;2;2020-09-03;30;1317
452;2;2020-09-04;44;1361
453;2;2020-09-05;20;1381
454;2;2020-09-06;6;1387
455;2;2020-09-07;54;1441
456;2;2020-09-08;50;1491
457;2;2020-09-09;58;1549
458;2;2020-09-10;72;1621
459;2;2020-09-11;96;1717
460;2;2020-09-12;48;1765
461;2;2020-09-13;12;1777
462;2;2020-09-14;92;1869
463;2;2020-09-15;72;1941
464;2;2020-09-16;104;2045
465;2;2020-09-17;100;2145
466;2;2020-09-18;74;2219
467;2;2020-09-19;54;2273
468;2;2020-09-20;0;2273
469;2;2020-09-21;88;2361
470;2;2020-09-22;84;2445
471;2;2020-09-23;76;2521
472;2;2020-09-24;100;2621
473;2;2020-09-25;74;2695
474;2;2020-09-26;74;2769
475;2;2020-09-27;14;2783
476;2;2020-09-28;74;2857
477;2;2020-09-29;80;2937
478;2;2020-09-30;72;3009
479;2;2020-10-01;136;3145
480;2;2020-10-02;110;3255
481;2;2020-10-03;60;3315
482;2;2020-10-04;6;3321
483;2;2020-10-05;150;3471
484;2;2020-10-06;202;3673
485;2;2020-10-07;162;3835
486;2;2020-10-08;220;4055
487;2;2020-10-09;202;4257
488;2;2020-10-10;142;4399
489;2;2020-10-11;8;4407
490;2;2020-10-12;260;4667
491;2;2020-10-13;338;5005
492;2;2020-10-14;254;5259
493;2;2020-10-15;378;5637
494;2;2020-10-16;396;6033
495;2;2020-10-17;192;6225
496;2;2020-10-18;12;6237
497;2;2020-10-19;486;6723
498;2;2020-10-20;558;7281
499;2;2020-10-21;382;7663
500;2;2020-10-22;672;8335
501;2;2020-10-23;604;8939
502;2;2020-10-24;330;9269
503;2;2020-10-25;20;9289
504;2;2020-10-26;551;9840
505;2;2020-10-27;668;10508
506;2;2020-10-28;558;11066
507;2;2020-10-29;608;11674
508;2;2020-10-30;622;12296
509;2;2020-10-31;390;12686
510;2;2020-11-01;32;12718
511;2;2020-11-02;642;13360
512;2;2020-11-03;630;13990
513;2;2020-11-04;594;14584
514;2;2020-11-05;618;15202
515;2;2020-11-06;568;15770
516;2;2020-11-07;436;16206
517;2;2020-11-08;24;16230
518;2;2020-11-09;542;16772
519;2;2020-11-10;556;17328
520;2;2020-11-11;36;17364
521;2;2020-11-12;448;17812
522;2;2020-11-13;464;18276
523;2;2020-11-14;236;18512
524;2;2020-11-15;26;18538
525;2;2020-11-16;312;18850
526;2;2020-11-17;314;19164
527;2;2020-11-18;292;19456
528;2;2020-11-19;346;19802
529;2;2020-11-20;276;20078
530;2;2020-11-21;140;20218
531;2;2020-11-22;10;20228
532;2;2020-11-23;288;20516
533;2;2020-11-24;234;20750
534;2;2020-11-25;204;20954
535;2;2020-11-26;276;21230
536;2;2020-11-27;205;21435
537;2;2020-11-28;92;21527
538;2;2020-11-29;20;21547
539;2;2020-11-30;212;21759
540;2;2020-12-01;276;22035
541;2;2020-12-02;194;22229
542;2;2020-12-03;220;22449
543;2;2020-12-04;286;22735
544;2;2020-12-05;182;22917
545;2;2020-12-06;38;22955
546;2;2020-12-07;334;23289
547;2;2020-12-08;270;23559
548;2;2020-12-09;270;23829
549;2;2020-12-10;356;24185
550;2;2020-12-11;418;24603
551;2;2020-12-12;202;24805
552;2;2020-12-13;18;24823
553;2;2020-12-14;494;25317
554;2;2020-12-15;406;25723
555;2;2020-12-16;530;26253
556;2;2020-12-17;596;26849
557;2;2020-12-18;448;27297
558;2;2020-12-19;234;27531
559;2;2020-12-20;84;27615
560;2;2020-12-21;490;28105
561;2;2020-12-22;378;28483
562;2;2020-12-23;386;28869
563;2;2020-12-24;224;29093
564;2;2020-12-25;8;29101
565;2;2020-12-26;208;29309
566;2;2020-12-27;32;29341
567;2;2020-12-28;472;29813
568;2;2020-12-29;442;30255
569;2;2020-12-30;326;30581
570;2;2020-12-31;302;30883
571;2;2021-01-01;30;30913
572;2;2021-01-02;266;31179
573;2;2021-01-03;22;31201
574;2;2021-01-04;422;31623
575;2;2021-01-05;316;31939
576;2;2021-01-06;306;32245
577;2;2021-01-07;332;32577
578;2;2021-01-08;394;32971
579;2;2021-01-09;238;33209
580;2;2021-01-10;26;33235
581;2;2021-01-11;550;33785
582;2;2021-01-12;380;34165
583;2;2021-01-13;342;34507
584;2;2021-01-14;390;34897
585;2;2021-01-15;384;35281
586;2;2021-01-16;236;35517
587;2;2021-01-17;30;35547
588;2;2021-01-18;600;36147
589;2;2021-01-19;442;36589
590;2;2021-01-20;428;37017
591;2;2021-01-21;490;37507
592;2;2021-01-22;454;37961
593;2;2021-01-23;258;38219
594;2;2021-01-24;38;38257
595;2;2021-01-25;680;38937
596;2;2021-01-26;498;39435
597;2;2021-01-27;428;39863
598;2;2021-01-28;438;40301
599;2;2021-01-29;434;40735
600;2;2021-01-30;274;41009
601;2;2021-01-31;30;41039
602;2;2021-02-01;634;41673
603;2;2021-02-02;480;42153
604;2;2021-02-03;478;42631
605;2;2021-02-04;494;43125
606;2;2021-02-05;430;43555
607;2;2021-02-06;274;43829
608;2;2021-02-07;32;43861
609;2;2021-02-08;690;44551
610;2;2021-02-09;512;45063
611;2;2021-02-10;472;45535
612;2;2021-02-11;434;45969
613;2;2021-02-12;428;46397
614;2;2021-02-13;212;46609
615;2;2021-02-14;36;46645
616;2;2021-02-15;580;47225
617;2;2021-02-16;378;47603
618;2;2021-02-17;350;47953
619;2;2021-02-18;418;48371
620;2;2021-02-19;458;48829
621;2;2021-02-20;286;49115
622;2;2021-02-21;34;49149
623;2;2021-02-22;490;49639
624;2;2021-02-23;509;50148
625;2;2021-02-24;462;50610
626;2;2021-02-25;423;51033
627;2;2021-02-26;522;51555
628;2;2021-02-27;288;51843
629;2;2021-02-28;36;51879
630;2;2021-03-01;484;52363
631;2;2021-03-02;406;52769
632;2;2021-03-03;368;53137
633;2;2021-03-04;512;53649
634;2;2021-03-05;508;54157
635;2;2021-03-06;338;54495
636;2;2021-03-07;48;54543
637;2;2021-03-08;706;55249
638;2;2021-03-09;600;55849
639;2;2021-03-10;500;56349
640;2;2021-03-11;602;56951
641;2;2021-03-12;610;57561
642;2;2021-03-13;378;57939
643;2;2021-03-14;56;57995
644;2;2021-03-15;782;58777
645;2;2021-03-16;552;59329
646;2;2021-03-17;588;59917
647;2;2021-03-18;632;60549
648;2;2021-03-19;722;61271
649;2;2021-03-20;516;61787
650;2;2021-03-21;50;61837
651;2;2021-03-22;1072;62909
652;2;2021-03-23;752;63661
653;2;2021-03-24;772;64433
654;2;2021-03-25;776;65209
655;2;2021-03-26;830;66039
656;2;2021-03-27;514;66553
657;2;2021-03-28;64;66617
658;2;2021-03-29;1156;67773
659;2;2021-03-30;958;68731
660;2;2021-03-31;852;69583
661;2;2021-04-01;802;70385
662;2;2021-04-02;700;71085
663;2;2021-04-03;488;71573
664;2;2021-04-04;48;71621
665;2;2021-04-05;120;71741
666;2;2021-04-06;1148;72889
667;2;2021-04-07;816;73705
668;2;2021-04-08;718;74423
669;2;2021-04-09;776;75199
670;2;2021-04-10;440;75639
671;2;2021-04-11;86;75725
672;2;2021-04-12;968;76693
673;2;2021-04-13;672;77365
674;2;2021-04-14;694;78059
675;2;2021-04-15;750;78809
676;3;2020-05-13;0;0
677;3;2020-05-14;4;4
678;3;2020-05-15;4;8
679;3;2020-05-16;4;12
680;3;2020-05-17;2;14
681;3;2020-05-18;2;16
682;3;2020-05-19;8;24
683;3;2020-05-20;8;32
684;3;2020-05-21;0;32
685;3;2020-05-22;34;66
686;3;2020-05-23;2;68
687;3;2020-05-24;0;68
688;3;2020-05-25;8;76
689;3;2020-05-26;2;78
690;3;2020-05-27;0;78
691;3;2020-05-28;4;82
692;3;2020-05-29;4;86
693;3;2020-05-30;0;86
694;3;2020-05-31;0;86
695;3;2020-06-01;2;88
696;3;2020-06-02;2;90
697;3;2020-06-03;0;90
698;3;2020-06-04;2;92
699;3;2020-06-05;0;92
700;3;2020-06-06;0;92
701;3;2020-06-07;0;92
702;3;2020-06-08;0;92
703;3;2020-06-09;0;92
704;3;2020-06-10;2;94
705;3;2020-06-11;4;98
706;3;2020-06-12;6;104
707;3;2020-06-13;2;106
708;3;2020-06-14;0;106
709;3;2020-06-15;0;106
710;3;2020-06-16;6;112
711;3;2020-06-17;2;114
712;3;2020-06-18;2;116
713;3;2020-06-19;0;116
714;3;2020-06-20;0;116
715;3;2020-06-21;0;116
716;3;2020-06-22;0;116
717;3;2020-06-23;0;116
718;3;2020-06-24;2;118
719;3;2020-06-25;0;118
720;3;2020-06-26;4;122
721;3;2020-06-27;0;122
722;3;2020-06-28;0;122
723;3;2020-06-29;4;126
724;3;2020-06-30;1;127
725;3;2020-07-01;4;131
726;3;2020-07-02;2;133
727;3;2020-07-03;0;133
728;3;2020-07-04;2;135
729;3;2020-07-05;0;135
730;3;2020-07-06;0;135
731;3;2020-07-07;0;135
732;3;2020-07-08;2;137
733;3;2020-07-09;2;139
734;3;2020-07-10;2;141
735;3;2020-07-11;0;141
736;3;2020-07-12;0;141
737;3;2020-07-13;2;143
738;3;2020-07-14;0;143
739;3;2020-07-15;6;149
740;3;2020-07-16;6;155
741;3;2020-07-17;2;157
742;3;2020-07-18;0;157
743;3;2020-07-19;0;157
744;3;2020-07-20;0;157
745;3;2020-07-21;2;159
746;3;2020-07-22;10;169
747;3;2020-07-23;8;177
748;3;2020-07-24;2;179
749;3;2020-07-25;8;187
750;3;2020-07-26;0;187
751;3;2020-07-27;8;195
752;3;2020-07-28;0;195
753;3;2020-07-29;6;201
754;3;2020-07-30;0;201
755;3;2020-07-31;4;205
756;3;2020-08-01;0;205
757;3;2020-08-02;0;205
758;3;2020-08-03;10;215
759;3;2020-08-04;2;217
760;3;2020-08-05;0;217
761;3;2020-08-06;2;219
762;3;2020-08-07;2;221
763;3;2020-08-08;0;221
764;3;2020-08-09;0;221
765;3;2020-08-10;10;231
766;3;2020-08-11;4;235
767;3;2020-08-12;0;235
768;3;2020-08-13;4;239
769;3;2020-08-14;6;245
770;3;2020-08-15;0;245
771;3;2020-08-16;0;245
772;3;2020-08-17;18;263
773;3;2020-08-18;6;269
774;3;2020-08-19;8;277
775;3;2020-08-20;18;295
776;3;2020-08-21;12;307
777;3;2020-08-22;4;311
778;3;2020-08-23;0;311
779;3;2020-08-24;18;329
780;3;2020-08-25;18;347
781;3;2020-08-26;32;379
782;3;2020-08-27;10;389
783;3;2020-08-28;18;407
784;3;2020-08-29;20;427
785;3;2020-08-30;0;427
786;3;2020-08-31;20;447
787;3;2020-09-01;26;473
788;3;2020-09-02;28;501
789;3;2020-09-03;40;541
790;3;2020-09-04;18;559
791;3;2020-09-05;18;577
792;3;2020-09-06;0;577
793;3;2020-09-07;42;619
794;3;2020-09-08;42;661
795;3;2020-09-09;24;685
796;3;2020-09-10;46;731
797;3;2020-09-11;22;753
798;3;2020-09-12;24;777
799;3;2020-09-13;4;781
800;3;2020-09-14;46;827
801;3;2020-09-15;22;849
802;3;2020-09-16;52;901
803;3;2020-09-17;60;961
804;3;2020-09-18;50;1011
805;3;2020-09-19;24;1035
806;3;2020-09-20;6;1041
807;3;2020-09-21;44;1085
808;3;2020-09-22;34;1119
809;3;2020-09-23;20;1139
810;3;2020-09-24;32;1171
811;3;2020-09-25;54;1225
812;3;2020-09-26;8;1233
813;3;2020-09-27;2;1235
814;3;2020-09-28;34;1269
815;3;2020-09-29;28;1297
816;3;2020-09-30;30;1327
817;3;2020-10-01;38;1365
818;3;2020-10-02;96;1461
819;3;2020-10-03;22;1483
820;3;2020-10-04;0;1483
821;3;2020-10-05;66;1549
822;3;2020-10-06;62;1611
823;3;2020-10-07;84;1695
824;3;2020-10-08;102;1797
825;3;2020-10-09;154;1951
826;3;2020-10-10;78;2029
827;3;2020-10-11;4;2033
828;3;2020-10-12;150;2183
829;3;2020-10-13;196;2379
830;3;2020-10-14;112;2491
831;3;2020-10-15;206;2697
832;3;2020-10-16;218;2915
833;3;2020-10-17;135;3050
834;3;2020-10-18;28;3078
835;3;2020-10-19;414;3492
836;3;2020-10-20;448;3940
837;3;2020-10-21;494;4434
838;3;2020-10-22;516;4950
839;3;2020-10-23;572;5522
840;3;2020-10-24;252;5774
841;3;2020-10-25;28;5802
842;3;2020-10-26;876;6678
843;3;2020-10-27;624;7302
844;3;2020-10-28;628;7930
845;3;2020-10-29;688;8618
846;3;2020-10-30;724;9342
847;3;2020-10-31;340;9682
848;3;2020-11-01;44;9726
849;3;2020-11-02;880;10606
850;3;2020-11-03;690;11296
851;3;2020-11-04;614;11910
852;3;2020-11-05;510;12420
853;3;2020-11-06;590;13010
854;3;2020-11-07;256;13266
855;3;2020-11-08;24;13290
856;3;2020-11-09;678;13968
857;3;2020-11-10;572;14540
858;3;2020-11-11;46;14586
859;3;2020-11-12;608;15194
860;3;2020-11-13;478;15672
861;3;2020-11-14;132;15804
862;3;2020-11-15;14;15818
863;3;2020-11-16;344;16162
864;3;2020-11-17;262;16424
865;3;2020-11-18;194;16618
866;3;2020-11-19;216;16834
867;3;2020-11-20;188;17022
868;3;2020-11-21;130;17152
869;3;2020-11-22;28;17180
870;3;2020-11-23;270;17450
871;3;2020-11-24;224;17674
872;3;2020-11-25;144;17818
873;3;2020-11-26;144;17962
874;3;2020-11-27;178;18140
875;3;2020-11-28;88;18228
876;3;2020-11-29;34;18262
877;3;2020-11-30;250;18512
878;3;2020-12-01;150;18662
879;3;2020-12-02;152;18814
880;3;2020-12-03;146;18960
881;3;2020-12-04;248;19208
882;3;2020-12-05;80;19288
883;3;2020-12-06;10;19298
884;3;2020-12-07;288;19586
885;3;2020-12-08;212;19798
886;3;2020-12-09;194;19992
887;3;2020-12-10;242;20234
888;3;2020-12-11;168;20402
889;3;2020-12-12;122;20524
890;3;2020-12-13;14;20538
891;3;2020-12-14;394;20932
892;3;2020-12-15;234;21166
893;3;2020-12-16;249;21415
894;3;2020-12-17;310;21725
895;3;2020-12-18;294;22019
896;3;2020-12-19;216;22235
897;3;2020-12-20;88;22323
898;3;2020-12-21;439;22762
899;3;2020-12-22;312;23074
900;3;2020-12-23;254;23328
901;3;2020-12-24;206;23534
902;3;2020-12-25;12;23546
903;3;2020-12-26;152;23698
904;3;2020-12-27;22;23720
905;3;2020-12-28;392;24112
906;3;2020-12-29;238;24350
907;3;2020-12-30;316;24666
908;3;2020-12-31;274;24940
909;3;2021-01-01;20;24960
910;3;2021-01-02;250;25210
911;3;2021-01-03;18;25228
912;3;2021-01-04;466;25694
913;3;2021-01-05;256;25950
914;3;2021-01-06;238;26188
915;3;2021-01-07;326;26514
916;3;2021-01-08;240;26754
917;3;2021-01-09;154;26908
918;3;2021-01-10;24;26932
919;3;2021-01-11;328;27260
920;3;2021-01-12;264;27524
921;3;2021-01-13;252;27776
922;3;2021-01-14;228;28004
923;3;2021-01-15;228;28232
924;3;2021-01-16;122;28354
925;3;2021-01-17;16;28370
926;3;2021-01-18;294;28664
927;3;2021-01-19;236;28900
928;3;2021-01-20;258;29158
929;3;2021-01-21;209;29367
930;3;2021-01-22;260;29627
931;3;2021-01-23;160;29787
932;3;2021-01-24;12;29799
933;3;2021-01-25;320;30119
934;3;2021-01-26;202;30321
935;3;2021-01-27;172;30493
936;3;2021-01-28;202;30695
937;3;2021-01-29;224;30919
938;3;2021-01-30;106;31025
939;3;2021-01-31;16;31041
940;3;2021-02-01;250;31291
941;3;2021-02-02;216;31507
942;3;2021-02-03;182;31689
943;3;2021-02-04;194;31883
944;3;2021-02-05;196;32079
945;3;2021-02-06;88;32167
946;3;2021-02-07;14;32181
947;3;2021-02-08;278;32459
948;3;2021-02-09;154;32613
949;3;2021-02-10;138;32751
950;3;2021-02-11;116;32867
951;3;2021-02-12;96;32963
952;3;2021-02-13;80;33043
953;3;2021-02-14;6;33049
954;3;2021-02-15;212;33261
955;3;2021-02-16;192;33453
956;3;2021-02-17;160;33613
957;3;2021-02-18;138;33751
958;3;2021-02-19;220;33971
959;3;2021-02-20;88;34059
960;3;2021-02-21;8;34067
961;3;2021-02-22;208;34275
962;3;2021-02-23;126;34401
963;3;2021-02-24;110;34511
964;3;2021-02-25;138;34649
965;3;2021-02-26;156;34805
966;3;2021-02-27;78;34883
967;3;2021-02-28;8;34891
968;3;2021-03-01;114;35005
969;3;2021-03-02;116;35121
970;3;2021-03-03;112;35233
971;3;2021-03-04;114;35347
972;3;2021-03-05;144;35491
973;3;2021-03-06;78;35569
974;3;2021-03-07;20;35589
975;3;2021-03-08;258;35847
976;3;2021-03-09;158;36005
977;3;2021-03-10;154;36159
978;3;2021-03-11;178;36337
979;3;2021-03-12;190;36527
980;3;2021-03-13;110;36637
981;3;2021-03-14;16;36653
982;3;2021-03-15;258;36911
983;3;2021-03-16;208;37119
984;3;2021-03-17;182;37301
985;3;2021-03-18;156;37457
986;3;2021-03-19;208;37665
987;3;2021-03-20;102;37767
988;3;2021-03-21;14;37781
989;3;2021-03-22;270;38051
990;3;2021-03-23;208;38259
991;3;2021-03-24;262;38521
992;3;2021-03-25;276;38797
993;3;2021-03-26;230;39027
994;3;2021-03-27;174;39201
995;3;2021-03-28;16;39217
996;3;2021-03-29;410;39627
997;3;2021-03-30;268;39895
998;3;2021-03-31;280;40175
999;3;2021-04-01;320;40495
1000;3;2021-04-02;298;40793
1001;3;2021-04-03;158;40951
1002;3;2021-04-04;30;40981
1003;3;2021-04-05;36;41017
1004;3;2021-04-06;406;41423
1005;3;2021-04-07;344;41767
1006;3;2021-04-08;284;42051
1007;3;2021-04-09;236;42287
1008;3;2021-04-10;176;42463
1009;3;2021-04-11;20;42483
1010;3;2021-04-12;456;42939
1011;3;2021-04-13;350;43289
1012;3;2021-04-14;300;43589
1013;3;2021-04-15;222;43811
1014;4;2020-05-13;2;2
1015;4;2020-05-14;4;6
1016;4;2020-05-15;2;8
1017;4;2020-05-16;0;8
1018;4;2020-05-17;0;8
1019;4;2020-05-18;0;8
1020;4;2020-05-19;0;8
1021;4;2020-05-20;4;12
1022;4;2020-05-21;0;12
1023;4;2020-05-22;2;14
1024;4;2020-05-23;2;16
1025;4;2020-05-24;0;16
1026;4;2020-05-25;0;16
1027;4;2020-05-26;0;16
1028;4;2020-05-27;0;16
1029;4;2020-05-28;4;20
1030;4;2020-05-29;0;20
1031;4;2020-05-30;0;20
1032;4;2020-05-31;0;20
1033;4;2020-06-01;0;20
1034;4;2020-06-02;0;20
1035;4;2020-06-03;0;20
1036;4;2020-06-04;2;22
1037;4;2020-06-05;0;22
1038;4;2020-06-06;0;22
1039;4;2020-06-07;0;22
1040;4;2020-06-08;4;26
1041;4;2020-06-09;0;26
1042;4;2020-06-10;0;26
1043;4;2020-06-11;0;26
1044;4;2020-06-12;0;26
1045;4;2020-06-13;0;26
1046;4;2020-06-14;0;26
1047;4;2020-06-15;0;26
1048;4;2020-06-16;2;28
1049;4;2020-06-17;0;28
1050;4;2020-06-18;0;28
1051;4;2020-06-19;0;28
1052;4;2020-06-20;0;28
1053;4;2020-06-21;0;28
1054;4;2020-06-22;0;28
1055;4;2020-06-23;0;28
1056;4;2020-06-24;2;30
1057;4;2020-06-25;0;30
1058;4;2020-06-26;0;30
1059;4;2020-06-27;0;30
1060;4;2020-06-28;0;30
1061;4;2020-06-29;0;30
1062;4;2020-06-30;0;30
1063;4;2020-07-01;0;30
1064;4;2020-07-02;0;30
1065;4;2020-07-03;0;30
1066;4;2020-07-04;0;30
1067;4;2020-07-05;0;30
1068;4;2020-07-06;0;30
1069;4;2020-07-07;0;30
1070;4;2020-07-08;0;30
1071;4;2020-07-09;0;30
1072;4;2020-07-10;0;30
1073;4;2020-07-11;0;30
1074;4;2020-07-12;0;30
1075;4;2020-07-13;0;30
1076;4;2020-07-14;0;30
1077;4;2020-07-15;2;32
1078;4;2020-07-16;4;36
1079;4;2020-07-17;0;36
1080;4;2020-07-18;0;36
1081;4;2020-07-19;0;36
1082;4;2020-07-20;0;36
1083;4;2020-07-21;2;38
1084;4;2020-07-22;2;40
1085;4;2020-07-23;4;44
1086;4;2020-07-24;0;44
1087;4;2020-07-25;0;44
1088;4;2020-07-26;0;44
1089;4;2020-07-27;2;46
1090;4;2020-07-28;12;58
1091;4;2020-07-29;2;60
1092;4;2020-07-30;2;62
1093;4;2020-07-31;6;68
1094;4;2020-08-01;0;68
1095;4;2020-08-02;0;68
1096;4;2020-08-03;4;72
1097;4;2020-08-04;2;74
1098;4;2020-08-05;4;78
1099;4;2020-08-06;6;84
1100;4;2020-08-07;16;100
1101;4;2020-08-08;6;106
1102;4;2020-08-09;2;108
1103;4;2020-08-10;16;124
1104;4;2020-08-11;22;146
1105;4;2020-08-12;18;164
1106;4;2020-08-13;18;182
1107;4;2020-08-14;20;202
1108;4;2020-08-15;0;202
1109;4;2020-08-16;0;202
1110;4;2020-08-17;8;210
1111;4;2020-08-18;28;238
1112;4;2020-08-19;26;264
1113;4;2020-08-20;24;288
1114;4;2020-08-21;16;304
1115;4;2020-08-22;4;308
1116;4;2020-08-23;2;310
1117;4;2020-08-24;50;360
1118;4;2020-08-25;36;396
1119;4;2020-08-26;30;426
1120;4;2020-08-27;34;460
1121;4;2020-08-28;26;486
1122;4;2020-08-29;8;494
1123;4;2020-08-30;0;494
1124;4;2020-08-31;28;522
1125;4;2020-09-01;32;554
1126;4;2020-09-02;18;572
1127;4;2020-09-03;32;604
1128;4;2020-09-04;26;630
1129;4;2020-09-05;4;634
1130;4;2020-09-06;0;634
1131;4;2020-09-07;44;678
1132;4;2020-09-08;26;704
1133;4;2020-09-09;12;716
1134;4;2020-09-10;30;746
1135;4;2020-09-11;24;770
1136;4;2020-09-12;30;800
1137;4;2020-09-13;2;802
1138;4;2020-09-14;54;856
1139;4;2020-09-15;36;892
1140;4;2020-09-16;32;924
1141;4;2020-09-17;28;952
1142;4;2020-09-18;28;980
1143;4;2020-09-19;12;992
1144;4;2020-09-20;4;996
1145;4;2020-09-21;48;1044
1146;4;2020-09-22;54;1098
1147;4;2020-09-23;48;1146
1148;4;2020-09-24;60;1206
1149;4;2020-09-25;26;1232
1150;4;2020-09-26;16;1248
1151;4;2020-09-27;0;1248
1152;4;2020-09-28;36;1284
1153;4;2020-09-29;40;1324
1154;4;2020-09-30;22;1346
1155;4;2020-10-01;46;1392
1156;4;2020-10-02;28;1420
1157;4;2020-10-03;10;1430
1158;4;2020-10-04;6;1436
1159;4;2020-10-05;46;1482
1160;4;2020-10-06;52;1534
1161;4;2020-10-07;56;1590
1162;4;2020-10-08;59;1649
1163;4;2020-10-09;62;1711
1164;4;2020-10-10;32;1743
1165;4;2020-10-11;12;1755
1166;4;2020-10-12;80;1835
1167;4;2020-10-13;108;1943
1168;4;2020-10-14;110;2053
1169;4;2020-10-15;146;2199
1170;4;2020-10-16;80;2279
1171;4;2020-10-17;22;2301
1172;4;2020-10-18;12;2313
1173;4;2020-10-19;84;2397
1174;4;2020-10-20;130;2527
1175;4;2020-10-21;176;2703
1176;4;2020-10-22;248;2951
1177;4;2020-10-23;212;3163
1178;4;2020-10-24;96;3259
1179;4;2020-10-25;18;3277
1180;4;2020-10-26;301;3578
1181;4;2020-10-27;180;3758
1182;4;2020-10-28;196;3954
1183;4;2020-10-29;186;4140
1184;4;2020-10-30;218;4358
1185;4;2020-10-31;52;4410
1186;4;2020-11-01;42;4452
1187;4;2020-11-02;330;4782
1188;4;2020-11-03;291;5073
1189;4;2020-11-04;292;5365
1190;4;2020-11-05;258;5623
1191;4;2020-11-06;248;5871
1192;4;2020-11-07;74;5945
1193;4;2020-11-08;30;5975
1194;4;2020-11-09;288;6263
1195;4;2020-11-10;226;6489
1196;4;2020-11-11;36;6525
1197;4;2020-11-12;130;6655
1198;4;2020-11-13;180;6835
1199;4;2020-11-14;32;6867
1200;4;2020-11-15;26;6893
1201;4;2020-11-16;180;7073
1202;4;2020-11-17;138;7211
1203;4;2020-11-18;106;7317
1204;4;2020-11-19;130;7447
1205;4;2020-11-20;76;7523
1206;4;2020-11-21;52;7575
1207;4;2020-11-22;14;7589
1208;4;2020-11-23;89;7678
1209;4;2020-11-24;82;7760
1210;4;2020-11-25;82;7842
1211;4;2020-11-26;80;7922
1212;4;2020-11-27;68;7990
1213;4;2020-11-28;36;8026
1214;4;2020-11-29;8;8034
1215;4;2020-11-30;52;8086
1216;4;2020-12-01;72;8158
1217;4;2020-12-02;34;8192
1218;4;2020-12-03;58;8250
1219;4;2020-12-04;72;8322
1220;4;2020-12-05;10;8332
1221;4;2020-12-06;14;8346
1222;4;2020-12-07;56;8402
1223;4;2020-12-08;48;8450
1224;4;2020-12-09;46;8496
1225;4;2020-12-10;66;8562
1226;4;2020-12-11;34;8596
1227;4;2020-12-12;12;8608
1228;4;2020-12-13;2;8610
1229;4;2020-12-14;48;8658
1230;4;2020-12-15;36;8694
1231;4;2020-12-16;46;8740
1232;4;2020-12-17;68;8808
1233;4;2020-12-18;36;8844
1234;4;2020-12-19;8;8852
1235;4;2020-12-20;24;8876
1236;4;2020-12-21;68;8944
1237;4;2020-12-22;102;9046
1238;4;2020-12-23;64;9110
1239;4;2020-12-24;58;9168
1240;4;2020-12-25;8;9176
1241;4;2020-12-26;40;9216
1242;4;2020-12-27;14;9230
1243;4;2020-12-28;118;9348
1244;4;2020-12-29;202;9550
1245;4;2020-12-30;148;9698
1246;4;2020-12-31;112;9810
1247;4;2021-01-01;8;9818
1248;4;2021-01-02;66;9884
1249;4;2021-01-03;42;9926
1250;4;2021-01-04;140;10066
1251;4;2021-01-05;124;10190
1252;4;2021-01-06;102;10292
1253;4;2021-01-07;122;10414
1254;4;2021-01-08;98;10512
1255;4;2021-01-09;56;10568
1256;4;2021-01-10;20;10588
1257;4;2021-01-11;112;10700
1258;4;2021-01-12;106;10806
1259;4;2021-01-13;90;10896
1260;4;2021-01-14;130;11026
1261;4;2021-01-15;110;11136
1262;4;2021-01-16;56;11192
1263;4;2021-01-17;28;11220
1264;4;2021-01-18;154;11374
1265;4;2021-01-19;132;11506
1266;4;2021-01-20;94;11600
1267;4;2021-01-21;134;11734
1268;4;2021-01-22;170;11904
1269;4;2021-01-23;74;11978
1270;4;2021-01-24;22;12000
1271;4;2021-01-25;226;12226
1272;4;2021-01-26;128;12354
1273;4;2021-01-27;120;12474
1274;4;2021-01-28;136;12610
1275;4;2021-01-29;154;12764
1276;4;2021-01-30;60;12824
1277;4;2021-01-31;18;12842
1278;4;2021-02-01;110;12952
1279;4;2021-02-02;132;13084
1280;4;2021-02-03;152;13236
1281;4;2021-02-04;166;13402
1282;4;2021-02-05;154;13556
1283;4;2021-02-06;52;13608
1284;4;2021-02-07;20;13628
1285;4;2021-02-08;170;13798
1286;4;2021-02-09;124;13922
1287;4;2021-02-10;130;14052
1288;4;2021-02-11;152;14204
1289;4;2021-02-12;142;14346
1290;4;2021-02-13;48;14394
1291;4;2021-02-14;22;14416
1292;4;2021-02-15;152;14568
1293;4;2021-02-16;156;14724
1294;4;2021-02-17;126;14850
1295;4;2021-02-18;128;14978
1296;4;2021-02-19;116;15094
1297;4;2021-02-20;68;15162
1298;4;2021-02-21;16;15178
1299;4;2021-02-22;156;15334
1300;4;2021-02-23;140;15474
1301;4;2021-02-24;156;15630
1302;4;2021-02-25;156;15786
1303;4;2021-02-26;156;15942
1304;4;2021-02-27;64;16006
1305;4;2021-02-28;20;16026
1306;4;2021-03-01;178;16204
1307;4;2021-03-02;140;16344
1308;4;2021-03-03;142;16486
1309;4;2021-03-04;126;16612
1310;4;2021-03-05;146;16758
1311;4;2021-03-06;62;16820
1312;4;2021-03-07;14;16834
1313;4;2021-03-08;164;16998
1314;4;2021-03-09;110;17108
1315;4;2021-03-10;112;17220
1316;4;2021-03-11;156;17376
1317;4;2021-03-12;134;17510
1318;4;2021-03-13;60;17570
1319;4;2021-03-14;8;17578
1320;4;2021-03-15;162;17740
1321;4;2021-03-16;152;17892
1322;4;2021-03-17;162;18054
1323;4;2021-03-18;206;18260
1324;4;2021-03-19;204;18464
1325;4;2021-03-20;104;18568
1326;4;2021-03-21;24;18592
1327;4;2021-03-22;256;18848
1328;4;2021-03-23;222;19070
1329;4;2021-03-24;254;19324
1330;4;2021-03-25;286;19610
1331;4;2021-03-26;296;19906
1332;4;2021-03-27;102;20008
1333;4;2021-03-28;24;20032
1334;4;2021-03-29;314;20346
1335;4;2021-03-30;298;20644
1336;4;2021-03-31;236;20880
1337;4;2021-04-01;278;21158
1338;4;2021-04-02;260;21418
1339;4;2021-04-03;84;21502
1340;4;2021-04-04;28;21530
1341;4;2021-04-05;34;21564
1342;4;2021-04-06;274;21838
1343;4;2021-04-07;228;22066
1344;4;2021-04-08;192;22258
1345;4;2021-04-09;238;22496
1346;4;2021-04-10;106;22602
1347;4;2021-04-11;26;22628
1348;4;2021-04-12;290;22918
1349;4;2021-04-13;138;23056
1350;4;2021-04-14;124;23180
1351;4;2021-04-15;196;23376
1352;5;2020-05-13;0;0
1353;5;2020-05-14;14;14
1354;5;2020-05-15;0;14
1355;5;2020-05-16;0;14
1356;5;2020-05-17;0;14
1357;5;2020-05-18;4;18
1358;5;2020-05-19;10;28
1359;5;2020-05-20;4;32
1360;5;2020-05-21;0;32
1361;5;2020-05-22;0;32
1362;5;2020-05-23;0;32
1363;5;2020-05-24;0;32
1364;5;2020-05-25;0;32
1365;5;2020-05-26;2;34
1366;5;2020-05-27;2;36
1367;5;2020-05-28;0;36
1368;5;2020-05-29;0;36
1369;5;2020-05-30;0;36
1370;5;2020-05-31;0;36
1371;5;2020-06-01;0;36
1372;5;2020-06-02;4;40
1373;5;2020-06-03;0;40
1374;5;2020-06-04;0;40
1375;5;2020-06-05;0;40
1376;5;2020-06-06;0;40
1377;5;2020-06-07;0;40
1378;5;2020-06-08;0;40
1379;5;2020-06-09;0;40
1380;5;2020-06-10;0;40
1381;5;2020-06-11;2;42
1382;5;2020-06-12;0;42
1383;5;2020-06-13;0;42
1384;5;2020-06-14;0;42
1385;5;2020-06-15;0;42
1386;5;2020-06-16;0;42
1387;5;2020-06-17;0;42
1388;5;2020-06-18;0;42
1389;5;2020-06-19;0;42
1390;5;2020-06-20;0;42
1391;5;2020-06-21;0;42
1392;5;2020-06-22;0;42
1393;5;2020-06-23;0;42
1394;5;2020-06-24;0;42
1395;5;2020-06-25;0;42
1396;5;2020-06-26;0;42
1397;5;2020-06-27;0;42
1398;5;2020-06-28;0;42
1399;5;2020-06-29;2;44
1400;5;2020-06-30;0;44
1401;5;2020-07-01;0;44
1402;5;2020-07-02;0;44
1403;5;2020-07-03;0;44
1404;5;2020-07-04;0;44
1405;5;2020-07-05;0;44
1406;5;2020-07-06;0;44
1407;5;2020-07-07;0;44
1408;5;2020-07-08;0;44
1409;5;2020-07-09;0;44
1410;5;2020-07-10;0;44
1411;5;2020-07-11;0;44
1412;5;2020-07-12;0;44
1413;5;2020-07-13;2;46
1414;5;2020-07-14;0;46
1415;5;2020-07-15;2;48
1416;5;2020-07-16;0;48
1417;5;2020-07-17;0;48
1418;5;2020-07-18;0;48
1419;5;2020-07-19;0;48
1420;5;2020-07-20;0;48
1421;5;2020-07-21;0;48
1422;5;2020-07-22;0;48
1423;5;2020-07-23;0;48
1424;5;2020-07-24;0;48
1425;5;2020-07-25;2;50
1426;5;2020-07-26;0;50
1427;5;2020-07-27;0;50
1428;5;2020-07-28;0;50
1429;5;2020-07-29;2;52
1430;5;2020-07-30;0;52
1431;5;2020-07-31;0;52
1432;5;2020-08-01;0;52
1433;5;2020-08-02;0;52
1434;5;2020-08-03;2;54
1435;5;2020-08-04;4;58
1436;5;2020-08-05;4;62
1437;5;2020-08-06;6;68
1438;5;2020-08-07;6;74
1439;5;2020-08-08;4;78
1440;5;2020-08-09;4;82
1441;5;2020-08-10;6;88
1442;5;2020-08-11;4;92
1443;5;2020-08-12;4;96
1444;5;2020-08-13;10;106
1445;5;2020-08-14;8;114
1446;5;2020-08-15;4;118
1447;5;2020-08-16;6;124
1448;5;2020-08-17;16;140
1449;5;2020-08-18;18;158
1450;5;2020-08-19;12;170
1451;5;2020-08-20;0;170
1452;5;2020-08-21;0;170
1453;5;2020-08-22;0;170
1454;5;2020-08-23;0;170
1455;5;2020-08-24;14;184
1456;5;2020-08-25;12;196
1457;5;2020-08-26;10;206
1458;5;2020-08-27;22;228
1459;5;2020-08-28;24;252
1460;5;2020-08-29;4;256
1461;5;2020-08-30;0;256
1462;5;2020-08-31;16;272
1463;5;2020-09-01;8;280
1464;5;2020-09-02;16;296
1465;5;2020-09-03;16;312
1466;5;2020-09-04;18;330
1467;5;2020-09-05;8;338
1468;5;2020-09-06;2;340
1469;5;2020-09-07;42;382
1470;5;2020-09-08;12;394
1471;5;2020-09-09;36;430
1472;5;2020-09-10;32;462
1473;5;2020-09-11;10;472
1474;5;2020-09-12;2;474
1475;5;2020-09-13;4;478
1476;5;2020-09-14;36;514
1477;5;2020-09-15;30;544
1478;5;2020-09-16;18;562
1479;5;2020-09-17;28;590
1480;5;2020-09-18;24;614
1481;5;2020-09-19;2;616
1482;5;2020-09-20;2;618
1483;5;2020-09-21;38;656
1484;5;2020-09-22;42;698
1485;5;2020-09-23;26;724
1486;5;2020-09-24;26;750
1487;5;2020-09-25;12;762
1488;5;2020-09-26;2;764
1489;5;2020-09-27;4;768
1490;5;2020-09-28;36;804
1491;5;2020-09-29;8;812
1492;5;2020-09-30;16;828
1493;5;2020-10-01;36;864
1494;5;2020-10-02;112;976
1495;5;2020-10-03;4;980
1496;5;2020-10-04;42;1022
1497;5;2020-10-05;58;1080
1498;5;2020-10-06;64;1144
1499;5;2020-10-07;66;1210
1500;5;2020-10-08;68;1278
1501;5;2020-10-09;108;1386
1502;5;2020-10-10;32;1418
1503;5;2020-10-11;46;1464
1504;5;2020-10-12;152;1616
1505;5;2020-10-13;96;1712
1506;5;2020-10-14;132;1844
1507;5;2020-10-15;170;2014
1508;5;2020-10-16;190;2204
1509;5;2020-10-17;60;2264
1510;5;2020-10-18;80;2344
1511;5;2020-10-19;194;2538
1512;5;2020-10-20;200;2738
1513;5;2020-10-21;246;2984
1514;5;2020-10-22;302;3286
1515;5;2020-10-23;216;3502
1516;5;2020-10-24;172;3674
1517;5;2020-10-25;74;3748
1518;5;2020-10-26;324;4072
1519;5;2020-10-27;406;4478
1520;5;2020-10-28;490;4968
1521;5;2020-10-29;408;5376
1522;5;2020-10-30;316;5692
1523;5;2020-10-31;82;5774
1524;5;2020-11-01;92;5866
1525;5;2020-11-02;382;6248
1526;5;2020-11-03;406;6654
1527;5;2020-11-04;356;7010
1528;5;2020-11-05;484;7494
1529;5;2020-11-06;340;7834
1530;5;2020-11-07;48;7882
1531;5;2020-11-08;48;7930
1532;5;2020-11-09;400;8330
1533;5;2020-11-10;316;8646
1534;5;2020-11-11;50;8696
1535;5;2020-11-12;218;8914
1536;5;2020-11-13;194;9108
1537;5;2020-11-14;32;9140
1538;5;2020-11-15;62;9202
1539;5;2020-11-16;282;9484
1540;5;2020-11-17;188;9672
1541;5;2020-11-18;186;9858
1542;5;2020-11-19;130;9988
1543;5;2020-11-20;146;10134
1544;5;2020-11-21;26;10160
1545;5;2020-11-22;18;10178
1546;5;2020-11-23;154;10332
1547;5;2020-11-24;128;10460
1548;5;2020-11-25;118;10578
1549;5;2020-11-26;76;10654
1550;5;2020-11-27;100;10754
1551;5;2020-11-28;28;10782
1552;5;2020-11-29;10;10792
1553;5;2020-11-30;96;10888
1554;5;2020-12-01;72;10960
1555;5;2020-12-02;66;11026
1556;5;2020-12-03;60;11086
1557;5;2020-12-04;42;11128
1558;5;2020-12-05;36;11164
1559;5;2020-12-06;4;11168
1560;5;2020-12-07;90;11258
1561;5;2020-12-08;80;11338
1562;5;2020-12-09;60;11398
1563;5;2020-12-10;66;11464
1564;5;2020-12-11;56;11520
1565;5;2020-12-12;24;11544
1566;5;2020-12-13;18;11562
1567;5;2020-12-14;110;11672
1568;5;2020-12-15;76;11748
1569;5;2020-12-16;76;11824
1570;5;2020-12-17;108;11932
1571;5;2020-12-18;84;12016
1572;5;2020-12-19;48;12064
1573;5;2020-12-20;28;12092
1574;5;2020-12-21;142;12234
1575;5;2020-12-22;118;12352
1576;5;2020-12-23;162;12514
1577;5;2020-12-24;166;12680
1578;5;2020-12-25;24;12704
1579;5;2020-12-26;90;12794
1580;5;2020-12-27;22;12816
1581;5;2020-12-28;212;13028
1582;5;2020-12-29;186;13214
1583;5;2020-12-30;174;13388
1584;5;2020-12-31;156;13544
1585;5;2021-01-01;8;13552
1586;5;2021-01-02;62;13614
1587;5;2021-01-03;36;13650
1588;5;2021-01-04;216;13866
1589;5;2021-01-05;130;13996
1590;5;2021-01-06;158;14154
1591;5;2021-01-07;126;14280
1592;5;2021-01-08;114;14394
1593;5;2021-01-09;62;14456
1594;5;2021-01-10;16;14472
1595;5;2021-01-11;160;14632
1596;5;2021-01-12;138;14770
1597;5;2021-01-13;118;14888
1598;5;2021-01-14;106;14994
1599;5;2021-01-15;164;15158
1600;5;2021-01-16;60;15218
1601;5;2021-01-17;6;15224
1602;5;2021-01-18;188;15412
1603;5;2021-01-19;106;15518
1604;5;2021-01-20;146;15664
1605;5;2021-01-21;128;15792
1606;5;2021-01-22;114;15906
1607;5;2021-01-23;32;15938
1608;5;2021-01-24;20;15958
1609;5;2021-01-25;120;16078
1610;5;2021-01-26;92;16170
1611;5;2021-01-27;138;16308
1612;5;2021-01-28;122;16430
1613;5;2021-01-29;82;16512
1614;5;2021-01-30;42;16554
1615;5;2021-01-31;16;16570
1616;5;2021-02-01;136;16706
1617;5;2021-02-02;138;16844
1618;5;2021-02-03;100;16944
1619;5;2021-02-04;110;17054
1620;5;2021-02-05;102;17156
1621;5;2021-02-06;50;17206
1622;5;2021-02-07;20;17226
1623;5;2021-02-08;152;17378
1624;5;2021-02-09;132;17510
1625;5;2021-02-10;94;17604
1626;5;2021-02-11;122;17726
1627;5;2021-02-12;132;17858
1628;5;2021-02-13;62;17920
1629;5;2021-02-14;18;17938
1630;5;2021-02-15;130;18068
1631;5;2021-02-16;112;18180
1632;5;2021-02-17;78;18258
1633;5;2021-02-18;80;18338
1634;5;2021-02-19;92;18430
1635;5;2021-02-20;86;18516
1636;5;2021-02-21;22;18538
1637;5;2021-02-22;158;18696
1638;5;2021-02-23;152;18848
1639;5;2021-02-24;168;19016
1640;5;2021-02-25;142;19158
1641;5;2021-02-26;120;19278
1642;5;2021-02-27;56;19334
1643;5;2021-02-28;12;19346
1644;5;2021-03-01;156;19502
1645;5;2021-03-02;114;19616
1646;5;2021-03-03;112;19728
1647;5;2021-03-04;104;19832
1648;5;2021-03-05;116;19948
1649;5;2021-03-06;92;20040
1650;5;2021-03-07;8;20048
1651;5;2021-03-08;196;20244
1652;5;2021-03-09;136;20380
1653;5;2021-03-10;112;20492
1654;5;2021-03-11;118;20610
1655;5;2021-03-12;162;20772
1656;5;2021-03-13;76;20848
1657;5;2021-03-14;12;20860
1658;5;2021-03-15;198;21058
1659;5;2021-03-16;134;21192
1660;5;2021-03-17;76;21268
1661;5;2021-03-18;110;21378
1662;5;2021-03-19;112;21490
1663;5;2021-03-20;86;21576
1664;5;2021-03-21;12;21588
1665;5;2021-03-22;222;21810
1666;5;2021-03-23;204;22014
1667;5;2021-03-24;208;22222
1668;5;2021-03-25;210;22432
1669;5;2021-03-26;212;22644
1670;5;2021-03-27;146;22790
1671;5;2021-03-28;26;22816
1672;5;2021-03-29;326;23142
1673;5;2021-03-30;232;23374
1674;5;2021-03-31;155;23529
1675;5;2021-04-01;166;23695
1676;5;2021-04-02;178;23873
1677;5;2021-04-03;64;23937
1678;5;2021-04-04;24;23961
1679;5;2021-04-05;38;23999
1680;5;2021-04-06;160;24159
1681;5;2021-04-07;184;24343
1682;5;2021-04-08;200;24543
1683;5;2021-04-09;130;24673
1684;5;2021-04-10;102;24775
1685;5;2021-04-11;12;24787
1686;5;2021-04-12;184;24971
1687;5;2021-04-13;146;25117
1688;5;2021-04-14;82;25199
1689;5;2021-04-15;122;25321
1690;6;2020-05-13;38;38
1691;6;2020-05-14;48;86
1692;6;2020-05-15;40;126
1693;6;2020-05-16;4;130
1694;6;2020-05-17;4;134
1695;6;2020-05-18;96;230
1696;6;2020-05-19;24;254
1697;6;2020-05-20;10;264
1698;6;2020-05-21;4;268
1699;6;2020-05-22;8;276
1700;6;2020-05-23;6;282
1701;6;2020-05-24;2;284
1702;6;2020-05-25;26;310
1703;6;2020-05-26;26;336
1704;6;2020-05-27;24;360
1705;6;2020-05-28;10;370
1706;6;2020-05-29;6;376
1707;6;2020-05-30;2;378
1708;6;2020-05-31;0;378
1709;6;2020-06-01;0;378
1710;6;2020-06-02;24;402
1711;6;2020-06-03;22;424
1712;6;2020-06-04;18;442
1713;6;2020-06-05;16;458
1714;6;2020-06-06;6;464
1715;6;2020-06-07;4;468
1716;6;2020-06-08;8;476
1717;6;2020-06-09;8;484
1718;6;2020-06-10;14;498
1719;6;2020-06-11;8;506
1720;6;2020-06-12;4;510
1721;6;2020-06-13;0;510
1722;6;2020-06-14;2;512
1723;6;2020-06-15;2;514
1724;6;2020-06-16;2;516
1725;6;2020-06-17;4;520
1726;6;2020-06-18;0;520
1727;6;2020-06-19;10;530
1728;6;2020-06-20;0;530
1729;6;2020-06-21;0;530
1730;6;2020-06-22;4;534
1731;6;2020-06-23;2;536
1732;6;2020-06-24;6;542
1733;6;2020-06-25;6;548
1734;6;2020-06-26;8;556
1735;6;2020-06-27;0;556
1736;6;2020-06-28;0;556
1737;6;2020-06-29;6;562
1738;6;2020-06-30;8;570
1739;6;2020-07-01;4;574
1740;6;2020-07-02;4;578
1741;6;2020-07-03;4;582
1742;6;2020-07-04;4;586
1743;6;2020-07-05;0;586
1744;6;2020-07-06;6;592
1745;6;2020-07-07;6;598
1746;6;2020-07-08;2;600
1747;6;2020-07-09;24;624
1748;6;2020-07-10;6;630
1749;6;2020-07-11;4;634
1750;6;2020-07-12;0;634
1751;6;2020-07-13;14;648
1752;6;2020-07-14;6;654
1753;6;2020-07-15;16;670
1754;6;2020-07-16;10;680
1755;6;2020-07-17;30;710
1756;6;2020-07-18;10;720
1757;6;2020-07-19;4;724
1758;6;2020-07-20;32;756
1759;6;2020-07-21;26;782
1760;6;2020-07-22;26;808
1761;6;2020-07-23;32;840
1762;6;2020-07-24;98;938
1763;6;2020-07-25;18;956
1764;6;2020-07-26;16;972
1765;6;2020-07-27;40;1012
1766;6;2020-07-28;32;1044
1767;6;2020-07-29;50;1094
1768;6;2020-07-30;94;1188
1769;6;2020-07-31;78;1266
1770;6;2020-08-01;90;1356
1771;6;2020-08-02;2;1358
1772;6;2020-08-03;100;1458
1773;6;2020-08-04;120;1578
1774;6;2020-08-05;130;1708
1775;6;2020-08-06;128;1836
1776;6;2020-08-07;158;1994
1777;6;2020-08-08;64;2058
1778;6;2020-08-09;6;2064
1779;6;2020-08-10;242;2306
1780;6;2020-08-11;200;2506
1781;6;2020-08-12;194;2700
1782;6;2020-08-13;256;2956
1783;6;2020-08-14;260;3216
1784;6;2020-08-15;30;3246
1785;6;2020-08-16;6;3252
1786;6;2020-08-17;408;3660
1787;6;2020-08-18;354;4014
1788;6;2020-08-19;552;4566
1789;6;2020-08-20;362;4928
1790;6;2020-08-21;474;5402
1791;6;2020-08-22;156;5558
1792;6;2020-08-23;22;5580
1793;6;2020-08-24;584;6164
1794;6;2020-08-25;556;6720
1795;6;2020-08-26;392;7112
1796;6;2020-08-27;600;7712
1797;6;2020-08-28;512;8224
1798;6;2020-08-29;150;8374
1799;6;2020-08-30;22;8396
1800;6;2020-08-31;598;8994
1801;6;2020-09-01;464;9458
1802;6;2020-09-02;503;9961
1803;6;2020-09-03;552;10513
1804;6;2020-09-04;562;11075
1805;6;2020-09-05;222;11297
1806;6;2020-09-06;64;11361
1807;6;2020-09-07;654;12015
1808;6;2020-09-08;624;12639
1809;6;2020-09-09;686;13325
1810;6;2020-09-10;564;13889
1811;6;2020-09-11;608;14497
1812;6;2020-09-12;192;14689
1813;6;2020-09-13;52;14741
1814;6;2020-09-14;706;15447
1815;6;2020-09-15;584;16031
1816;6;2020-09-16;562;16593
1817;6;2020-09-17;451;17044
1818;6;2020-09-18;466;17510
1819;6;2020-09-19;122;17632
1820;6;2020-09-20;14;17646
1821;6;2020-09-21;562;18208
1822;6;2020-09-22;280;18488
1823;6;2020-09-23;388;18876
1824;6;2020-09-24;286;19162
1825;6;2020-09-25;280;19442
1826;6;2020-09-26;110;19552
1827;6;2020-09-27;22;19574
1828;6;2020-09-28;350;19924
1829;6;2020-09-29;280;20204
1830;6;2020-09-30;312;20516
1831;6;2020-10-01;292;20808
1832;6;2020-10-02;268;21076
1833;6;2020-10-03;128;21204
1834;6;2020-10-04;28;21232
1835;6;2020-10-05;548;21780
1836;6;2020-10-06;392;22172
1837;6;2020-10-07;426;22598
1838;6;2020-10-08;506;23104
1839;6;2020-10-09;426;23530
1840;6;2020-10-10;188;23718
1841;6;2020-10-11;42;23760
1842;6;2020-10-12;816;24576
1843;6;2020-10-13;570;25146
1844;6;2020-10-14;676;25822
1845;6;2020-10-15;612;26434
1846;6;2020-10-16;742;27176
1847;6;2020-10-17;190;27366
1848;6;2020-10-18;26;27392
1849;6;2020-10-19;938;28330
1850;6;2020-10-20;750;29080
1851;6;2020-10-21;936;30016
1852;6;2020-10-22;1070;31086
1853;6;2020-10-23;1138;32224
1854;6;2020-10-24;322;32546
1855;6;2020-10-25;107;32653
1856;6;2020-10-26;1462;34115
1857;6;2020-10-27;1376;35491
1858;6;2020-10-28;1240;36731
1859;6;2020-10-29;1342;38073
1860;6;2020-10-30;1438;39511
1861;6;2020-10-31;422;39933
1862;6;2020-11-01;150;40083
1863;6;2020-11-02;1686;41769
1864;6;2020-11-03;1612;43381
1865;6;2020-11-04;1386;44767
1866;6;2020-11-05;1310;46077
1867;6;2020-11-06;1458;47535
1868;6;2020-11-07;380;47915
1869;6;2020-11-08;88;48003
1870;6;2020-11-09;1429;49432
1871;6;2020-11-10;1078;50510
1872;6;2020-11-11;80;50590
1873;6;2020-11-12;1104;51694
1874;6;2020-11-13;854;52548
1875;6;2020-11-14;296;52844
1876;6;2020-11-15;46;52890
1877;6;2020-11-16;1080;53970
1878;6;2020-11-17;744;54714
1879;6;2020-11-18;640;55354
1880;6;2020-11-19;492;55846
1881;6;2020-11-20;560;56406
1882;6;2020-11-21;284;56690
1883;6;2020-11-22;50;56740
1884;6;2020-11-23;638;57378
1885;6;2020-11-24;582;57960
1886;6;2020-11-25;494;58454
1887;6;2020-11-26;480;58934
1888;6;2020-11-27;524;59458
1889;6;2020-11-28;226;59684
1890;6;2020-11-29;62;59746
1891;6;2020-11-30;728;60474
1892;6;2020-12-01;536;61010
1893;6;2020-12-02;564;61574
1894;6;2020-12-03;520;62094
1895;6;2020-12-04;666;62760
1896;6;2020-12-05;258;63018
1897;6;2020-12-06;46;63064
1898;6;2020-12-07;728;63792
1899;6;2020-12-08;576;64368
1900;6;2020-12-09;674;65042
1901;6;2020-12-10;544;65586
1902;6;2020-12-11;550;66136
1903;6;2020-12-12;392;66528
1904;6;2020-12-13;76;66604
1905;6;2020-12-14;1012;67616
1906;6;2020-12-15;954;68570
1907;6;2020-12-16;926;69496
1908;6;2020-12-17;942;70438
1909;6;2020-12-18;1098;71536
1910;6;2020-12-19;700;72236
1911;6;2020-12-20;204;72440
1912;6;2020-12-21;1626;74066
1913;6;2020-12-22;1500;75566
1914;6;2020-12-23;1318;76884
1915;6;2020-12-24;966;77850
1916;6;2020-12-25;62;77912
1917;6;2020-12-26;766;78678
1918;6;2020-12-27;210;78888
1919;6;2020-12-28;1822;80710
1920;6;2020-12-29;1566;82276
1921;6;2020-12-30;1684;83960
1922;6;2020-12-31;1104;85064
1923;6;2021-01-01;68;85132
1924;6;2021-01-02;884;86016
1925;6;2021-01-03;276;86292
1926;6;2021-01-04;2188;88480
1927;6;2021-01-05;1818;90298
1928;6;2021-01-06;1600;91898
1929;6;2021-01-07;1588;93486
1930;6;2021-01-08;1750;95236
1931;6;2021-01-09;802;96038
1932;6;2021-01-10;180;96218
1933;6;2021-01-11;2341;98559
1934;6;2021-01-12;1559;100118
1935;6;2021-01-13;1478;101596
1936;6;2021-01-14;1471;103067
1937;6;2021-01-15;1616;104683
1938;6;2021-01-16;754;105437
1939;6;2021-01-17;148;105585
1940;6;2021-01-18;2182;107767
1941;6;2021-01-19;1846;109613
1942;6;2021-01-20;1486;111099
1943;6;2021-01-21;1546;112645
1944;6;2021-01-22;1676;114321
1945;6;2021-01-23;888;115209
1946;6;2021-01-24;244;115453
1947;6;2021-01-25;2316;117769
1948;6;2021-01-26;1618;119387
1949;6;2021-01-27;1528;120915
1950;6;2021-01-28;1546;122461
1951;6;2021-01-29;1722;124183
1952;6;2021-01-30;942;125125
1953;6;2021-01-31;194;125319
1954;6;2021-02-01;2206;127525
1955;6;2021-02-02;1598;129123
1956;6;2021-02-03;1603;130726
1957;6;2021-02-04;1644;132370
1958;6;2021-02-05;1780;134150
1959;6;2021-02-06;956;135106
1960;6;2021-02-07;232;135338
1961;6;2021-02-08;2296;137634
1962;6;2021-02-09;2280;139914
1963;6;2021-02-10;2530;142444
1964;6;2021-02-11;2374;144818
1965;6;2021-02-12;1996;146814
1966;6;2021-02-13;1144;147958
1967;6;2021-02-14;276;148234
1968;6;2021-02-15;2528;150762
1969;6;2021-02-16;2094;152856
1970;6;2021-02-17;2068;154924
1971;6;2021-02-18;2230;157154
1972;6;2021-02-19;2412;159566
1973;6;2021-02-20;1464;161030
1974;6;2021-02-21;260;161290
1975;6;2021-02-22;3048;164338
1976;6;2021-02-23;2264;166602
1977;6;2021-02-24;2182;168784
1978;6;2021-02-25;1800;170584
1979;6;2021-02-26;1806;172390
1980;6;2021-02-27;882;173272
1981;6;2021-02-28;250;173522
1982;6;2021-03-01;2654;176176
1983;6;2021-03-02;1878;178054
1984;6;2021-03-03;1720;179774
1985;6;2021-03-04;1488;181262
1986;6;2021-03-05;1538;182800
1987;6;2021-03-06;1048;183848
1988;6;2021-03-07;366;184214
1989;6;2021-03-08;2338;186552
1990;6;2021-03-09;1816;188368
1991;6;2021-03-10;1744;190112
1992;6;2021-03-11;1656;191768
1993;6;2021-03-12;1784;193552
1994;6;2021-03-13;900;194452
1995;6;2021-03-14;198;194650
1996;6;2021-03-15;2334;196984
1997;6;2021-03-16;1525;198509
1998;6;2021-03-17;1352;199861
1999;6;2021-03-18;1212;201073
2000;6;2021-03-19;1436;202509
2001;6;2021-03-20;816;203325
2002;6;2021-03-21;264;203589
2003;6;2021-03-22;2312;205901
2004;6;2021-03-23;1638;207539
2005;6;2021-03-24;1765;209304
2006;6;2021-03-25;1694;210998
2007;6;2021-03-26;1682;212680
2008;6;2021-03-27;1010;213690
2009;6;2021-03-28;216;213906
2010;6;2021-03-29;2377;216283
2011;6;2021-03-30;1778;218061
2012;6;2021-03-31;1438;219499
2013;6;2021-04-01;1436;220935
2014;6;2021-04-02;1244;222179
2015;6;2021-04-03;728;222907
2016;6;2021-04-04;220;223127
2017;6;2021-04-05;266;223393
2018;6;2021-04-06;1818;225211
2019;6;2021-04-07;1196;226407
2020;6;2021-04-08;966;227373
2021;6;2021-04-09;1006;228379
2022;6;2021-04-10;516;228895
2023;6;2021-04-11;152;229047
2024;6;2021-04-12;1156;230203
2025;6;2021-04-13;704;230907
2026;6;2021-04-14;736;231643
2027;6;2021-04-15;678;232321
2028;7;2020-05-13;8;8
2029;7;2020-05-14;8;16
2030;7;2020-05-15;10;26
2031;7;2020-05-16;0;26
2032;7;2020-05-17;0;26
2033;7;2020-05-18;4;30
2034;7;2020-05-19;2;32
2035;7;2020-05-20;2;34
2036;7;2020-05-21;0;34
2037;7;2020-05-22;2;36
2038;7;2020-05-23;4;40
2039;7;2020-05-24;0;40
2040;7;2020-05-25;2;42
2041;7;2020-05-26;4;46
2042;7;2020-05-27;5;51
2043;7;2020-05-28;4;55
2044;7;2020-05-29;12;67
2045;7;2020-05-30;8;75
2046;7;2020-05-31;2;77
2047;7;2020-06-01;0;77
2048;7;2020-06-02;8;85
2049;7;2020-06-03;2;87
2050;7;2020-06-04;2;89
2051;7;2020-06-05;5;94
2052;7;2020-06-06;0;94
2053;7;2020-06-07;6;100
2054;7;2020-06-08;6;106
2055;7;2020-06-09;6;112
2056;7;2020-06-10;8;120
2057;7;2020-06-11;18;138
2058;7;2020-06-12;12;150
2059;7;2020-06-13;0;150
2060;7;2020-06-14;2;152
2061;7;2020-06-15;16;168
2062;7;2020-06-16;10;178
2063;7;2020-06-17;8;186
2064;7;2020-06-18;14;200
2065;7;2020-06-19;6;206
2066;7;2020-06-20;0;206
2067;7;2020-06-21;0;206
2068;7;2020-06-22;2;208
2069;7;2020-06-23;0;208
2070;7;2020-06-24;4;212
2071;7;2020-06-25;2;214
2072;7;2020-06-26;4;218
2073;7;2020-06-27;2;220
2074;7;2020-06-28;2;222
2075;7;2020-06-29;0;222
2076;7;2020-06-30;3;225
2077;7;2020-07-01;2;227
2078;7;2020-07-02;0;227
2079;7;2020-07-03;4;231
2080;7;2020-07-04;0;231
2081;7;2020-07-05;0;231
2082;7;2020-07-06;2;233
2083;7;2020-07-07;4;237
2084;7;2020-07-08;10;247
2085;7;2020-07-09;2;249
2086;7;2020-07-10;18;267
2087;7;2020-07-11;6;273
2088;7;2020-07-12;0;273
2089;7;2020-07-13;6;279
2090;7;2020-07-14;0;279
2091;7;2020-07-15;4;283
2092;7;2020-07-16;12;295
2093;7;2020-07-17;4;299
2094;7;2020-07-18;0;299
2095;7;2020-07-19;0;299
2096;7;2020-07-20;6;305
2097;7;2020-07-21;4;309
2098;7;2020-07-22;0;309
2099;7;2020-07-23;12;321
2100;7;2020-07-24;0;321
2101;7;2020-07-25;0;321
2102;7;2020-07-26;0;321
2103;7;2020-07-27;6;327
2104;7;2020-07-28;2;329
2105;7;2020-07-29;4;333
2106;7;2020-07-30;6;339
2107;7;2020-07-31;8;347
2108;7;2020-08-01;0;347
2109;7;2020-08-02;0;347
2110;7;2020-08-03;8;355
2111;7;2020-08-04;0;355
2112;7;2020-08-05;4;359
2113;7;2020-08-06;2;361
2114;7;2020-08-07;14;375
2115;7;2020-08-08;4;379
2116;7;2020-08-09;2;381
2117;7;2020-08-10;14;395
2118;7;2020-08-11;12;407
2119;7;2020-08-12;10;417
2120;7;2020-08-13;10;427
2121;7;2020-08-14;16;443
2122;7;2020-08-15;2;445
2123;7;2020-08-16;0;445
2124;7;2020-08-17;30;475
2125;7;2020-08-18;6;481
2126;7;2020-08-19;16;497
2127;7;2020-08-20;18;515
2128;7;2020-08-21;14;529
2129;7;2020-08-22;10;539
2130;7;2020-08-23;0;539
2131;7;2020-08-24;26;565
2132;7;2020-08-25;26;591
2133;7;2020-08-26;17;608
2134;7;2020-08-27;20;628
2135;7;2020-08-28;42;670
2136;7;2020-08-29;16;686
2137;7;2020-08-30;4;690
2138;7;2020-08-31;38;728
2139;7;2020-09-01;34;762
2140;7;2020-09-02;30;792
2141;7;2020-09-03;46;838
2142;7;2020-09-04;32;870
2143;7;2020-09-05;12;882
2144;7;2020-09-06;6;888
2145;7;2020-09-07;34;922
2146;7;2020-09-08;50;972
2147;7;2020-09-09;38;1010
2148;7;2020-09-10;32;1042
2149;7;2020-09-11;34;1076
2150;7;2020-09-12;20;1096
2151;7;2020-09-13;4;1100
2152;7;2020-09-14;30;1130
2153;7;2020-09-15;40;1170
2154;7;2020-09-16;48;1218
2155;7;2020-09-17;48;1266
2156;7;2020-09-18;50;1316
2157;7;2020-09-19;18;1334
2158;7;2020-09-20;2;1336
2159;7;2020-09-21;48;1384
2160;7;2020-09-22;34;1418
2161;7;2020-09-23;18;1436
2162;7;2020-09-24;42;1478
2163;7;2020-09-25;44;1522
2164;7;2020-09-26;24;1546
2165;7;2020-09-27;6;1552
2166;7;2020-09-28;80;1632
2167;7;2020-09-29;42;1674
2168;7;2020-09-30;74;1748
2169;7;2020-10-01;62;1810
2170;7;2020-10-02;94;1904
2171;7;2020-10-03;30;1934
2172;7;2020-10-04;6;1940
2173;7;2020-10-05;156;2096
2174;7;2020-10-06;144;2240
2175;7;2020-10-07;176;2416
2176;7;2020-10-08;256;2672
2177;7;2020-10-09;232;2904
2178;7;2020-10-10;160;3064
2179;7;2020-10-11;48;3112
2180;7;2020-10-12;372;3484
2181;7;2020-10-13;376;3860
2182;7;2020-10-14;328;4188
2183;7;2020-10-15;394;4582
2184;7;2020-10-16;464;5046
2185;7;2020-10-17;164;5210
2186;7;2020-10-18;32;5242
2187;7;2020-10-19;710;5952
2188;7;2020-10-20;750;6702
2189;7;2020-10-21;832;7534
2190;7;2020-10-22;708;8242
2191;7;2020-10-23;878;9120
2192;7;2020-10-24;296;9416
2193;7;2020-10-25;78;9494
2194;7;2020-10-26;1124;10618
2195;7;2020-10-27;904;11522
2196;7;2020-10-28;848;12370
2197;7;2020-10-29;782;13152
2198;7;2020-10-30;804;13956
2199;7;2020-10-31;306;14262
2200;7;2020-11-01;64;14326
2201;7;2020-11-02;984;15310
2202;7;2020-11-03;800;16110
2203;7;2020-11-04;652;16762
2204;7;2020-11-05;654;17416
2205;7;2020-11-06;576;17992
2206;7;2020-11-07;174;18166
2207;7;2020-11-08;68;18234
2208;7;2020-11-09;718;18952
2209;7;2020-11-10;500;19452
2210;7;2020-11-11;108;19560
2211;7;2020-11-12;556;20116
2212;7;2020-11-13;384;20500
2213;7;2020-11-14;178;20678
2214;7;2020-11-15;50;20728
2215;7;2020-11-16;386;21114
2216;7;2020-11-17;368;21482
2217;7;2020-11-18;180;21662
2218;7;2020-11-19;172;21834
2219;7;2020-11-20;232;22066
2220;7;2020-11-21;48;22114
2221;7;2020-11-22;20;22134
2222;7;2020-11-23;206;22340
2223;7;2020-11-24;204;22544
2224;7;2020-11-25;132;22676
2225;7;2020-11-26;134;22810
2226;7;2020-11-27;220;23030
2227;7;2020-11-28;56;23086
2228;7;2020-11-29;40;23126
2229;7;2020-11-30;256;23382
2230;7;2020-12-01;180;23562
2231;7;2020-12-02;118;23680
2232;7;2020-12-03;132;23812
2233;7;2020-12-04;144;23956
2234;7;2020-12-05;78;24034
2235;7;2020-12-06;6;24040
2236;7;2020-12-07;226;24266
2237;7;2020-12-08;125;24391
2238;7;2020-12-09;200;24591
2239;7;2020-12-10;186;24777
2240;7;2020-12-11;160;24937
2241;7;2020-12-12;56;24993
2242;7;2020-12-13;24;25017
2243;7;2020-12-14;290;25307
2244;7;2020-12-15;308;25615
2245;7;2020-12-16;186;25801
2246;7;2020-12-17;180;25981
2247;7;2020-12-18;314;26295
2248;7;2020-12-19;252;26547
2249;7;2020-12-20;160;26707
2250;7;2020-12-21;248;26955
2251;7;2020-12-22;234;27189
2252;7;2020-12-23;228;27417
2253;7;2020-12-24;170;27587
2254;7;2020-12-25;14;27601
2255;7;2020-12-26;98;27699
2256;7;2020-12-27;12;27711
2257;7;2020-12-28;228;27939
2258;7;2020-12-29;242;28181
2259;7;2020-12-30;198;28379
2260;7;2020-12-31;186;28565
2261;7;2021-01-01;16;28581
2262;7;2021-01-02;140;28721
2263;7;2021-01-03;24;28745
2264;7;2021-01-04;327;29072
2265;7;2021-01-05;222;29294
2266;7;2021-01-06;256;29550
2267;7;2021-01-07;215;29765
2268;7;2021-01-08;224;29989
2269;7;2021-01-09;110;30099
2270;7;2021-01-10;14;30113
2271;7;2021-01-11;296;30409
2272;7;2021-01-12;306;30715
2273;7;2021-01-13;300;31015
2274;7;2021-01-14;198;31213
2275;7;2021-01-15;246;31459
2276;7;2021-01-16;122;31581
2277;7;2021-01-17;46;31627
2278;7;2021-01-18;380;32007
2279;7;2021-01-19;300;32307
2280;7;2021-01-20;234;32541
2281;7;2021-01-21;278;32819
2282;7;2021-01-22;328;33147
2283;7;2021-01-23;200;33347
2284;7;2021-01-24;28;33375
2285;7;2021-01-25;352;33727
2286;7;2021-01-26;296;34023
2287;7;2021-01-27;340;34363
2288;7;2021-01-28;254;34617
2289;7;2021-01-29;278;34895
2290;7;2021-01-30;176;35071
2291;7;2021-01-31;38;35109
2292;7;2021-02-01;350;35459
2293;7;2021-02-02;281;35740
2294;7;2021-02-03;319;36059
2295;7;2021-02-04;312;36371
2296;7;2021-02-05;282;36653
2297;7;2021-02-06;140;36793
2298;7;2021-02-07;16;36809
2299;7;2021-02-08;342;37151
2300;7;2021-02-09;196;37347
2301;7;2021-02-10;231;37578
2302;7;2021-02-11;264;37842
2303;7;2021-02-12;178;38020
2304;7;2021-02-13;142;38162
2305;7;2021-02-14;16;38178
2306;7;2021-02-15;214;38392
2307;7;2021-02-16;216;38608
2308;7;2021-02-17;178;38786
2309;7;2021-02-18;178;38964
2310;7;2021-02-19;252;39216
2311;7;2021-02-20;116;39332
2312;7;2021-02-21;10;39342
2313;7;2021-02-22;278;39620
2314;7;2021-02-23;216;39836
2315;7;2021-02-24;242;40078
2316;7;2021-02-25;228;40306
2317;7;2021-02-26;190;40496
2318;7;2021-02-27;80;40576
2319;7;2021-02-28;10;40586
2320;7;2021-03-01;190;40776
2321;7;2021-03-02;162;40938
2322;7;2021-03-03;148;41086
2323;7;2021-03-04;120;41206
2324;7;2021-03-05;150;41356
2325;7;2021-03-06;108;41464
2326;7;2021-03-07;12;41476
2327;7;2021-03-08;220;41696
2328;7;2021-03-09;128;41824
2329;7;2021-03-10;148;41972
2330;7;2021-03-11;168;42140
2331;7;2021-03-12;204;42344
2332;7;2021-03-13;110;42454
2333;7;2021-03-14;6;42460
2334;7;2021-03-15;302;42762
2335;7;2021-03-16;170;42932
2336;7;2021-03-17;174;43106
2337;7;2021-03-18;274;43380
2338;7;2021-03-19;276;43656
2339;7;2021-03-20;90;43746
2340;7;2021-03-21;12;43758
2341;7;2021-03-22;232;43990
2342;7;2021-03-23;160;44150
2343;7;2021-03-24;238;44388
2344;7;2021-03-25;200;44588
2345;7;2021-03-26;214;44802
2346;7;2021-03-27;120;44922
2347;7;2021-03-28;14;44936
2348;7;2021-03-29;280;45216
2349;7;2021-03-30;244;45460
2350;7;2021-03-31;220;45680
2351;7;2021-04-01;242;45922
2352;7;2021-04-02;255;46177
2353;7;2021-04-03;132;46309
2354;7;2021-04-04;20;46329
2355;7;2021-04-05;38;46367
2356;7;2021-04-06;378;46745
2357;7;2021-04-07;338;47083
2358;7;2021-04-08;362;47445
2359;7;2021-04-09;344;47789
2360;7;2021-04-10;164;47953
2361;7;2021-04-11;14;47967
2362;7;2021-04-12;348;48315
2363;7;2021-04-13;258;48573
2364;7;2021-04-14;290;48863
2365;7;2021-04-15;222;49085
2366;8;2020-05-13;12;12
2367;8;2020-05-14;4;16
2368;8;2020-05-15;11;27
2369;8;2020-05-16;2;29
2370;8;2020-05-17;0;29
2371;8;2020-05-18;4;33
2372;8;2020-05-19;6;39
2373;8;2020-05-20;12;51
2374;8;2020-05-21;0;51
2375;8;2020-05-22;6;57
2376;8;2020-05-23;2;59
2377;8;2020-05-24;0;59
2378;8;2020-05-25;6;65
2379;8;2020-05-26;2;67
2380;8;2020-05-27;2;69
2381;8;2020-05-28;4;73
2382;8;2020-05-29;0;73
2383;8;2020-05-30;0;73
2384;8;2020-05-31;0;73
2385;8;2020-06-01;0;73
2386;8;2020-06-02;2;75
2387;8;2020-06-03;4;79
2388;8;2020-06-04;6;85
2389;8;2020-06-05;2;87
2390;8;2020-06-06;0;87
2391;8;2020-06-07;0;87
2392;8;2020-06-08;2;89
2393;8;2020-06-09;4;93
2394;8;2020-06-10;4;97
2395;8;2020-06-11;2;99
2396;8;2020-06-12;4;103
2397;8;2020-06-13;0;103
2398;8;2020-06-14;0;103
2399;8;2020-06-15;6;109
2400;8;2020-06-16;2;111
2401;8;2020-06-17;18;129
2402;8;2020-06-18;12;141
2403;8;2020-06-19;0;141
2404;8;2020-06-20;2;143
2405;8;2020-06-21;0;143
2406;8;2020-06-22;4;147
2407;8;2020-06-23;2;149
2408;8;2020-06-24;0;149
2409;8;2020-06-25;2;151
2410;8;2020-06-26;6;157
2411;8;2020-06-27;2;159
2412;8;2020-06-28;0;159
2413;8;2020-06-29;0;159
2414;8;2020-06-30;2;161
2415;8;2020-07-01;0;161
2416;8;2020-07-02;0;161
2417;8;2020-07-03;2;163
2418;8;2020-07-04;6;169
2419;8;2020-07-05;2;171
2420;8;2020-07-06;0;171
2421;8;2020-07-07;0;171
2422;8;2020-07-08;0;171
2423;8;2020-07-09;2;173
2424;8;2020-07-10;0;173
2425;8;2020-07-11;0;173
2426;8;2020-07-12;0;173
2427;8;2020-07-13;6;179
2428;8;2020-07-14;0;179
2429;8;2020-07-15;0;179
2430;8;2020-07-16;0;179
2431;8;2020-07-17;0;179
2432;8;2020-07-18;0;179
2433;8;2020-07-19;0;179
2434;8;2020-07-20;2;181
2435;8;2020-07-21;2;183
2436;8;2020-07-22;2;185
2437;8;2020-07-23;6;191
2438;8;2020-07-24;0;191
2439;8;2020-07-25;0;191
2440;8;2020-07-26;0;191
2441;8;2020-07-27;0;191
2442;8;2020-07-28;2;193
2443;8;2020-07-29;4;197
2444;8;2020-07-30;2;199
2445;8;2020-07-31;2;201
2446;8;2020-08-01;0;201
2447;8;2020-08-02;2;203
2448;8;2020-08-03;0;203
2449;8;2020-08-04;10;213
2450;8;2020-08-05;0;213
2451;8;2020-08-06;6;219
2452;8;2020-08-07;0;219
2453;8;2020-08-08;0;219
2454;8;2020-08-09;0;219
2455;8;2020-08-10;4;223
2456;8;2020-08-11;4;227
2457;8;2020-08-12;0;227
2458;8;2020-08-13;6;233
2459;8;2020-08-14;6;239
2460;8;2020-08-15;6;245
2461;8;2020-08-16;2;247
2462;8;2020-08-17;8;255
2463;8;2020-08-18;10;265
2464;8;2020-08-19;2;267
2465;8;2020-08-20;10;277
2466;8;2020-08-21;4;281
2467;8;2020-08-22;4;285
2468;8;2020-08-23;0;285
2469;8;2020-08-24;12;297
2470;8;2020-08-25;12;309
2471;8;2020-08-26;6;315
2472;8;2020-08-27;10;325
2473;8;2020-08-28;18;343
2474;8;2020-08-29;6;349
2475;8;2020-08-30;2;351
2476;8;2020-08-31;24;375
2477;8;2020-09-01;14;389
2478;8;2020-09-02;18;407
2479;8;2020-09-03;16;423
2480;8;2020-09-04;36;459
2481;8;2020-09-05;24;483
2482;8;2020-09-06;6;489
2483;8;2020-09-07;26;515
2484;8;2020-09-08;26;541
2485;8;2020-09-09;8;549
2486;8;2020-09-10;30;579
2487;8;2020-09-11;10;589
2488;8;2020-09-12;32;621
2489;8;2020-09-13;8;629
2490;8;2020-09-14;46;675
2491;8;2020-09-15;18;693
2492;8;2020-09-16;38;731
2493;8;2020-09-17;43;774
2494;8;2020-09-18;30;804
2495;8;2020-09-19;22;826
2496;8;2020-09-20;12;838
2497;8;2020-09-21;50;888
2498;8;2020-09-22;36;924
2499;8;2020-09-23;30;954
2500;8;2020-09-24;40;994
2501;8;2020-09-25;16;1010
2502;8;2020-09-26;6;1016
2503;8;2020-09-27;4;1020
2504;8;2020-09-28;30;1050
2505;8;2020-09-29;34;1084
2506;8;2020-09-30;36;1120
2507;8;2020-10-01;38;1158
2508;8;2020-10-02;64;1222
2509;8;2020-10-03;36;1258
2510;8;2020-10-04;6;1264
2511;8;2020-10-05;98;1362
2512;8;2020-10-06;78;1440
2513;8;2020-10-07;96;1536
2514;8;2020-10-08;112;1648
2515;8;2020-10-09;138;1786
2516;8;2020-10-10;44;1830
2517;8;2020-10-11;20;1850
2518;8;2020-10-12;184;2034
2519;8;2020-10-13;136;2170
2520;8;2020-10-14;160;2330
2521;8;2020-10-15;224;2554
2522;8;2020-10-16;220;2774
2523;8;2020-10-17;76;2850
2524;8;2020-10-18;26;2876
2525;8;2020-10-19;304;3180
2526;8;2020-10-20;298;3478
2527;8;2020-10-21;320;3798
2528;8;2020-10-22;322;4120
2529;8;2020-10-23;436;4556
2530;8;2020-10-24;190;4746
2531;8;2020-10-25;78;4824
2532;8;2020-10-26;470;5294
2533;8;2020-10-27;452;5746
2534;8;2020-10-28;482;6228
2535;8;2020-10-29;468;6696
2536;8;2020-10-30;544;7240
2537;8;2020-10-31;186;7426
2538;8;2020-11-01;62;7488
2539;8;2020-11-02;676;8164
2540;8;2020-11-03;510;8674
2541;8;2020-11-04;476;9150
2542;8;2020-11-05;346;9496
2543;8;2020-11-06;448;9944
2544;8;2020-11-07;136;10080
2545;8;2020-11-08;48;10128
2546;8;2020-11-09;476;10604
2547;8;2020-11-10;432;11036
2548;8;2020-11-11;66;11102
2549;8;2020-11-12;510;11612
2550;8;2020-11-13;320;11932
2551;8;2020-11-14;112;12044
2552;8;2020-11-15;50;12094
2553;8;2020-11-16;348;12442
2554;8;2020-11-17;274;12716
2555;8;2020-11-18;240;12956
2556;8;2020-11-19;262;13218
2557;8;2020-11-20;256;13474
2558;8;2020-11-21;72;13546
2559;8;2020-11-22;46;13592
2560;8;2020-11-23;268;13860
2561;8;2020-11-24;208;14068
2562;8;2020-11-25;140;14208
2563;8;2020-11-26;226;14434
2564;8;2020-11-27;248;14682
2565;8;2020-11-28;88;14770
2566;8;2020-11-29;22;14792
2567;8;2020-11-30;232;15024
2568;8;2020-12-01;196;15220
2569;8;2020-12-02;162;15382
2570;8;2020-12-03;198;15580
2571;8;2020-12-04;232;15812
2572;8;2020-12-05;160;15972
2573;8;2020-12-06;38;16010
2574;8;2020-12-07;344;16354
2575;8;2020-12-08;292;16646
2576;8;2020-12-09;324;16970
2577;8;2020-12-10;266;17236
2578;8;2020-12-11;352;17588
2579;8;2020-12-12;136;17724
2580;8;2020-12-13;38;17762
2581;8;2020-12-14;346;18108
2582;8;2020-12-15;276;18384
2583;8;2020-12-16;320;18704
2584;8;2020-12-17;300;19004
2585;8;2020-12-18;292;19296
2586;8;2020-12-19;188;19484
2587;8;2020-12-20;42;19526
2588;8;2020-12-21;356;19882
2589;8;2020-12-22;378;20260
2590;8;2020-12-23;377;20637
2591;8;2020-12-24;192;20829
2592;8;2020-12-25;12;20841
2593;8;2020-12-26;158;20999
2594;8;2020-12-27;32;21031
2595;8;2020-12-28;452;21483
2596;8;2020-12-29;282;21765
2597;8;2020-12-30;374;22139
2598;8;2020-12-31;206;22345
2599;8;2021-01-01;14;22359
2600;8;2021-01-02;168;22527
2601;8;2021-01-03;24;22551
2602;8;2021-01-04;428;22979
2603;8;2021-01-05;258;23237
2604;8;2021-01-06;210;23447
2605;8;2021-01-07;210;23657
2606;8;2021-01-08;230;23887
2607;8;2021-01-09;136;24023
2608;8;2021-01-10;70;24093
2609;8;2021-01-11;280;24373
2610;8;2021-01-12;192;24565
2611;8;2021-01-13;238;24803
2612;8;2021-01-14;178;24981
2613;8;2021-01-15;174;25155
2614;8;2021-01-16;118;25273
2615;8;2021-01-17;32;25305
2616;8;2021-01-18;274;25579
2617;8;2021-01-19;194;25773
2618;8;2021-01-20;172;25945
2619;8;2021-01-21;208;26153
2620;8;2021-01-22;214;26367
2621;8;2021-01-23;116;26483
2622;8;2021-01-24;12;26495
2623;8;2021-01-25;256;26751
2624;8;2021-01-26;138;26889
2625;8;2021-01-27;162;27051
2626;8;2021-01-28;138;27189
2627;8;2021-01-29;132;27321
2628;8;2021-01-30;72;27393
2629;8;2021-01-31;30;27423
2630;8;2021-02-01;216;27639
2631;8;2021-02-02;186;27825
2632;8;2021-02-03;150;27975
2633;8;2021-02-04;122;28097
2634;8;2021-02-05;186;28283
2635;8;2021-02-06;98;28381
2636;8;2021-02-07;6;28387
2637;8;2021-02-08;184;28571
2638;8;2021-02-09;124;28695
2639;8;2021-02-10;64;28759
2640;8;2021-02-11;74;28833
2641;8;2021-02-12;88;28921
2642;8;2021-02-13;60;28981
2643;8;2021-02-14;10;28991
2644;8;2021-02-15;124;29115
2645;8;2021-02-16;82;29197
2646;8;2021-02-17;104;29301
2647;8;2021-02-18;100;29401
2648;8;2021-02-19;136;29537
2649;8;2021-02-20;72;29609
2650;8;2021-02-21;10;29619
2651;8;2021-02-22;142;29761
2652;8;2021-02-23;104;29865
2653;8;2021-02-24;116;29981
2654;8;2021-02-25;122;30103
2655;8;2021-02-26;134;30237
2656;8;2021-02-27;66;30303
2657;8;2021-02-28;10;30313
2658;8;2021-03-01;108;30421
2659;8;2021-03-02;118;30539
2660;8;2021-03-03;106;30645
2661;8;2021-03-04;130;30775
2662;8;2021-03-05;156;30931
2663;8;2021-03-06;140;31071
2664;8;2021-03-07;16;31087
2665;8;2021-03-08;188;31275
2666;8;2021-03-09;190;31465
2667;8;2021-03-10;178;31643
2668;8;2021-03-11;178;31821
2669;8;2021-03-12;198;32019
2670;8;2021-03-13;174;32193
2671;8;2021-03-14;10;32203
2672;8;2021-03-15;300;32503
2673;8;2021-03-16;212;32715
2674;8;2021-03-17;238;32953
2675;8;2021-03-18;252;33205
2676;8;2021-03-19;312;33517
2677;8;2021-03-20;164;33681
2678;8;2021-03-21;28;33709
2679;8;2021-03-22;338;34047
2680;8;2021-03-23;306;34353
2681;8;2021-03-24;220;34573
2682;8;2021-03-25;248;34821
2683;8;2021-03-26;284;35105
2684;8;2021-03-27;180;35285
2685;8;2021-03-28;42;35327
2686;8;2021-03-29;368;35695
2687;8;2021-03-30;366;36061
2688;8;2021-03-31;362;36423
2689;8;2021-04-01;300;36723
2690;8;2021-04-02;294;37017
2691;8;2021-04-03;182;37199
2692;8;2021-04-04;34;37233
2693;8;2021-04-05;28;37261
2694;8;2021-04-06;394;37655
2695;8;2021-04-07;290;37945
2696;8;2021-04-08;296;38241
2697;8;2021-04-09;334;38575
2698;8;2021-04-10;202;38777
2699;8;2021-04-11;20;38797
2700;8;2021-04-12;350;39147
2701;8;2021-04-13;296;39443
2702;8;2021-04-14;330;39773
2703;8;2021-04-15;218;39991
2704;9;2020-05-13;2;2
2705;9;2020-05-14;0;2
2706;9;2020-05-15;0;2
2707;9;2020-05-16;0;2
2708;9;2020-05-17;0;2
2709;9;2020-05-18;0;2
2710;9;2020-05-19;0;2
2711;9;2020-05-20;0;2
2712;9;2020-05-21;0;2
2713;9;2020-05-22;0;2
2714;9;2020-05-23;0;2
2715;9;2020-05-24;0;2
2716;9;2020-05-25;0;2
2717;9;2020-05-26;0;2
2718;9;2020-05-27;0;2
2719;9;2020-05-28;0;2
2720;9;2020-05-29;0;2
2721;9;2020-05-30;0;2
2722;9;2020-05-31;0;2
2723;9;2020-06-01;0;2
2724;9;2020-06-02;0;2
2725;9;2020-06-03;0;2
2726;9;2020-06-04;0;2
2727;9;2020-06-05;0;2
2728;9;2020-06-06;0;2
2729;9;2020-06-07;0;2
2730;9;2020-06-08;0;2
2731;9;2020-06-09;0;2
2732;9;2020-06-10;0;2
2733;9;2020-06-11;0;2
2734;9;2020-06-12;0;2
2735;9;2020-06-13;0;2
2736;9;2020-06-14;0;2
2737;9;2020-06-15;0;2
2738;9;2020-06-16;0;2
2739;9;2020-06-17;0;2
2740;9;2020-06-18;0;2
2741;9;2020-06-19;0;2
2742;9;2020-06-20;0;2
2743;9;2020-06-21;0;2
2744;9;2020-06-22;0;2
2745;9;2020-06-23;0;2
2746;9;2020-06-24;2;4
2747;9;2020-06-25;0;4
2748;9;2020-06-26;2;6
2749;9;2020-06-27;0;6
2750;9;2020-06-28;0;6
2751;9;2020-06-29;0;6
2752;9;2020-06-30;0;6
2753;9;2020-07-01;0;6
2754;9;2020-07-02;0;6
2755;9;2020-07-03;0;6
2756;9;2020-07-04;0;6
2757;9;2020-07-05;0;6
2758;9;2020-07-06;0;6
2759;9;2020-07-07;2;8
2760;9;2020-07-08;0;8
2761;9;2020-07-09;0;8
2762;9;2020-07-10;0;8
2763;9;2020-07-11;2;10
2764;9;2020-07-12;0;10
2765;9;2020-07-13;0;10
2766;9;2020-07-14;0;10
2767;9;2020-07-15;0;10
2768;9;2020-07-16;0;10
2769;9;2020-07-17;0;10
2770;9;2020-07-18;0;10
2771;9;2020-07-19;0;10
2772;9;2020-07-20;0;10
2773;9;2020-07-21;2;12
2774;9;2020-07-22;0;12
2775;9;2020-07-23;0;12
2776;9;2020-07-24;2;14
2777;9;2020-07-25;0;14
2778;9;2020-07-26;0;14
2779;9;2020-07-27;0;14
2780;9;2020-07-28;0;14
2781;9;2020-07-29;4;18
2782;9;2020-07-30;2;20
2783;9;2020-07-31;2;22
2784;9;2020-08-01;4;26
2785;9;2020-08-02;2;28
2786;9;2020-08-03;4;32
2787;9;2020-08-04;0;32
2788;9;2020-08-05;4;36
2789;9;2020-08-06;2;38
2790;9;2020-08-07;0;38
2791;9;2020-08-08;0;38
2792;9;2020-08-09;0;38
2793;9;2020-08-10;0;38
2794;9;2020-08-11;6;44
2795;9;2020-08-12;6;50
2796;9;2020-08-13;2;52
2797;9;2020-08-14;0;52
2798;9;2020-08-15;0;52
2799;9;2020-08-16;0;52
2800;9;2020-08-17;12;64
2801;9;2020-08-18;10;74
2802;9;2020-08-19;12;86
2803;9;2020-08-20;12;98
2804;9;2020-08-21;12;110
2805;9;2020-08-22;0;110
2806;9;2020-08-23;4;114
2807;9;2020-08-24;20;134
2808;9;2020-08-25;12;146
2809;9;2020-08-26;16;162
2810;9;2020-08-27;14;176
2811;9;2020-08-28;16;192
2812;9;2020-08-29;0;192
2813;9;2020-08-30;0;192
2814;9;2020-08-31;18;210
2815;9;2020-09-01;24;234
2816;9;2020-09-02;22;256
2817;9;2020-09-03;36;292
2818;9;2020-09-04;12;304
2819;9;2020-09-05;12;316
2820;9;2020-09-06;0;316
2821;9;2020-09-07;22;338
2822;9;2020-09-08;40;378
2823;9;2020-09-09;20;398
2824;9;2020-09-10;14;412
2825;9;2020-09-11;18;430
2826;9;2020-09-12;2;432
2827;9;2020-09-13;0;432
2828;9;2020-09-14;48;480
2829;9;2020-09-15;48;528
2830;9;2020-09-16;52;580
2831;9;2020-09-17;68;648
2832;9;2020-09-18;50;698
2833;9;2020-09-19;20;718
2834;9;2020-09-20;2;720
2835;9;2020-09-21;80;800
2836;9;2020-09-22;64;864
2837;9;2020-09-23;42;906
2838;9;2020-09-24;74;980
2839;9;2020-09-25;42;1022
2840;9;2020-09-26;18;1040
2841;9;2020-09-27;0;1040
2842;9;2020-09-28;64;1104
2843;9;2020-09-29;42;1146
2844;9;2020-09-30;46;1192
2845;9;2020-10-01;72;1264
2846;9;2020-10-02;66;1330
2847;9;2020-10-03;6;1336
2848;9;2020-10-04;0;1336
2849;9;2020-10-05;148;1484
2850;9;2020-10-06;70;1554
2851;9;2020-10-07;68;1622
2852;9;2020-10-08;124;1746
2853;9;2020-10-09;110;1856
2854;9;2020-10-10;28;1884
2855;9;2020-10-11;28;1912
2856;9;2020-10-12;238;2150
2857;9;2020-10-13;179;2329
2858;9;2020-10-14;130;2459
2859;9;2020-10-15;140;2599
2860;9;2020-10-16;169;2768
2861;9;2020-10-17;42;2810
2862;9;2020-10-18;10;2820
2863;9;2020-10-19;312;3132
2864;9;2020-10-20;188;3320
2865;9;2020-10-21;206;3526
2866;9;2020-10-22;152;3678
2867;9;2020-10-23;154;3832
2868;9;2020-10-24;30;3862
2869;9;2020-10-25;2;3864
2870;9;2020-10-26;392;4256
2871;9;2020-10-27;132;4388
2872;9;2020-10-28;156;4544
2873;9;2020-10-29;172;4716
2874;9;2020-10-30;139;4855
2875;9;2020-10-31;38;4893
2876;9;2020-11-01;10;4903
2877;9;2020-11-02;227;5130
2878;9;2020-11-03;134;5264
2879;9;2020-11-04;162;5426
2880;9;2020-11-05;126;5552
2881;9;2020-11-06;122;5674
2882;9;2020-11-07;16;5690
2883;9;2020-11-08;2;5692
2884;9;2020-11-09;104;5796
2885;9;2020-11-10;86;5882
2886;9;2020-11-11;4;5886
2887;9;2020-11-12;98;5984
2888;9;2020-11-13;36;6020
2889;9;2020-11-14;8;6028
2890;9;2020-11-15;0;6028
2891;9;2020-11-16;62;6090
2892;9;2020-11-17;24;6114
2893;9;2020-11-18;46;6160
2894;9;2020-11-19;34;6194
2895;9;2020-11-20;36;6230
2896;9;2020-11-21;8;6238
2897;9;2020-11-22;0;6238
2898;9;2020-11-23;34;6272
2899;9;2020-11-24;40;6312
2900;9;2020-11-25;36;6348
2901;9;2020-11-26;32;6380
2902;9;2020-11-27;40;6420
2903;9;2020-11-28;12;6432
2904;9;2020-11-29;2;6434
2905;9;2020-11-30;46;6480
2906;9;2020-12-01;22;6502
2907;9;2020-12-02;50;6552
2908;9;2020-12-03;86;6638
2909;9;2020-12-04;38;6676
2910;9;2020-12-05;8;6684
2911;9;2020-12-06;4;6688
2912;9;2020-12-07;44;6732
2913;9;2020-12-08;44;6776
2914;9;2020-12-09;32;6808
2915;9;2020-12-10;40;6848
2916;9;2020-12-11;52;6900
2917;9;2020-12-12;18;6918
2918;9;2020-12-13;6;6924
2919;9;2020-12-14;62;6986
2920;9;2020-12-15;32;7018
2921;9;2020-12-16;16;7034
2922;9;2020-12-17;40;7074
2923;9;2020-12-18;42;7116
2924;9;2020-12-19;4;7120
2925;9;2020-12-20;0;7120
2926;9;2020-12-21;54;7174
2927;9;2020-12-22;46;7220
2928;9;2020-12-23;34;7254
2929;9;2020-12-24;44;7298
2930;9;2020-12-25;0;7298
2931;9;2020-12-26;22;7320
2932;9;2020-12-27;8;7328
2933;9;2020-12-28;74;7402
2934;9;2020-12-29;138;7540
2935;9;2020-12-30;106;7646
2936;9;2020-12-31;58;7704
2937;9;2021-01-01;6;7710
2938;9;2021-01-02;24;7734
2939;9;2021-01-03;8;7742
2940;9;2021-01-04;208;7950
2941;9;2021-01-05;88;8038
2942;9;2021-01-06;138;8176
2943;9;2021-01-07;90;8266
2944;9;2021-01-08;99;8365
2945;9;2021-01-09;34;8399
2946;9;2021-01-10;10;8409
2947;9;2021-01-11;128;8537
2948;9;2021-01-12;94;8631
2949;9;2021-01-13;120;8751
2950;9;2021-01-14;50;8801
2951;9;2021-01-15;92;8893
2952;9;2021-01-16;28;8921
2953;9;2021-01-17;10;8931
2954;9;2021-01-18;146;9077
2955;9;2021-01-19;104;9181
2956;9;2021-01-20;88;9269
2957;9;2021-01-21;94;9363
2958;9;2021-01-22;108;9471
2959;9;2021-01-23;68;9539
2960;9;2021-01-24;16;9555
2961;9;2021-01-25;190;9745
2962;9;2021-01-26;106;9851
2963;9;2021-01-27;84;9935
2964;9;2021-01-28;78;10013
2965;9;2021-01-29;94;10107
2966;9;2021-01-30;36;10143
2967;9;2021-01-31;12;10155
2968;9;2021-02-01;98;10253
2969;9;2021-02-02;96;10349
2970;9;2021-02-03;68;10417
2971;9;2021-02-04;104;10521
2972;9;2021-02-05;84;10605
2973;9;2021-02-06;34;10639
2974;9;2021-02-07;8;10647
2975;9;2021-02-08;112;10759
2976;9;2021-02-09;66;10825
2977;9;2021-02-10;84;10909
2978;9;2021-02-11;90;10999
2979;9;2021-02-12;88;11087
2980;9;2021-02-13;22;11109
2981;9;2021-02-14;4;11113
2982;9;2021-02-15;100;11213
2983;9;2021-02-16;86;11299
2984;9;2021-02-17;48;11347
2985;9;2021-02-18;50;11397
2986;9;2021-02-19;58;11455
2987;9;2021-02-20;15;11470
2988;9;2021-02-21;4;11474
2989;9;2021-02-22;90;11564
2990;9;2021-02-23;44;11608
2991;9;2021-02-24;50;11658
2992;9;2021-02-25;68;11726
2993;9;2021-02-26;60;11786
2994;9;2021-02-27;8;11794
2995;9;2021-02-28;6;11800
2996;9;2021-03-01;50;11850
2997;9;2021-03-02;78;11928
2998;9;2021-03-03;58;11986
2999;9;2021-03-04;76;12062
3000;9;2021-03-05;30;12092
3001;9;2021-03-06;32;12124
3002;9;2021-03-07;2;12126
3003;9;2021-03-08;86;12212
3004;9;2021-03-09;62;12274
3005;9;2021-03-10;84;12358
3006;9;2021-03-11;70;12428
3007;9;2021-03-12;70;12498
3008;9;2021-03-13;26;12524
3009;9;2021-03-14;26;12550
3010;9;2021-03-15;106;12656
3011;9;2021-03-16;88;12744
3012;9;2021-03-17;104;12848
3013;9;2021-03-18;58;12906
3014;9;2021-03-19;94;13000
3015;9;2021-03-20;46;13046
3016;9;2021-03-21;4;13050
3017;9;2021-03-22;132;13182
3018;9;2021-03-23;102;13284
3019;9;2021-03-24;76;13360
3020;9;2021-03-25;144;13504
3021;9;2021-03-26;144;13648
3022;9;2021-03-27;78;13726
3023;9;2021-03-28;14;13740
3024;9;2021-03-29;124;13864
3025;9;2021-03-30;124;13988
3026;9;2021-03-31;130;14118
3027;9;2021-04-01;96;14214
3028;9;2021-04-02;126;14340
3029;9;2021-04-03;88;14428
3030;9;2021-04-04;4;14432
3031;9;2021-04-05;10;14442
3032;9;2021-04-06;158;14600
3033;9;2021-04-07;148;14748
3034;9;2021-04-08;104;14852
3035;9;2021-04-09;158;15010
3036;9;2021-04-10;46;15056
3037;9;2021-04-11;12;15068
3038;9;2021-04-12;132;15200
3039;9;2021-04-13;100;15300
3040;9;2021-04-14;96;15396
3041;9;2021-04-15;92;15488
3042;10;2020-05-13;6;6
3043;10;2020-05-14;0;6
3044;10;2020-05-15;10;16
3045;10;2020-05-16;0;16
3046;10;2020-05-17;0;16
3047;10;2020-05-18;8;24
3048;10;2020-05-19;6;30
3049;10;2020-05-20;20;50
3050;10;2020-05-21;0;50
3051;10;2020-05-22;0;50
3052;10;2020-05-23;2;52
3053;10;2020-05-24;0;52
3054;10;2020-05-25;8;60
3055;10;2020-05-26;16;76
3056;10;2020-05-27;2;78
3057;10;2020-05-28;4;82
3058;10;2020-05-29;10;92
3059;10;2020-05-30;2;94
3060;10;2020-05-31;0;94
3061;10;2020-06-01;0;94
3062;10;2020-06-02;2;96
3063;10;2020-06-03;6;102
3064;10;2020-06-04;2;104
3065;10;2020-06-05;0;104
3066;10;2020-06-06;0;104
3067;10;2020-06-07;2;106
3068;10;2020-06-08;0;106
3069;10;2020-06-09;0;106
3070;10;2020-06-10;2;108
3071;10;2020-06-11;2;110
3072;10;2020-06-12;0;110
3073;10;2020-06-13;2;112
3074;10;2020-06-14;0;112
3075;10;2020-06-15;0;112
3076;10;2020-06-16;4;116
3077;10;2020-06-17;2;118
3078;10;2020-06-18;2;120
3079;10;2020-06-19;2;122
3080;10;2020-06-20;0;122
3081;10;2020-06-21;0;122
3082;10;2020-06-22;0;122
3083;10;2020-06-23;0;122
3084;10;2020-06-24;2;124
3085;10;2020-06-25;0;124
3086;10;2020-06-26;0;124
3087;10;2020-06-27;0;124
3088;10;2020-06-28;0;124
3089;10;2020-06-29;0;124
3090;10;2020-06-30;2;126
3091;10;2020-07-01;0;126
3092;10;2020-07-02;0;126
3093;10;2020-07-03;2;128
3094;10;2020-07-04;0;128
3095;10;2020-07-05;0;128
3096;10;2020-07-06;2;130
3097;10;2020-07-07;4;134
3098;10;2020-07-08;0;134
3099;10;2020-07-09;0;134
3100;10;2020-07-10;6;140
3101;10;2020-07-11;0;140
3102;10;2020-07-12;0;140
3103;10;2020-07-13;4;144
3104;10;2020-07-14;0;144
3105;10;2020-07-15;0;144
3106;10;2020-07-16;6;150
3107;10;2020-07-17;0;150
3108;10;2020-07-18;6;156
3109;10;2020-07-19;0;156
3110;10;2020-07-20;6;162
3111;10;2020-07-21;0;162
3112;10;2020-07-22;2;164
3113;10;2020-07-23;0;164
3114;10;2020-07-24;0;164
3115;10;2020-07-25;0;164
3116;10;2020-07-26;0;164
3117;10;2020-07-27;10;174
3118;10;2020-07-28;6;180
3119;10;2020-07-29;0;180
3120;10;2020-07-30;2;182
3121;10;2020-07-31;4;186
3122;10;2020-08-01;4;190
3123;10;2020-08-02;0;190
3124;10;2020-08-03;8;198
3125;10;2020-08-04;10;208
3126;10;2020-08-05;6;214
3127;10;2020-08-06;18;232
3128;10;2020-08-07;6;238
3129;10;2020-08-08;2;240
3130;10;2020-08-09;0;240
3131;10;2020-08-10;10;250
3132;10;2020-08-11;10;260
3133;10;2020-08-12;4;264
3134;10;2020-08-13;18;282
3135;10;2020-08-14;34;316
3136;10;2020-08-15;2;318
3137;10;2020-08-16;0;318
3138;10;2020-08-17;56;374
3139;10;2020-08-18;22;396
3140;10;2020-08-19;32;428
3141;10;2020-08-20;22;450
3142;10;2020-08-21;22;472
3143;10;2020-08-22;10;482
3144;10;2020-08-23;0;482
3145;10;2020-08-24;28;510
3146;10;2020-08-25;24;534
3147;10;2020-08-26;26;560
3148;10;2020-08-27;18;578
3149;10;2020-08-28;32;610
3150;10;2020-08-29;22;632
3151;10;2020-08-30;4;636
3152;10;2020-08-31;34;670
3153;10;2020-09-01;26;696
3154;10;2020-09-02;22;718
3155;10;2020-09-03;32;750
3156;10;2020-09-04;36;786
3157;10;2020-09-05;0;786
3158;10;2020-09-06;0;786
3159;10;2020-09-07;24;810
3160;10;2020-09-08;52;862
3161;10;2020-09-09;52;914
3162;10;2020-09-10;56;970
3163;10;2020-09-11;36;1006
3164;10;2020-09-12;20;1026
3165;10;2020-09-13;14;1040
3166;10;2020-09-14;38;1078
3167;10;2020-09-15;60;1138
3168;10;2020-09-16;36;1174
3169;10;2020-09-17;42;1216
3170;10;2020-09-18;40;1256
3171;10;2020-09-19;52;1308
3172;10;2020-09-20;10;1318
3173;10;2020-09-21;44;1362
3174;10;2020-09-22;52;1414
3175;10;2020-09-23;48;1462
3176;10;2020-09-24;64;1526
3177;10;2020-09-25;36;1562
3178;10;2020-09-26;36;1598
3179;10;2020-09-27;2;1600
3180;10;2020-09-28;58;1658
3181;10;2020-09-29;64;1722
3182;10;2020-09-30;50;1772
3183;10;2020-10-01;66;1838
3184;10;2020-10-02;92;1930
3185;10;2020-10-03;46;1976
3186;10;2020-10-04;20;1996
3187;10;2020-10-05;138;2134
3188;10;2020-10-06;105;2239
3189;10;2020-10-07;150;2389
3190;10;2020-10-08;164;2553
3191;10;2020-10-09;176;2729
3192;10;2020-10-10;110;2839
3193;10;2020-10-11;18;2857
3194;10;2020-10-12;156;3013
3195;10;2020-10-13;160;3173
3196;10;2020-10-14;188;3361
3197;10;2020-10-15;228;3589
3198;10;2020-10-16;250;3839
3199;10;2020-10-17;136;3975
3200;10;2020-10-18;54;4029
3201;10;2020-10-19;356;4385
3202;10;2020-10-20;368;4753
3203;10;2020-10-21;366;5119
3204;10;2020-10-22;344;5463
3205;10;2020-10-23;480;5943
3206;10;2020-10-24;262;6205
3207;10;2020-10-25;76;6281
3208;10;2020-10-26;546;6827
3209;10;2020-10-27;574;7401
3210;10;2020-10-28;476;7877
3211;10;2020-10-29;560;8437
3212;10;2020-10-30;438;8875
3213;10;2020-10-31;194;9069
3214;10;2020-11-01;64;9133
3215;10;2020-11-02;500;9633
3216;10;2020-11-03;502;10135
3217;10;2020-11-04;428;10563
3218;10;2020-11-05;374;10937
3219;10;2020-11-06;370;11307
3220;10;2020-11-07;166;11473
3221;10;2020-11-08;54;11527
3222;10;2020-11-09;304;11831
3223;10;2020-11-10;328;12159
3224;10;2020-11-11;46;12205
3225;10;2020-11-12;424;12629
3226;10;2020-11-13;261;12890
3227;10;2020-11-14;104;12994
3228;10;2020-11-15;50;13044
3229;10;2020-11-16;302;13346
3230;10;2020-11-17;276;13622
3231;10;2020-11-18;188;13810
3232;10;2020-11-19;232;14042
3233;10;2020-11-20;238;14280
3234;10;2020-11-21;108;14388
3235;10;2020-11-22;24;14412
3236;10;2020-11-23;188;14600
3237;10;2020-11-24;230;14830
3238;10;2020-11-25;118;14948
3239;10;2020-11-26;142;15090
3240;10;2020-11-27;134;15224
3241;10;2020-11-28;100;15324
3242;10;2020-11-29;14;15338
3243;10;2020-11-30;162;15500
3244;10;2020-12-01;140;15640
3245;10;2020-12-02;118;15758
3246;10;2020-12-03;118;15876
3247;10;2020-12-04;130;16006
3248;10;2020-12-05;72;16078
3249;10;2020-12-06;20;16098
3250;10;2020-12-07;180;16278
3251;10;2020-12-08;146;16424
3252;10;2020-12-09;154;16578
3253;10;2020-12-10;128;16706
3254;10;2020-12-11;110;16816
3255;10;2020-12-12;84;16900
3256;10;2020-12-13;20;16920
3257;10;2020-12-14;224;17144
3258;10;2020-12-15;164;17308
3259;10;2020-12-16;172;17480
3260;10;2020-12-17;194;17674
3261;10;2020-12-18;202;17876
3262;10;2020-12-19;102;17978
3263;10;2020-12-20;24;18002
3264;10;2020-12-21;187;18189
3265;10;2020-12-22;254;18443
3266;10;2020-12-23;266;18709
3267;10;2020-12-24;168;18877
3268;10;2020-12-25;4;18881
3269;10;2020-12-26;110;18991
3270;10;2020-12-27;26;19017
3271;10;2020-12-28;202;19219
3272;10;2020-12-29;182;19401
3273;10;2020-12-30;220;19621
3274;10;2020-12-31;204;19825
3275;10;2021-01-01;20;19845
3276;10;2021-01-02;198;20043
3277;10;2021-01-03;44;20087
3278;10;2021-01-04;256;20343
3279;10;2021-01-05;196;20539
3280;10;2021-01-06;210;20749
3281;10;2021-01-07;180;20929
3282;10;2021-01-08;202;21131
3283;10;2021-01-09;128;21259
3284;10;2021-01-10;28;21287
3285;10;2021-01-11;224;21511
3286;10;2021-01-12;136;21647
3287;10;2021-01-13;156;21803
3288;10;2021-01-14;204;22007
3289;10;2021-01-15;178;22185
3290;10;2021-01-16;72;22257
3291;10;2021-01-17;14;22271
3292;10;2021-01-18;244;22515
3293;10;2021-01-19;134;22649
3294;10;2021-01-20;160;22809
3295;10;2021-01-21;212;23021
3296;10;2021-01-22;190;23211
3297;10;2021-01-23;96;23307
3298;10;2021-01-24;24;23331
3299;10;2021-01-25;224;23555
3300;10;2021-01-26;216;23771
3301;10;2021-01-27;196;23967
3302;10;2021-01-28;244;24211
3303;10;2021-01-29;172;24383
3304;10;2021-01-30;130;24513
3305;10;2021-01-31;20;24533
3306;10;2021-02-01;218;24751
3307;10;2021-02-02;200;24951
3308;10;2021-02-03;228;25179
3309;10;2021-02-04;184;25363
3310;10;2021-02-05;286;25649
3311;10;2021-02-06;108;25757
3312;10;2021-02-07;32;25789
3313;10;2021-02-08;266;26055
3314;10;2021-02-09;194;26249
3315;10;2021-02-10;158;26407
3316;10;2021-02-11;138;26545
3317;10;2021-02-12;248;26793
3318;10;2021-02-13;140;26933
3319;10;2021-02-14;14;26947
3320;10;2021-02-15;256;27203
3321;10;2021-02-16;190;27393
3322;10;2021-02-17;174;27567
3323;10;2021-02-18;158;27725
3324;10;2021-02-19;168;27893
3325;10;2021-02-20;186;28079
3326;10;2021-02-21;16;28095
3327;10;2021-02-22;232;28327
3328;10;2021-02-23;226;28553
3329;10;2021-02-24;250;28803
3330;10;2021-02-25;344;29147
3331;10;2021-02-26;296;29443
3332;10;2021-02-27;204;29647
3333;10;2021-02-28;40;29687
3334;10;2021-03-01;294;29981
3335;10;2021-03-02;278;30259
3336;10;2021-03-03;326;30585
3337;10;2021-03-04;334;30919
3338;10;2021-03-05;360;31279
3339;10;2021-03-06;272;31551
3340;10;2021-03-07;62;31613
3341;10;2021-03-08;424;32037
3342;10;2021-03-09;380;32417
3343;10;2021-03-10;408;32825
3344;10;2021-03-11;476;33301
3345;10;2021-03-12;434;33735
3346;10;2021-03-13;300;34035
3347;10;2021-03-14;66;34101
3348;10;2021-03-15;548;34649
3349;10;2021-03-16;478;35127
3350;10;2021-03-17;364;35491
3351;10;2021-03-18;496;35987
3352;10;2021-03-19;510;36497
3353;10;2021-03-20;352;36849
3354;10;2021-03-21;72;36921
3355;10;2021-03-22;658;37579
3356;10;2021-03-23;626;38205
3357;10;2021-03-24;502;38707
3358;10;2021-03-25;516;39223
3359;10;2021-03-26;612;39835
3360;10;2021-03-27;390;40225
3361;10;2021-03-28;80;40305
3362;10;2021-03-29;790;41095
3363;10;2021-03-30;652;41747
3364;10;2021-03-31;558;42305
3365;10;2021-04-01;506;42811
3366;10;2021-04-02;538;43349
3367;10;2021-04-03;354;43703
3368;10;2021-04-04;26;43729
3369;10;2021-04-05;106;43835
3370;10;2021-04-06;578;44413
3371;10;2021-04-07;394;44807
3372;10;2021-04-08;330;45137
3373;10;2021-04-09;364;45501
3374;10;2021-04-10;268;45769
3375;10;2021-04-11;52;45821
3376;10;2021-04-12;474;46295
3377;10;2021-04-13;308;46603
3378;10;2021-04-14;308;46911
3379;10;2021-04-15;352;47263
3380;11;2020-05-13;26;26
3381;11;2020-05-14;67;93
3382;11;2020-05-15;2;95
3383;11;2020-05-16;0;95
3384;11;2020-05-17;0;95
3385;11;2020-05-18;18;113
3386;11;2020-05-19;6;119
3387;11;2020-05-20;14;133
3388;11;2020-05-21;0;133
3389;11;2020-05-22;8;141
3390;11;2020-05-23;0;141
3391;11;2020-05-24;2;143
3392;11;2020-05-25;4;147
3393;11;2020-05-26;0;147
3394;11;2020-05-27;0;147
3395;11;2020-05-28;0;147
3396;11;2020-05-29;2;149
3397;11;2020-05-30;0;149
3398;11;2020-05-31;0;149
3399;11;2020-06-01;0;149
3400;11;2020-06-02;0;149
3401;11;2020-06-03;0;149
3402;11;2020-06-04;2;151
3403;11;2020-06-05;0;151
3404;11;2020-06-06;2;153
3405;11;2020-06-07;0;153
3406;11;2020-06-08;0;153
3407;11;2020-06-09;0;153
3408;11;2020-06-10;2;155
3409;11;2020-06-11;2;157
3410;11;2020-06-12;0;157
3411;11;2020-06-13;0;157
3412;11;2020-06-14;0;157
3413;11;2020-06-15;2;159
3414;11;2020-06-16;0;159
3415;11;2020-06-17;2;161
3416;11;2020-06-18;4;165
3417;11;2020-06-19;4;169
3418;11;2020-06-20;0;169
3419;11;2020-06-21;0;169
3420;11;2020-06-22;0;169
3421;11;2020-06-23;0;169
3422;11;2020-06-24;0;169
3423;11;2020-06-25;0;169
3424;11;2020-06-26;0;169
3425;11;2020-06-27;0;169
3426;11;2020-06-28;0;169
3427;11;2020-06-29;2;171
3428;11;2020-06-30;0;171
3429;11;2020-07-01;2;173
3430;11;2020-07-02;0;173
3431;11;2020-07-03;0;173
3432;11;2020-07-04;0;173
3433;11;2020-07-05;0;173
3434;11;2020-07-06;2;175
3435;11;2020-07-07;0;175
3436;11;2020-07-08;0;175
3437;11;2020-07-09;0;175
3438;11;2020-07-10;0;175
3439;11;2020-07-11;0;175
3440;11;2020-07-12;0;175
3441;11;2020-07-13;0;175
3442;11;2020-07-14;0;175
3443;11;2020-07-15;0;175
3444;11;2020-07-16;0;175
3445;11;2020-07-17;2;177
3446;11;2020-07-18;0;177
3447;11;2020-07-19;0;177
3448;11;2020-07-20;2;179
3449;11;2020-07-21;2;181
3450;11;2020-07-22;6;187
3451;11;2020-07-23;2;189
3452;11;2020-07-24;2;191
3453;11;2020-07-25;0;191
3454;11;2020-07-26;2;193
3455;11;2020-07-27;4;197
3456;11;2020-07-28;0;197
3457;11;2020-07-29;0;197
3458;11;2020-07-30;2;199
3459;11;2020-07-31;0;199
3460;11;2020-08-01;0;199
3461;11;2020-08-02;0;199
3462;11;2020-08-03;2;201
3463;11;2020-08-04;10;211
3464;11;2020-08-05;8;219
3465;11;2020-08-06;4;223
3466;11;2020-08-07;4;227
3467;11;2020-08-08;0;227
3468;11;2020-08-09;0;227
3469;11;2020-08-10;16;243
3470;11;2020-08-11;14;257
3471;11;2020-08-12;26;283
3472;11;2020-08-13;16;299
3473;11;2020-08-14;14;313
3474;11;2020-08-15;2;315
3475;11;2020-08-16;0;315
3476;11;2020-08-17;26;341
3477;11;2020-08-18;24;365
3478;11;2020-08-19;30;395
3479;11;2020-08-20;16;411
3480;11;2020-08-21;14;425
3481;11;2020-08-22;12;437
3482;11;2020-08-23;4;441
3483;11;2020-08-24;46;487
3484;11;2020-08-25;24;511
3485;11;2020-08-26;38;549
3486;11;2020-08-27;44;593
3487;11;2020-08-28;36;629
3488;11;2020-08-29;10;639
3489;11;2020-08-30;4;643
3490;11;2020-08-31;74;717
3491;11;2020-09-01;64;781
3492;11;2020-09-02;72;853
3493;11;2020-09-03;56;909
3494;11;2020-09-04;68;977
3495;11;2020-09-05;30;1007
3496;11;2020-09-06;4;1011
3497;11;2020-09-07;70;1081
3498;11;2020-09-08;46;1127
3499;11;2020-09-09;76;1203
3500;11;2020-09-10;36;1239
3501;11;2020-09-11;53;1292
3502;11;2020-09-12;18;1310
3503;11;2020-09-13;2;1312
3504;11;2020-09-14;74;1386
3505;11;2020-09-15;70;1456
3506;11;2020-09-16;86;1542
3507;11;2020-09-17;72;1614
3508;11;2020-09-18;77;1691
3509;11;2020-09-19;36;1727
3510;11;2020-09-20;6;1733
3511;11;2020-09-21;114;1847
3512;11;2020-09-22;68;1915
3513;11;2020-09-23;72;1987
3514;11;2020-09-24;74;2061
3515;11;2020-09-25;118;2179
3516;11;2020-09-26;38;2217
3517;11;2020-09-27;6;2223
3518;11;2020-09-28;104;2327
3519;11;2020-09-29;78;2405
3520;11;2020-09-30;102;2507
3521;11;2020-10-01;122;2629
3522;11;2020-10-02;98;2727
3523;11;2020-10-03;42;2769
3524;11;2020-10-04;4;2773
3525;11;2020-10-05;132;2905
3526;11;2020-10-06;170;3075
3527;11;2020-10-07;132;3207
3528;11;2020-10-08;130;3337
3529;11;2020-10-09;138;3475
3530;11;2020-10-10;70;3545
3531;11;2020-10-11;6;3551
3532;11;2020-10-12;234;3785
3533;11;2020-10-13;178;3963
3534;11;2020-10-14;194;4157
3535;11;2020-10-15;136;4293
3536;11;2020-10-16;194;4487
3537;11;2020-10-17;98;4585
3538;11;2020-10-18;16;4601
3539;11;2020-10-19;362;4963
3540;11;2020-10-20;346;5309
3541;11;2020-10-21;291;5600
3542;11;2020-10-22;276;5876
3543;11;2020-10-23;436;6312
3544;11;2020-10-24;128;6440
3545;11;2020-10-25;16;6456
3546;11;2020-10-26;609;7065
3547;11;2020-10-27;405;7470
3548;11;2020-10-28;437;7907
3549;11;2020-10-29;394;8301
3550;11;2020-10-30;487;8788
3551;11;2020-10-31;86;8874
3552;11;2020-11-01;6;8880
3553;11;2020-11-02;630;9510
3554;11;2020-11-03;489;9999
3555;11;2020-11-04;418;10417
3556;11;2020-11-05;336;10753
3557;11;2020-11-06;442;11195
3558;11;2020-11-07;133;11328
3559;11;2020-11-08;32;11360
3560;11;2020-11-09;442;11802
3561;11;2020-11-10;318;12120
3562;11;2020-11-11;38;12158
3563;11;2020-11-12;271;12429
3564;11;2020-11-13;176;12605
3565;11;2020-11-14;64;12669
3566;11;2020-11-15;12;12681
3567;11;2020-11-16;190;12871
3568;11;2020-11-17;114;12985
3569;11;2020-11-18;120;13105
3570;11;2020-11-19;84;13189
3571;11;2020-11-20;96;13285
3572;11;2020-11-21;31;13316
3573;11;2020-11-22;0;13316
3574;11;2020-11-23;69;13385
3575;11;2020-11-24;54;13439
3576;11;2020-11-25;95;13534
3577;11;2020-11-26;52;13586
3578;11;2020-11-27;74;13660
3579;11;2020-11-28;16;13676
3580;11;2020-11-29;2;13678
3581;11;2020-11-30;107;13785
3582;11;2020-12-01;68;13853
3583;11;2020-12-02;79;13932
3584;11;2020-12-03;66;13998
3585;11;2020-12-04;106;14104
3586;11;2020-12-05;32;14136
3587;11;2020-12-06;2;14138
3588;11;2020-12-07;86;14224
3589;11;2020-12-08;84;14308
3590;11;2020-12-09;82;14390
3591;11;2020-12-10;60;14450
3592;11;2020-12-11;88;14538
3593;11;2020-12-12;42;14580
3594;11;2020-12-13;6;14586
3595;11;2020-12-14;104;14690
3596;11;2020-12-15;98;14788
3597;11;2020-12-16;68;14856
3598;11;2020-12-17;90;14946
3599;11;2020-12-18;146;15092
3600;11;2020-12-19;53;15145
3601;11;2020-12-20;10;15155
3602;11;2020-12-21;158;15313
3603;11;2020-12-22;208;15521
3604;11;2020-12-23;136;15657
3605;11;2020-12-24;118;15775
3606;11;2020-12-25;6;15781
3607;11;2020-12-26;76;15857
3608;11;2020-12-27;22;15879
3609;11;2020-12-28;188;16067
3610;11;2020-12-29;250;16317
3611;11;2020-12-30;312;16629
3612;11;2020-12-31;110;16739
3613;11;2021-01-01;12;16751
3614;11;2021-01-02;128;16879
3615;11;2021-01-03;8;16887
3616;11;2021-01-04;352;17239
3617;11;2021-01-05;270;17509
3618;11;2021-01-06;204;17713
3619;11;2021-01-07;186;17899
3620;11;2021-01-08;216;18115
3621;11;2021-01-09;112;18227
3622;11;2021-01-10;12;18239
3623;11;2021-01-11;304;18543
3624;11;2021-01-12;187;18730
3625;11;2021-01-13;338;19068
3626;11;2021-01-14;182;19250
3627;11;2021-01-15;188;19438
3628;11;2021-01-16;104;19542
3629;11;2021-01-17;14;19556
3630;11;2021-01-18;352;19908
3631;11;2021-01-19;270;20178
3632;11;2021-01-20;268;20446
3633;11;2021-01-21;192;20638
3634;11;2021-01-22;222;20860
3635;11;2021-01-23;120;20980
3636;11;2021-01-24;26;21006
3637;11;2021-01-25;376;21382
3638;11;2021-01-26;310;21692
3639;11;2021-01-27;280;21972
3640;11;2021-01-28;250;22222
3641;11;2021-01-29;222;22444
3642;11;2021-01-30;157;22601
3643;11;2021-01-31;20;22621
3644;11;2021-02-01;370;22991
3645;11;2021-02-02;262;23253
3646;11;2021-02-03;242;23495
3647;11;2021-02-04;256;23751
3648;11;2021-02-05;194;23945
3649;11;2021-02-06;150;24095
3650;11;2021-02-07;20;24115
3651;11;2021-02-08;258;24373
3652;11;2021-02-09;210;24583
3653;11;2021-02-10;248;24831
3654;11;2021-02-11;173;25004
3655;11;2021-02-12;202;25206
3656;11;2021-02-13;136;25342
3657;11;2021-02-14;30;25372
3658;11;2021-02-15;243;25615
3659;11;2021-02-16;128;25743
3660;11;2021-02-17;150;25893
3661;11;2021-02-18;132;26025
3662;11;2021-02-19;139;26164
3663;11;2021-02-20;84;26248
3664;11;2021-02-21;4;26252
3665;11;2021-02-22;184;26436
3666;11;2021-02-23;162;26598
3667;11;2021-02-24;144;26742
3668;11;2021-02-25;138;26880
3669;11;2021-02-26;132;27012
3670;11;2021-02-27;80;27092
3671;11;2021-02-28;16;27108
3672;11;2021-03-01;229;27337
3673;11;2021-03-02;134;27471
3674;11;2021-03-03;118;27589
3675;11;2021-03-04;112;27701
3676;11;2021-03-05;114;27815
3677;11;2021-03-06;76;27891
3678;11;2021-03-07;4;27895
3679;11;2021-03-08;158;28053
3680;11;2021-03-09;152;28205
3681;11;2021-03-10;166;28371
3682;11;2021-03-11;172;28543
3683;11;2021-03-12;142;28685
3684;11;2021-03-13;94;28779
3685;11;2021-03-14;12;28791
3686;11;2021-03-15;298;29089
3687;11;2021-03-16;248;29337
3688;11;2021-03-17;178;29515
3689;11;2021-03-18;150;29665
3690;11;2021-03-19;143;29808
3691;11;2021-03-20;114;29922
3692;11;2021-03-21;20;29942
3693;11;2021-03-22;328;30270
3694;11;2021-03-23;240;30510
3695;11;2021-03-24;240;30750
3696;11;2021-03-25;229;30979
3697;11;2021-03-26;268;31247
3698;11;2021-03-27;150;31397
3699;11;2021-03-28;20;31417
3700;11;2021-03-29;450;31867
3701;11;2021-03-30;336;32203
3702;11;2021-03-31;354;32557
3703;11;2021-04-01;340;32897
3704;11;2021-04-02;314;33211
3705;11;2021-04-03;216;33427
3706;11;2021-04-04;28;33455
3707;11;2021-04-05;36;33491
3708;11;2021-04-06;476;33967
3709;11;2021-04-07;346;34313
3710;11;2021-04-08;284;34597
3711;11;2021-04-09;324;34921
3712;11;2021-04-10;160;35081
3713;11;2021-04-11;10;35091
3714;11;2021-04-12;418;35509
3715;11;2021-04-13;276;35785
3716;11;2021-04-14;252;36037
3717;11;2021-04-15;244;36281
3718;12;2020-05-13;4;4
3719;12;2020-05-14;28;32
3720;12;2020-05-15;22;54
3721;12;2020-05-16;2;56
3722;12;2020-05-17;0;56
3723;12;2020-05-18;6;62
3724;12;2020-05-19;4;66
3725;12;2020-05-20;0;66
3726;12;2020-05-21;0;66
3727;12;2020-05-22;0;66
3728;12;2020-05-23;0;66
3729;12;2020-05-24;0;66
3730;12;2020-05-25;4;70
3731;12;2020-05-26;4;74
3732;12;2020-05-27;0;74
3733;12;2020-05-28;2;76
3734;12;2020-05-29;0;76
3735;12;2020-05-30;0;76
3736;12;2020-05-31;0;76
3737;12;2020-06-01;0;76
3738;12;2020-06-02;0;76
3739;12;2020-06-03;0;76
3740;12;2020-06-04;0;76
3741;12;2020-06-05;0;76
3742;12;2020-06-06;0;76
3743;12;2020-06-07;0;76
3744;12;2020-06-08;0;76
3745;12;2020-06-09;0;76
3746;12;2020-06-10;0;76
3747;12;2020-06-11;0;76
3748;12;2020-06-12;0;76
3749;12;2020-06-13;0;76
3750;12;2020-06-14;0;76
3751;12;2020-06-15;0;76
3752;12;2020-06-16;2;78
3753;12;2020-06-17;0;78
3754;12;2020-06-18;0;78
3755;12;2020-06-19;2;80
3756;12;2020-06-20;0;80
3757;12;2020-06-21;0;80
3758;12;2020-06-22;4;84
3759;12;2020-06-23;0;84
3760;12;2020-06-24;2;86
3761;12;2020-06-25;0;86
3762;12;2020-06-26;4;90
3763;12;2020-06-27;2;92
3764;12;2020-06-28;2;94
3765;12;2020-06-29;0;94
3766;12;2020-06-30;0;94
3767;12;2020-07-01;0;94
3768;12;2020-07-02;0;94
3769;12;2020-07-03;0;94
3770;12;2020-07-04;0;94
3771;12;2020-07-05;0;94
3772;12;2020-07-06;2;96
3773;12;2020-07-07;2;98
3774;12;2020-07-08;0;98
3775;12;2020-07-09;0;98
3776;12;2020-07-10;0;98
3777;12;2020-07-11;0;98
3778;12;2020-07-12;0;98
3779;12;2020-07-13;0;98
3780;12;2020-07-14;0;98
3781;12;2020-07-15;0;98
3782;12;2020-07-16;0;98
3783;12;2020-07-17;0;98
3784;12;2020-07-18;0;98
3785;12;2020-07-19;0;98
3786;12;2020-07-20;0;98
3787;12;2020-07-21;0;98
3788;12;2020-07-22;2;100
3789;12;2020-07-23;0;100
3790;12;2020-07-24;4;104
3791;12;2020-07-25;2;106
3792;12;2020-07-26;2;108
3793;12;2020-07-27;5;113
3794;12;2020-07-28;2;115
3795;12;2020-07-29;2;117
3796;12;2020-07-30;6;123
3797;12;2020-07-31;6;129
3798;12;2020-08-01;2;131
3799;12;2020-08-02;4;135
3800;12;2020-08-03;4;139
3801;12;2020-08-04;4;143
3802;12;2020-08-05;6;149
3803;12;2020-08-06;0;149
3804;12;2020-08-07;2;151
3805;12;2020-08-08;0;151
3806;12;2020-08-09;0;151
3807;12;2020-08-10;6;157
3808;12;2020-08-11;0;157
3809;12;2020-08-12;10;167
3810;12;2020-08-13;16;183
3811;12;2020-08-14;10;193
3812;12;2020-08-15;2;195
3813;12;2020-08-16;0;195
3814;12;2020-08-17;12;207
3815;12;2020-08-18;16;223
3816;12;2020-08-19;8;231
3817;12;2020-08-20;14;245
3818;12;2020-08-21;14;259
3819;12;2020-08-22;0;259
3820;12;2020-08-23;2;261
3821;12;2020-08-24;24;285
3822;12;2020-08-25;12;297
3823;12;2020-08-26;22;319
3824;12;2020-08-27;30;349
3825;12;2020-08-28;58;407
3826;12;2020-08-29;8;415
3827;12;2020-08-30;2;417
3828;12;2020-08-31;32;449
3829;12;2020-09-01;36;485
3830;12;2020-09-02;24;509
3831;12;2020-09-03;42;551
3832;12;2020-09-04;40;591
3833;12;2020-09-05;100;691
3834;12;2020-09-06;2;693
3835;12;2020-09-07;70;763
3836;12;2020-09-08;54;817
3837;12;2020-09-09;40;857
3838;12;2020-09-10;104;961
3839;12;2020-09-11;40;1001
3840;12;2020-09-12;30;1031
3841;12;2020-09-13;0;1031
3842;12;2020-09-14;94;1125
3843;12;2020-09-15;54;1179
3844;12;2020-09-16;78;1257
3845;12;2020-09-17;96;1353
3846;12;2020-09-18;74;1427
3847;12;2020-09-19;36;1463
3848;12;2020-09-20;2;1465
3849;12;2020-09-21;124;1589
3850;12;2020-09-22;64;1653
3851;12;2020-09-23;82;1735
3852;12;2020-09-24;72;1807
3853;12;2020-09-25;70;1877
3854;12;2020-09-26;34;1911
3855;12;2020-09-27;4;1915
3856;12;2020-09-28;96;2011
3857;12;2020-09-29;46;2057
3858;12;2020-09-30;64;2121
3859;12;2020-10-01;86;2207
3860;12;2020-10-02;52;2259
3861;12;2020-10-03;66;2325
3862;12;2020-10-04;4;2329
3863;12;2020-10-05;170;2499
3864;12;2020-10-06;110;2609
3865;12;2020-10-07;166;2775
3866;12;2020-10-08;180;2955
3867;12;2020-10-09;336;3291
3868;12;2020-10-10;64;3355
3869;12;2020-10-11;4;3359
3870;12;2020-10-12;434;3793
3871;12;2020-10-13;188;3981
3872;12;2020-10-14;288;4269
3873;12;2020-10-15;250;4519
3874;12;2020-10-16;302;4821
3875;12;2020-10-17;126;4947
3876;12;2020-10-18;12;4959
3877;12;2020-10-19;460;5419
3878;12;2020-10-20;378;5797
3879;12;2020-10-21;346;6143
3880;12;2020-10-22;438;6581
3881;12;2020-10-23;468;7049
3882;12;2020-10-24;142;7191
3883;12;2020-10-25;28;7219
3884;12;2020-10-26;552;7771
3885;12;2020-10-27;508;8279
3886;12;2020-10-28;436;8715
3887;12;2020-10-29;518;9233
3888;12;2020-10-30;614;9847
3889;12;2020-10-31;196;10043
3890;12;2020-11-01;16;10059
3891;12;2020-11-02;608;10667
3892;12;2020-11-03;384;11051
3893;12;2020-11-04;350;11401
3894;12;2020-11-05;400;11801
3895;12;2020-11-06;286;12087
3896;12;2020-11-07;148;12235
3897;12;2020-11-08;26;12261
3898;12;2020-11-09;352;12613
3899;12;2020-11-10;216;12829
3900;12;2020-11-11;16;12845
3901;12;2020-11-12;304;13149
3902;12;2020-11-13;180;13329
3903;12;2020-11-14;74;13403
3904;12;2020-11-15;10;13413
3905;12;2020-11-16;160;13573
3906;12;2020-11-17;114;13687
3907;12;2020-11-18;84;13771
3908;12;2020-11-19;134;13905
3909;12;2020-11-20;118;14023
3910;12;2020-11-21;40;14063
3911;12;2020-11-22;2;14065
3912;12;2020-11-23;98;14163
3913;12;2020-11-24;54;14217
3914;12;2020-11-25;88;14305
3915;12;2020-11-26;104;14409
3916;12;2020-11-27;146;14555
3917;12;2020-11-28;26;14581
3918;12;2020-11-29;8;14589
3919;12;2020-11-30;64;14653
3920;12;2020-12-01;64;14717
3921;12;2020-12-02;30;14747
3922;12;2020-12-03;58;14805
3923;12;2020-12-04;122;14927
3924;12;2020-12-05;22;14949
3925;12;2020-12-06;0;14949
3926;12;2020-12-07;52;15001
3927;12;2020-12-08;34;15035
3928;12;2020-12-09;36;15071
3929;12;2020-12-10;82;15153
3930;12;2020-12-11;64;15217
3931;12;2020-12-12;18;15235
3932;12;2020-12-13;0;15235
3933;12;2020-12-14;118;15353
3934;12;2020-12-15;34;15387
3935;12;2020-12-16;40;15427
3936;12;2020-12-17;156;15583
3937;12;2020-12-18;74;15657
3938;12;2020-12-19;32;15689
3939;12;2020-12-20;0;15689
3940;12;2020-12-21;120;15809
3941;12;2020-12-22;62;15871
3942;12;2020-12-23;118;15989
3943;12;2020-12-24;74;16063
3944;12;2020-12-25;6;16069
3945;12;2020-12-26;76;16145
3946;12;2020-12-27;14;16159
3947;12;2020-12-28;124;16283
3948;12;2020-12-29;60;16343
3949;12;2020-12-30;124;16467
3950;12;2020-12-31;112;16579
3951;12;2021-01-01;2;16581
3952;12;2021-01-02;48;16629
3953;12;2021-01-03;12;16641
3954;12;2021-01-04;120;16761
3955;12;2021-01-05;112;16873
3956;12;2021-01-06;130;17003
3957;12;2021-01-07;94;17097
3958;12;2021-01-08;72;17169
3959;12;2021-01-09;88;17257
3960;12;2021-01-10;26;17283
3961;12;2021-01-11;196;17479
3962;12;2021-01-12;122;17601
3963;12;2021-01-13;108;17709
3964;12;2021-01-14;142;17851
3965;12;2021-01-15;166;18017
3966;12;2021-01-16;72;18089
3967;12;2021-01-17;4;18093
3968;12;2021-01-18;236;18329
3969;12;2021-01-19;148;18477
3970;12;2021-01-20;126;18603
3971;12;2021-01-21;128;18731
3972;12;2021-01-22;126;18857
3973;12;2021-01-23;82;18939
3974;12;2021-01-24;20;18959
3975;12;2021-01-25;200;19159
3976;12;2021-01-26;108;19267
3977;12;2021-01-27;128;19395
3978;12;2021-01-28;106;19501
3979;12;2021-01-29;146;19647
3980;12;2021-01-30;98;19745
3981;12;2021-01-31;8;19753
3982;12;2021-02-01;212;19965
3983;12;2021-02-02;154;20119
3984;12;2021-02-03;164;20283
3985;12;2021-02-04;108;20391
3986;12;2021-02-05;156;20547
3987;12;2021-02-06;66;20613
3988;12;2021-02-07;4;20617
3989;12;2021-02-08;178;20795
3990;12;2021-02-09;130;20925
3991;12;2021-02-10;128;21053
3992;12;2021-02-11;92;21145
3993;12;2021-02-12;102;21247
3994;12;2021-02-13;82;21329
3995;12;2021-02-14;14;21343
3996;12;2021-02-15;136;21479
3997;12;2021-02-16;120;21599
3998;12;2021-02-17;126;21725
3999;12;2021-02-18;140;21865
4000;12;2021-02-19;124;21989
4001;12;2021-02-20;44;22033
4002;12;2021-02-21;10;22043
4003;12;2021-02-22;124;22167
4004;12;2021-02-23;60;22227
4005;12;2021-02-24;70;22297
4006;12;2021-02-25;74;22371
4007;12;2021-02-26;48;22419
4008;12;2021-02-27;58;22477
4009;12;2021-02-28;12;22489
4010;12;2021-03-01;119;22608
4011;12;2021-03-02;72;22680
4012;12;2021-03-03;106;22786
4013;12;2021-03-04;82;22868
4014;12;2021-03-05;102;22970
4015;12;2021-03-06;84;23054
4016;12;2021-03-07;12;23066
4017;12;2021-03-08;156;23222
4018;12;2021-03-09;108;23330
4019;12;2021-03-10;108;23438
4020;12;2021-03-11;106;23544
4021;12;2021-03-12;132;23676
4022;12;2021-03-13;100;23776
4023;12;2021-03-14;6;23782
4024;12;2021-03-15;234;24016
4025;12;2021-03-16;162;24178
4026;12;2021-03-17;150;24328
4027;12;2021-03-18;142;24470
4028;12;2021-03-19;302;24772
4029;12;2021-03-20;78;24850
4030;12;2021-03-21;10;24860
4031;12;2021-03-22;276;25136
4032;12;2021-03-23;254;25390
4033;12;2021-03-24;234;25624
4034;12;2021-03-25;260;25884
4035;12;2021-03-26;316;26200
4036;12;2021-03-27;172;26372
4037;12;2021-03-28;2;26374
4038;12;2021-03-29;362;26736
4039;12;2021-03-30;302;27038
4040;12;2021-03-31;314;27352
4041;12;2021-04-01;280;27632
4042;12;2021-04-02;288;27920
4043;12;2021-04-03;202;28122
4044;12;2021-04-04;22;28144
4045;12;2021-04-05;24;28168
4046;12;2021-04-06;420;28588
4047;12;2021-04-07;300;28888
4048;12;2021-04-08;280;29168
4049;12;2021-04-09;318;29486
4050;12;2021-04-10;168;29654
4051;12;2021-04-11;20;29674
4052;12;2021-04-12;330;30004
4053;12;2021-04-13;206;30210
4054;12;2021-04-14;200;30410
4055;12;2021-04-15;146;30556
4056;13;2020-05-13;125;125
4057;13;2020-05-14;99;224
4058;13;2020-05-15;95;319
4059;13;2020-05-16;26;345
4060;13;2020-05-17;6;351
4061;13;2020-05-18;121;472
4062;13;2020-05-19;64;536
4063;13;2020-05-20;92;628
4064;13;2020-05-21;14;642
4065;13;2020-05-22;66;708
4066;13;2020-05-23;16;724
4067;13;2020-05-24;2;726
4068;13;2020-05-25;48;774
4069;13;2020-05-26;52;826
4070;13;2020-05-27;44;870
4071;13;2020-05-28;70;940
4072;13;2020-05-29;24;964
4073;13;2020-05-30;18;982
4074;13;2020-05-31;42;1024
4075;13;2020-06-01;12;1036
4076;13;2020-06-02;50;1086
4077;13;2020-06-03;72;1158
4078;13;2020-06-04;129;1287
4079;13;2020-06-05;64;1351
4080;13;2020-06-06;34;1385
4081;13;2020-06-07;8;1393
4082;13;2020-06-08;64;1457
4083;13;2020-06-09;70;1527
4084;13;2020-06-10;54;1581
4085;13;2020-06-11;154;1735
4086;13;2020-06-12;48;1783
4087;13;2020-06-13;8;1791
4088;13;2020-06-14;6;1797
4089;13;2020-06-15;66;1863
4090;13;2020-06-16;38;1901
4091;13;2020-06-17;32;1933
4092;13;2020-06-18;38;1971
4093;13;2020-06-19;15;1986
4094;13;2020-06-20;2;1988
4095;13;2020-06-21;8;1996
4096;13;2020-06-22;12;2008
4097;13;2020-06-23;28;2036
4098;13;2020-06-24;22;2058
4099;13;2020-06-25;14;2072
4100;13;2020-06-26;24;2096
4101;13;2020-06-27;16;2112
4102;13;2020-06-28;2;2114
4103;13;2020-06-29;54;2168
4104;13;2020-06-30;22;2190
4105;13;2020-07-01;12;2202
4106;13;2020-07-02;30;2232
4107;13;2020-07-03;48;2280
4108;13;2020-07-04;18;2298
4109;13;2020-07-05;2;2300
4110;13;2020-07-06;44;2344
4111;13;2020-07-07;38;2382
4112;13;2020-07-08;90;2472
4113;13;2020-07-09;109;2581
4114;13;2020-07-10;46;2627
4115;13;2020-07-11;18;2645
4116;13;2020-07-12;8;2653
4117;13;2020-07-13;94;2747
4118;13;2020-07-14;6;2753
4119;13;2020-07-15;72;2825
4120;13;2020-07-16;44;2869
4121;13;2020-07-17;40;2909
4122;13;2020-07-18;30;2939
4123;13;2020-07-19;12;2951
4124;13;2020-07-20;76;3027
4125;13;2020-07-21;74;3101
4126;13;2020-07-22;94;3195
4127;13;2020-07-23;72;3267
4128;13;2020-07-24;80;3347
4129;13;2020-07-25;40;3387
4130;13;2020-07-26;12;3399
4131;13;2020-07-27;154;3553
4132;13;2020-07-28;130;3683
4133;13;2020-07-29;188;3871
4134;13;2020-07-30;224;4095
4135;13;2020-07-31;224;4319
4136;13;2020-08-01;82;4401
4137;13;2020-08-02;22;4423
4138;13;2020-08-03;368;4791
4139;13;2020-08-04;338;5129
4140;13;2020-08-05;348;5477
4141;13;2020-08-06;346;5823
4142;13;2020-08-07;394;6217
4143;13;2020-08-08;148;6365
4144;13;2020-08-09;26;6391
4145;13;2020-08-10;646;7037
4146;13;2020-08-11;484;7521
4147;13;2020-08-12;578;8099
4148;13;2020-08-13;708;8807
4149;13;2020-08-14;954;9761
4150;13;2020-08-15;106;9867
4151;13;2020-08-16;104;9971
4152;13;2020-08-17;1290;11261
4153;13;2020-08-18;924;12185
4154;13;2020-08-19;1189;13374
4155;13;2020-08-20;1064;14438
4156;13;2020-08-21;1112;15550
4157;13;2020-08-22;410;15960
4158;13;2020-08-23;160;16120
4159;13;2020-08-24;1659;17779
4160;13;2020-08-25;1415;19194
4161;13;2020-08-26;1294;20488
4162;13;2020-08-27;1308;21796
4163;13;2020-08-28;1380;23176
4164;13;2020-08-29;624;23800
4165;13;2020-08-30;164;23964
4166;13;2020-08-31;1848;25812
4167;13;2020-09-01;1524;27336
4168;13;2020-09-02;1524;28860
4169;13;2020-09-03;1604;30464
4170;13;2020-09-04;1702;32166
4171;13;2020-09-05;472;32638
4172;13;2020-09-06;200;32838
4173;13;2020-09-07;1976;34814
4174;13;2020-09-08;1718;36532
4175;13;2020-09-09;1692;38224
4176;13;2020-09-10;1651;39875
4177;13;2020-09-11;1618;41493
4178;13;2020-09-12;738;42231
4179;13;2020-09-13;308;42539
4180;13;2020-09-14;1958;44497
4181;13;2020-09-15;1792;46289
4182;13;2020-09-16;1648;47937
4183;13;2020-09-17;1591;49528
4184;13;2020-09-18;1528;51056
4185;13;2020-09-19;548;51604
4186;13;2020-09-20;170;51774
4187;13;2020-09-21;2011;53785
4188;13;2020-09-22;1410;55195
4189;13;2020-09-23;1440;56635
4190;13;2020-09-24;1450;58085
4191;13;2020-09-25;1356;59441
4192;13;2020-09-26;324;59765
4193;13;2020-09-27;124;59889
4194;13;2020-09-28;1518;61407
4195;13;2020-09-29;1364;62771
4196;13;2020-09-30;1398;64169
4197;13;2020-10-01;1480;65649
4198;13;2020-10-02;1699;67348
4199;13;2020-10-03;386;67734
4200;13;2020-10-04;134;67868
4201;13;2020-10-05;2037;69905
4202;13;2020-10-06;1733;71638
4203;13;2020-10-07;1602;73240
4204;13;2020-10-08;1654;74894
4205;13;2020-10-09;1968;76862
4206;13;2020-10-10;524;77386
4207;13;2020-10-11;164;77550
4208;13;2020-10-12;2430;79980
4209;13;2020-10-13;2278;82258
4210;13;2020-10-14;2140;84398
4211;13;2020-10-15;2487;86885
4212;13;2020-10-16;2712;89597
4213;13;2020-10-17;776;90373
4214;13;2020-10-18;264;90637
4215;13;2020-10-19;4258;94895
4216;13;2020-10-20;4015;98910
4217;13;2020-10-21;3940;102850
4218;13;2020-10-22;4356;107206
4219;13;2020-10-23;4502;111708
4220;13;2020-10-24;1342;113050
4221;13;2020-10-25;446;113496
4222;13;2020-10-26;5635;119131
4223;13;2020-10-27;4544;123675
4224;13;2020-10-28;4368;128043
4225;13;2020-10-29;4097;132140
4226;13;2020-10-30;4315;136455
4227;13;2020-10-31;1236;137691
4228;13;2020-11-01;404;138095
4229;13;2020-11-02;5304;143399
4230;13;2020-11-03;4375;147774
4231;13;2020-11-04;3621;151395
4232;13;2020-11-05;3109;154504
4233;13;2020-11-06;2848;157352
4234;13;2020-11-07;739;158091
4235;13;2020-11-08;328;158419
4236;13;2020-11-09;3471;161890
4237;13;2020-11-10;2531;164421
4238;13;2020-11-11;380;164801
4239;13;2020-11-12;2422;167223
4240;13;2020-11-13;2113;169336
4241;13;2020-11-14;423;169759
4242;13;2020-11-15;162;169921
4243;13;2020-11-16;2272;172193
4244;13;2020-11-17;1934;174127
4245;13;2020-11-18;1188;175315
4246;13;2020-11-19;1230;176545
4247;13;2020-11-20;1106;177651
4248;13;2020-11-21;376;178027
4249;13;2020-11-22;132;178159
4250;13;2020-11-23;1276;179435
4251;13;2020-11-24;1109;180544
4252;13;2020-11-25;998;181542
4253;13;2020-11-26;882;182424
4254;13;2020-11-27;1054;183478
4255;13;2020-11-28;438;183916
4256;13;2020-11-29;104;184020
4257;13;2020-11-30;1308;185328
4258;13;2020-12-01;936;186264
4259;13;2020-12-02;866;187130
4260;13;2020-12-03;774;187904
4261;13;2020-12-04;709;188613
4262;13;2020-12-05;586;189199
4263;13;2020-12-06;150;189349
4264;13;2020-12-07;1247;190596
4265;13;2020-12-08;852;191448
4266;13;2020-12-09;852;192300
4267;13;2020-12-10;840;193140
4268;13;2020-12-11;1054;194194
4269;13;2020-12-12;536;194730
4270;13;2020-12-13;194;194924
4271;13;2020-12-14;1537;196461
4272;13;2020-12-15;1132;197593
4273;13;2020-12-16;1056;198649
4274;13;2020-12-17;1106;199755
4275;13;2020-12-18;1364;201119
4276;13;2020-12-19;682;201801
4277;13;2020-12-20;232;202033
4278;13;2020-12-21;1754;203787
4279;13;2020-12-22;1364;205151
4280;13;2020-12-23;1304;206455
4281;13;2020-12-24;1074;207529
4282;13;2020-12-25;114;207643
4283;13;2020-12-26;742;208385
4284;13;2020-12-27;190;208575
4285;13;2020-12-28;2035;210610
4286;13;2020-12-29;1724;212334
4287;13;2020-12-30;1745;214079
4288;13;2020-12-31;1518;215597
4289;13;2021-01-01;182;215779
4290;13;2021-01-02;1128;216907
4291;13;2021-01-03;302;217209
4292;13;2021-01-04;2578;219787
4293;13;2021-01-05;2045;221832
4294;13;2021-01-06;1685;223517
4295;13;2021-01-07;1718;225235
4296;13;2021-01-08;1924;227159
4297;13;2021-01-09;837;227996
4298;13;2021-01-10;234;228230
4299;13;2021-01-11;2973;231203
4300;13;2021-01-12;2172;233375
4301;13;2021-01-13;2058;235433
4302;13;2021-01-14;2172;237605
4303;13;2021-01-15;2229;239834
4304;13;2021-01-16;1206;241040
4305;13;2021-01-17;448;241488
4306;13;2021-01-18;3518;245006
4307;13;2021-01-19;2486;247492
4308;13;2021-01-20;2572;250064
4309;13;2021-01-21;2798;252862
4310;13;2021-01-22;2954;255816
4311;13;2021-01-23;1372;257188
4312;13;2021-01-24;500;257688
4313;13;2021-01-25;3672;261360
4314;13;2021-01-26;2592;263952
4315;13;2021-01-27;2541;266493
4316;13;2021-01-28;2886;269379
4317;13;2021-01-29;2785;272164
4318;13;2021-01-30;1264;273428
4319;13;2021-01-31;482;273910
4320;13;2021-02-01;3844;277754
4321;13;2021-02-02;2916;280670
4322;13;2021-02-03;2556;283226
4323;13;2021-02-04;2834;286060
4324;13;2021-02-05;2532;288592
4325;13;2021-02-06;1300;289892
4326;13;2021-02-07;418;290310
4327;13;2021-02-08;3364;293674
4328;13;2021-02-09;2723;296397
4329;13;2021-02-10;2302;298699
4330;13;2021-02-11;2202;300901
4331;13;2021-02-12;2306;303207
4332;13;2021-02-13;996;304203
4333;13;2021-02-14;304;304507
4334;13;2021-02-15;3092;307599
4335;13;2021-02-16;2430;310029
4336;13;2021-02-17;2129;312158
4337;13;2021-02-18;2340;314498
4338;13;2021-02-19;2362;316860
4339;13;2021-02-20;996;317856
4340;13;2021-02-21;356;318212
4341;13;2021-02-22;3121;321333
4342;13;2021-02-23;2376;323709
4343;13;2021-02-24;1978;325687
4344;13;2021-02-25;2128;327815
4345;13;2021-02-26;2238;330053
4346;13;2021-02-27;1064;331117
4347;13;2021-02-28;318;331435
4348;13;2021-03-01;2864;334299
4349;13;2021-03-02;2004;336303
4350;13;2021-03-03;1842;338145
4351;13;2021-03-04;1940;340085
4352;13;2021-03-05;2277;342362
4353;13;2021-03-06;1082;343444
4354;13;2021-03-07;368;343812
4355;13;2021-03-08;3303;347115
4356;13;2021-03-09;2232;349347
4357;13;2021-03-10;2258;351605
4358;13;2021-03-11;2316;353921
4359;13;2021-03-12;2587;356508
4360;13;2021-03-13;1220;357728
4361;13;2021-03-14;414;358142
4362;13;2021-03-15;3168;361310
4363;13;2021-03-16;2182;363492
4364;13;2021-03-17;2097;365589
4365;13;2021-03-18;2280;367869
4366;13;2021-03-19;2514;370383
4367;13;2021-03-20;1298;371681
4368;13;2021-03-21;408;372089
4369;13;2021-03-22;3872;375961
4370;13;2021-03-23;3116;379077
4371;13;2021-03-24;3234;382311
4372;13;2021-03-25;3290;385601
4373;13;2021-03-26;3608;389209
4374;13;2021-03-27;2000;391209
4375;13;2021-03-28;551;391760
4376;13;2021-03-29;5108;396868
4377;13;2021-03-30;4134;401002
4378;13;2021-03-31;3788;404790
4379;13;2021-04-01;3714;408504
4380;13;2021-04-02;4379;412883
4381;13;2021-04-03;2110;414993
4382;13;2021-04-04;676;415669
4383;13;2021-04-05;1150;416819
4384;13;2021-04-06;5214;422033
4385;13;2021-04-07;3622;425655
4386;13;2021-04-08;3251;428906
4387;13;2021-04-09;3769;432675
4388;13;2021-04-10;2097;434772
4389;13;2021-04-11;714;435486
4390;13;2021-04-12;4846;440332
4391;13;2021-04-13;3428;443760
4392;13;2021-04-14;3148;446908
4393;13;2021-04-15;3157;450065
4394;14;2020-05-13;6;6
4395;14;2020-05-14;13;19
4396;14;2020-05-15;6;25
4397;14;2020-05-16;2;27
4398;14;2020-05-17;10;37
4399;14;2020-05-18;4;41
4400;14;2020-05-19;6;47
4401;14;2020-05-20;0;47
4402;14;2020-05-21;0;47
4403;14;2020-05-22;2;49
4404;14;2020-05-23;6;55
4405;14;2020-05-24;0;55
4406;14;2020-05-25;2;57
4407;14;2020-05-26;4;61
4408;14;2020-05-27;2;63
4409;14;2020-05-28;2;65
4410;14;2020-05-29;6;71
4411;14;2020-05-30;2;73
4412;14;2020-05-31;2;75
4413;14;2020-06-01;2;77
4414;14;2020-06-02;2;79
4415;14;2020-06-03;4;83
4416;14;2020-06-04;0;83
4417;14;2020-06-05;2;85
4418;14;2020-06-06;0;85
4419;14;2020-06-07;0;85
4420;14;2020-06-08;2;87
4421;14;2020-06-09;0;87
4422;14;2020-06-10;4;91
4423;14;2020-06-11;0;91
4424;14;2020-06-12;0;91
4425;14;2020-06-13;2;93
4426;14;2020-06-14;0;93
4427;14;2020-06-15;0;93
4428;14;2020-06-16;4;97
4429;14;2020-06-17;2;99
4430;14;2020-06-18;2;101
4431;14;2020-06-19;2;103
4432;14;2020-06-20;4;107
4433;14;2020-06-21;0;107
4434;14;2020-06-22;2;109
4435;14;2020-06-23;10;119
4436;14;2020-06-24;2;121
4437;14;2020-06-25;0;121
4438;14;2020-06-26;0;121
4439;14;2020-06-27;2;123
4440;14;2020-06-28;0;123
4441;14;2020-06-29;4;127
4442;14;2020-06-30;2;129
4443;14;2020-07-01;6;135
4444;14;2020-07-02;4;139
4445;14;2020-07-03;2;141
4446;14;2020-07-04;4;145
4447;14;2020-07-05;0;145
4448;14;2020-07-06;4;149
4449;14;2020-07-07;14;163
4450;14;2020-07-08;6;169
4451;14;2020-07-09;6;175
4452;14;2020-07-10;6;181
4453;14;2020-07-11;2;183
4454;14;2020-07-12;0;183
4455;14;2020-07-13;10;193
4456;14;2020-07-14;4;197
4457;14;2020-07-15;8;205
4458;14;2020-07-16;24;229
4459;14;2020-07-17;14;243
4460;14;2020-07-18;6;249
4461;14;2020-07-19;0;249
4462;14;2020-07-20;22;271
4463;14;2020-07-21;16;287
4464;14;2020-07-22;12;299
4465;14;2020-07-23;12;311
4466;14;2020-07-24;2;313
4467;14;2020-07-25;8;321
4468;14;2020-07-26;2;323
4469;14;2020-07-27;10;333
4470;14;2020-07-28;10;343
4471;14;2020-07-29;4;347
4472;14;2020-07-30;8;355
4473;14;2020-07-31;12;367
4474;14;2020-08-01;6;373
4475;14;2020-08-02;0;373
4476;14;2020-08-03;4;377
4477;14;2020-08-04;6;383
4478;14;2020-08-05;12;395
4479;14;2020-08-06;4;399
4480;14;2020-08-07;10;409
4481;14;2020-08-08;16;425
4482;14;2020-08-09;10;435
4483;14;2020-08-10;16;451
4484;14;2020-08-11;16;467
4485;14;2020-08-12;18;485
4486;14;2020-08-13;14;499
4487;14;2020-08-14;26;525
4488;14;2020-08-15;18;543
4489;14;2020-08-16;4;547
4490;14;2020-08-17;26;573
4491;14;2020-08-18;28;601
4492;14;2020-08-19;24;625
4493;14;2020-08-20;30;655
4494;14;2020-08-21;30;685
4495;14;2020-08-22;26;711
4496;14;2020-08-23;8;719
4497;14;2020-08-24;24;743
4498;14;2020-08-25;30;773
4499;14;2020-08-26;48;821
4500;14;2020-08-27;54;875
4501;14;2020-08-28;46;921
4502;14;2020-08-29;56;977
4503;14;2020-08-30;26;1003
4504;14;2020-08-31;42;1045
4505;14;2020-09-01;76;1121
4506;14;2020-09-02;48;1169
4507;14;2020-09-03;88;1257
4508;14;2020-09-04;76;1333
4509;14;2020-09-05;34;1367
4510;14;2020-09-06;82;1449
4511;14;2020-09-07;132;1581
4512;14;2020-09-08;120;1701
4513;14;2020-09-09;184;1885
4514;14;2020-09-10;180;2065
4515;14;2020-09-11;152;2217
4516;14;2020-09-12;114;2331
4517;14;2020-09-13;64;2395
4518;14;2020-09-14;208;2603
4519;14;2020-09-15;154;2757
4520;14;2020-09-16;160;2917
4521;14;2020-09-17;114;3031
4522;14;2020-09-18;148;3179
4523;14;2020-09-19;84;3263
4524;14;2020-09-20;22;3285
4525;14;2020-09-21;154;3439
4526;14;2020-09-22;180;3619
4527;14;2020-09-23;132;3751
4528;14;2020-09-24;158;3909
4529;14;2020-09-25;204;4113
4530;14;2020-09-26;68;4181
4531;14;2020-09-27;38;4219
4532;14;2020-09-28;178;4397
4533;14;2020-09-29;216;4613
4534;14;2020-09-30;160;4773
4535;14;2020-10-01;222;4995
4536;14;2020-10-02;302;5297
4537;14;2020-10-03;158;5455
4538;14;2020-10-04;50;5505
4539;14;2020-10-05;376;5881
4540;14;2020-10-06;286;6167
4541;14;2020-10-07;320;6487
4542;14;2020-10-08;402;6889
4543;14;2020-10-09;396;7285
4544;14;2020-10-10;176;7461
4545;14;2020-10-11;116;7577
4546;14;2020-10-12;478;8055
4547;14;2020-10-13;496;8551
4548;14;2020-10-14;468;9019
4549;14;2020-10-15;476;9495
4550;14;2020-10-16;508;10003
4551;14;2020-10-17;310;10313
4552;14;2020-10-18;112;10425
4553;14;2020-10-19;840;11265
4554;14;2020-10-20;606;11871
4555;14;2020-10-21;742;12613
4556;14;2020-10-22;772;13385
4557;14;2020-10-23;850;14235
4558;14;2020-10-24;416;14651
4559;14;2020-10-25;160;14811
4560;14;2020-10-26;990;15801
4561;14;2020-10-27;966;16767
4562;14;2020-10-28;942;17709
4563;14;2020-10-29;820;18529
4564;14;2020-10-30;878;19407
4565;14;2020-10-31;546;19953
4566;14;2020-11-01;190;20143
4567;14;2020-11-02;848;20991
4568;14;2020-11-03;830;21821
4569;14;2020-11-04;602;22423
4570;14;2020-11-05;566;22989
4571;14;2020-11-06;520;23509
4572;14;2020-11-07;292;23801
4573;14;2020-11-08;134;23935
4574;14;2020-11-09;552;24487
4575;14;2020-11-10;484;24971
4576;14;2020-11-11;120;25091
4577;14;2020-11-12;508;25599
4578;14;2020-11-13;418;26017
4579;14;2020-11-14;188;26205
4580;14;2020-11-15;71;26276
4581;14;2020-11-16;434;26710
4582;14;2020-11-17;324;27034
4583;14;2020-11-18;218;27252
4584;14;2020-11-19;190;27442
4585;14;2020-11-20;251;27693
4586;14;2020-11-21;124;27817
4587;14;2020-11-22;38;27855
4588;14;2020-11-23;218;28073
4589;14;2020-11-24;160;28233
4590;14;2020-11-25;159;28392
4591;14;2020-11-26;160;28552
4592;14;2020-11-27;178;28730
4593;14;2020-11-28;62;28792
4594;14;2020-11-29;14;28806
4595;14;2020-11-30;196;29002
4596;14;2020-12-01;134;29136
4597;14;2020-12-02;138;29274
4598;14;2020-12-03;140;29414
4599;14;2020-12-04;144;29558
4600;14;2020-12-05;100;29658
4601;14;2020-12-06;32;29690
4602;14;2020-12-07;262;29952
4603;14;2020-12-08;150;30102
4604;14;2020-12-09;150;30252
4605;14;2020-12-10;240;30492
4606;14;2020-12-11;144;30636
4607;14;2020-12-12;124;30760
4608;14;2020-12-13;56;30816
4609;14;2020-12-14;252;31068
4610;14;2020-12-15;158;31226
4611;14;2020-12-16;162;31388
4612;14;2020-12-17;203;31591
4613;14;2020-12-18;204;31795
4614;14;2020-12-19;150;31945
4615;14;2020-12-20;78;32023
4616;14;2020-12-21;286;32309
4617;14;2020-12-22;256;32565
4618;14;2020-12-23;282;32847
4619;14;2020-12-24;202;33049
4620;14;2020-12-25;24;33073
4621;14;2020-12-26;164;33237
4622;14;2020-12-27;74;33311
4623;14;2020-12-28;328;33639
4624;14;2020-12-29;358;33997
4625;14;2020-12-30;342;34339
4626;14;2020-12-31;256;34595
4627;14;2021-01-01;30;34625
4628;14;2021-01-02;222;34847
4629;14;2021-01-03;98;34945
4630;14;2021-01-04;420;35365
4631;14;2021-01-05;482;35847
4632;14;2021-01-06;366;36213
4633;14;2021-01-07;310;36523
4634;14;2021-01-08;296;36819
4635;14;2021-01-09;214;37033
4636;14;2021-01-10;74;37107
4637;14;2021-01-11;382;37489
4638;14;2021-01-12;344;37833
4639;14;2021-01-13;232;38065
4640;14;2021-01-14;252;38317
4641;14;2021-01-15;326;38643
4642;14;2021-01-16;154;38797
4643;14;2021-01-17;66;38863
4644;14;2021-01-18;346;39209
4645;14;2021-01-19;352;39561
4646;14;2021-01-20;248;39809
4647;14;2021-01-21;271;40080
4648;14;2021-01-22;348;40428
4649;14;2021-01-23;162;40590
4650;14;2021-01-24;72;40662
4651;14;2021-01-25;338;41000
4652;14;2021-01-26;280;41280
4653;14;2021-01-27;306;41586
4654;14;2021-01-28;230;41816
4655;14;2021-01-29;294;42110
4656;14;2021-01-30;210;42320
4657;14;2021-01-31;76;42396
4658;14;2021-02-01;296;42692
4659;14;2021-02-02;230;42922
4660;14;2021-02-03;234;43156
4661;14;2021-02-04;244;43400
4662;14;2021-02-05;250;43650
4663;14;2021-02-06;160;43810
4664;14;2021-02-07;40;43850
4665;14;2021-02-08;234;44084
4666;14;2021-02-09;278;44362
4667;14;2021-02-10;230;44592
4668;14;2021-02-11;230;44822
4669;14;2021-02-12;242;45064
4670;14;2021-02-13;206;45270
4671;14;2021-02-14;58;45328
4672;14;2021-02-15;372;45700
4673;14;2021-02-16;280;45980
4674;14;2021-02-17;302;46282
4675;14;2021-02-18;282;46564
4676;14;2021-02-19;320;46884
4677;14;2021-02-20;186;47070
4678;14;2021-02-21;22;47092
4679;14;2021-02-22;322;47414
4680;14;2021-02-23;296;47710
4681;14;2021-02-24;282;47992
4682;14;2021-02-25;312;48304
4683;14;2021-02-26;298;48602
4684;14;2021-02-27;192;48794
4685;14;2021-02-28;64;48858
4686;14;2021-03-01;332;49190
4687;14;2021-03-02;372;49562
4688;14;2021-03-03;304;49866
4689;14;2021-03-04;320;50186
4690;14;2021-03-05;472;50658
4691;14;2021-03-06;336;50994
4692;14;2021-03-07;70;51064
4693;14;2021-03-08;416;51480
4694;14;2021-03-09;344;51824
4695;14;2021-03-10;488;52312
4696;14;2021-03-11;406;52718
4697;14;2021-03-12;410;53128
4698;14;2021-03-13;330;53458
4699;14;2021-03-14;112;53570
4700;14;2021-03-15;596;54166
4701;14;2021-03-16;510;54676
4702;14;2021-03-17;590;55266
4703;14;2021-03-18;456;55722
4704;14;2021-03-19;492;56214
4705;14;2021-03-20;390;56604
4706;14;2021-03-21;90;56694
4707;14;2021-03-22;554;57248
4708;14;2021-03-23;496;57744
4709;14;2021-03-24;550;58294
4710;14;2021-03-25;522;58816
4711;14;2021-03-26;574;59390
4712;14;2021-03-27;428;59818
4713;14;2021-03-28;134;59952
4714;14;2021-03-29;700;60652
4715;14;2021-03-30;616;61268
4716;14;2021-03-31;649;61917
4717;14;2021-04-01;656;62573
4718;14;2021-04-02;600;63173
4719;14;2021-04-03;426;63599
4720;14;2021-04-04;91;63690
4721;14;2021-04-05;140;63830
4722;14;2021-04-06;716;64546
4723;14;2021-04-07;571;65117
4724;14;2021-04-08;584;65701
4725;14;2021-04-09;640;66341
4726;14;2021-04-10;402;66743
4727;14;2021-04-11;154;66897
4728;14;2021-04-12;644;67541
4729;14;2021-04-13;567;68108
4730;14;2021-04-14;478;68586
4731;14;2021-04-15;554;69140
4732;15;2020-05-13;0;0
4733;15;2020-05-14;4;4
4734;15;2020-05-15;0;4
4735;15;2020-05-16;0;4
4736;15;2020-05-17;0;4
4737;15;2020-05-18;6;10
4738;15;2020-05-19;0;10
4739;15;2020-05-20;0;10
4740;15;2020-05-21;0;10
4741;15;2020-05-22;4;14
4742;15;2020-05-23;0;14
4743;15;2020-05-24;0;14
4744;15;2020-05-25;0;14
4745;15;2020-05-26;0;14
4746;15;2020-05-27;2;16
4747;15;2020-05-28;0;16
4748;15;2020-05-29;0;16
4749;15;2020-05-30;0;16
4750;15;2020-05-31;0;16
4751;15;2020-06-01;0;16
4752;15;2020-06-02;2;18
4753;15;2020-06-03;0;18
4754;15;2020-06-04;0;18
4755;15;2020-06-05;0;18
4756;15;2020-06-06;2;20
4757;15;2020-06-07;0;20
4758;15;2020-06-08;2;22
4759;15;2020-06-09;0;22
4760;15;2020-06-10;0;22
4761;15;2020-06-11;2;24
4762;15;2020-06-12;0;24
4763;15;2020-06-13;0;24
4764;15;2020-06-14;0;24
4765;15;2020-06-15;0;24
4766;15;2020-06-16;0;24
4767;15;2020-06-17;2;26
4768;15;2020-06-18;0;26
4769;15;2020-06-19;0;26
4770;15;2020-06-20;2;28
4771;15;2020-06-21;0;28
4772;15;2020-06-22;0;28
4773;15;2020-06-23;0;28
4774;15;2020-06-24;0;28
4775;15;2020-06-25;0;28
4776;15;2020-06-26;0;28
4777;15;2020-06-27;0;28
4778;15;2020-06-28;0;28
4779;15;2020-06-29;0;28
4780;15;2020-06-30;0;28
4781;15;2020-07-01;0;28
4782;15;2020-07-02;0;28
4783;15;2020-07-03;0;28
4784;15;2020-07-04;0;28
4785;15;2020-07-05;0;28
4786;15;2020-07-06;2;30
4787;15;2020-07-07;0;30
4788;15;2020-07-08;0;30
4789;15;2020-07-09;0;30
4790;15;2020-07-10;0;30
4791;15;2020-07-11;0;30
4792;15;2020-07-12;0;30
4793;15;2020-07-13;2;32
4794;15;2020-07-14;0;32
4795;15;2020-07-15;0;32
4796;15;2020-07-16;0;32
4797;15;2020-07-17;0;32
4798;15;2020-07-18;0;32
4799;15;2020-07-19;0;32
4800;15;2020-07-20;0;32
4801;15;2020-07-21;0;32
4802;15;2020-07-22;0;32
4803;15;2020-07-23;0;32
4804;15;2020-07-24;0;32
4805;15;2020-07-25;0;32
4806;15;2020-07-26;0;32
4807;15;2020-07-27;0;32
4808;15;2020-07-28;0;32
4809;15;2020-07-29;0;32
4810;15;2020-07-30;0;32
4811;15;2020-07-31;0;32
4812;15;2020-08-01;0;32
4813;15;2020-08-02;0;32
4814;15;2020-08-03;2;34
4815;15;2020-08-04;0;34
4816;15;2020-08-05;2;36
4817;15;2020-08-06;0;36
4818;15;2020-08-07;4;40
4819;15;2020-08-08;2;42
4820;15;2020-08-09;0;42
4821;15;2020-08-10;0;42
4822;15;2020-08-11;2;44
4823;15;2020-08-12;0;44
4824;15;2020-08-13;0;44
4825;15;2020-08-14;0;44
4826;15;2020-08-15;2;46
4827;15;2020-08-16;0;46
4828;15;2020-08-17;2;48
4829;15;2020-08-18;4;52
4830;15;2020-08-19;4;56
4831;15;2020-08-20;0;56
4832;15;2020-08-21;4;60
4833;15;2020-08-22;6;66
4834;15;2020-08-23;0;66
4835;15;2020-08-24;2;68
4836;15;2020-08-25;2;70
4837;15;2020-08-26;6;76
4838;15;2020-08-27;4;80
4839;15;2020-08-28;0;80
4840;15;2020-08-29;2;82
4841;15;2020-08-30;2;84
4842;15;2020-08-31;12;96
4843;15;2020-09-01;12;108
4844;15;2020-09-02;14;122
4845;15;2020-09-03;8;130
4846;15;2020-09-04;22;152
4847;15;2020-09-05;0;152
4848;15;2020-09-06;2;154
4849;15;2020-09-07;16;170
4850;15;2020-09-08;8;178
4851;15;2020-09-09;14;192
4852;15;2020-09-10;30;222
4853;15;2020-09-11;12;234
4854;15;2020-09-12;4;238
4855;15;2020-09-13;2;240
4856;15;2020-09-14;6;246
4857;15;2020-09-15;14;260
4858;15;2020-09-16;22;282
4859;15;2020-09-17;24;306
4860;15;2020-09-18;10;316
4861;15;2020-09-19;4;320
4862;15;2020-09-20;0;320
4863;15;2020-09-21;12;332
4864;15;2020-09-22;26;358
4865;15;2020-09-23;28;386
4866;15;2020-09-24;16;402
4867;15;2020-09-25;12;414
4868;15;2020-09-26;16;430
4869;15;2020-09-27;0;430
4870;15;2020-09-28;14;444
4871;15;2020-09-29;34;478
4872;15;2020-09-30;24;502
4873;15;2020-10-01;34;536
4874;15;2020-10-02;16;552
4875;15;2020-10-03;44;596
4876;15;2020-10-04;12;608
4877;15;2020-10-05;74;682
4878;15;2020-10-06;38;720
4879;15;2020-10-07;56;776
4880;15;2020-10-08;80;856
4881;15;2020-10-09;60;916
4882;15;2020-10-10;50;966
4883;15;2020-10-11;4;970
4884;15;2020-10-12;90;1060
4885;15;2020-10-13;44;1104
4886;15;2020-10-14;38;1142
4887;15;2020-10-15;40;1182
4888;15;2020-10-16;70;1252
4889;15;2020-10-17;72;1324
4890;15;2020-10-18;6;1330
4891;15;2020-10-19;86;1416
4892;15;2020-10-20;120;1536
4893;15;2020-10-21;94;1630
4894;15;2020-10-22;133;1763
4895;15;2020-10-23;176;1939
4896;15;2020-10-24;134;2073
4897;15;2020-10-25;6;2079
4898;15;2020-10-26;196;2275
4899;15;2020-10-27;140;2415
4900;15;2020-10-28;144;2559
4901;15;2020-10-29;182;2741
4902;15;2020-10-30;160;2901
4903;15;2020-10-31;106;3007
4904;15;2020-11-01;8;3015
4905;15;2020-11-02;182;3197
4906;15;2020-11-03;162;3359
4907;15;2020-11-04;138;3497
4908;15;2020-11-05;160;3657
4909;15;2020-11-06;132;3789
4910;15;2020-11-07;66;3855
4911;15;2020-11-08;6;3861
4912;15;2020-11-09;150;4011
4913;15;2020-11-10;110;4121
4914;15;2020-11-11;46;4167
4915;15;2020-11-12;98;4265
4916;15;2020-11-13;92;4357
4917;15;2020-11-14;50;4407
4918;15;2020-11-15;14;4421
4919;15;2020-11-16;216;4637
4920;15;2020-11-17;56;4693
4921;15;2020-11-18;44;4737
4922;15;2020-11-19;56;4793
4923;15;2020-11-20;38;4831
4924;15;2020-11-21;14;4845
4925;15;2020-11-22;4;4849
4926;15;2020-11-23;80;4929
4927;15;2020-11-24;80;5009
4928;15;2020-11-25;26;5035
4929;15;2020-11-26;36;5071
4930;15;2020-11-27;36;5107
4931;15;2020-11-28;16;5123
4932;15;2020-11-29;4;5127
4933;15;2020-11-30;44;5171
4934;15;2020-12-01;78;5249
4935;15;2020-12-02;24;5273
4936;15;2020-12-03;20;5293
4937;15;2020-12-04;60;5353
4938;15;2020-12-05;14;5367
4939;15;2020-12-06;0;5367
4940;15;2020-12-07;86;5453
4941;15;2020-12-08;66;5519
4942;15;2020-12-09;20;5539
4943;15;2020-12-10;44;5583
4944;15;2020-12-11;74;5657
4945;15;2020-12-12;34;5691
4946;15;2020-12-13;30;5721
4947;15;2020-12-14;138;5859
4948;15;2020-12-15;84;5943
4949;15;2020-12-16;86;6029
4950;15;2020-12-17;60;6089
4951;15;2020-12-18;118;6207
4952;15;2020-12-19;70;6277
4953;15;2020-12-20;28;6305
4954;15;2020-12-21;102;6407
4955;15;2020-12-22;62;6469
4956;15;2020-12-23;60;6529
4957;15;2020-12-24;70;6599
4958;15;2020-12-25;2;6601
4959;15;2020-12-26;34;6635
4960;15;2020-12-27;6;6641
4961;15;2020-12-28;78;6719
4962;15;2020-12-29;72;6791
4963;15;2020-12-30;88;6879
4964;15;2020-12-31;22;6901
4965;15;2021-01-01;4;6905
4966;15;2021-01-02;38;6943
4967;15;2021-01-03;2;6945
4968;15;2021-01-04;84;7029
4969;15;2021-01-05;58;7087
4970;15;2021-01-06;98;7185
4971;15;2021-01-07;98;7283
4972;15;2021-01-08;42;7325
4973;15;2021-01-09;18;7343
4974;15;2021-01-10;8;7351
4975;15;2021-01-11;114;7465
4976;15;2021-01-12;56;7521
4977;15;2021-01-13;68;7589
4978;15;2021-01-14;58;7647
4979;15;2021-01-15;40;7687
4980;15;2021-01-16;34;7721
4981;15;2021-01-17;18;7739
4982;15;2021-01-18;98;7837
4983;15;2021-01-19;72;7909
4984;15;2021-01-20;119;8028
4985;15;2021-01-21;76;8104
4986;15;2021-01-22;58;8162
4987;15;2021-01-23;44;8206
4988;15;2021-01-24;16;8222
4989;15;2021-01-25;160;8382
4990;15;2021-01-26;82;8464
4991;15;2021-01-27;148;8612
4992;15;2021-01-28;70;8682
4993;15;2021-01-29;68;8750
4994;15;2021-01-30;66;8816
4995;15;2021-01-31;8;8824
4996;15;2021-02-01;118;8942
4997;15;2021-02-02;94;9036
4998;15;2021-02-03;68;9104
4999;15;2021-02-04;54;9158
5000;15;2021-02-05;98;9256
5001;15;2021-02-06;18;9274
5002;15;2021-02-07;4;9278
5003;15;2021-02-08;104;9382
5004;15;2021-02-09;66;9448
5005;15;2021-02-10;40;9488
5006;15;2021-02-11;52;9540
5007;15;2021-02-12;74;9614
5008;15;2021-02-13;42;9656
5009;15;2021-02-14;14;9670
5010;15;2021-02-15;70;9740
5011;15;2021-02-16;76;9816
5012;15;2021-02-17;62;9878
5013;15;2021-02-18;46;9924
5014;15;2021-02-19;64;9988
5015;15;2021-02-20;20;10008
5016;15;2021-02-21;2;10010
5017;15;2021-02-22;74;10084
5018;15;2021-02-23;46;10130
5019;15;2021-02-24;28;10158
5020;15;2021-02-25;36;10194
5021;15;2021-02-26;44;10238
5022;15;2021-02-27;14;10252
5023;15;2021-02-28;6;10258
5024;15;2021-03-01;56;10314
5025;15;2021-03-02;36;10350
5026;15;2021-03-03;30;10380
5027;15;2021-03-04;28;10408
5028;15;2021-03-05;40;10448
5029;15;2021-03-06;32;10480
5030;15;2021-03-07;4;10484
5031;15;2021-03-08;50;10534
5032;15;2021-03-09;46;10580
5033;15;2021-03-10;50;10630
5034;15;2021-03-11;52;10682
5035;15;2021-03-12;42;10724
5036;15;2021-03-13;38;10762
5037;15;2021-03-14;2;10764
5038;15;2021-03-15;78;10842
5039;15;2021-03-16;34;10876
5040;15;2021-03-17;46;10922
5041;15;2021-03-18;56;10978
5042;15;2021-03-19;26;11004
5043;15;2021-03-20;42;11046
5044;15;2021-03-21;6;11052
5045;15;2021-03-22;72;11124
5046;15;2021-03-23;42;11166
5047;15;2021-03-24;72;11238
5048;15;2021-03-25;80;11318
5049;15;2021-03-26;88;11406
5050;15;2021-03-27;80;11486
5051;15;2021-03-28;2;11488
5052;15;2021-03-29;78;11566
5053;15;2021-03-30;94;11660
5054;15;2021-03-31;108;11768
5055;15;2021-04-01;90;11858
5056;15;2021-04-02;80;11938
5057;15;2021-04-03;50;11988
5058;15;2021-04-04;12;12000
5059;15;2021-04-05;24;12024
5060;15;2021-04-06;134;12158
5061;15;2021-04-07;136;12294
5062;15;2021-04-08;94;12388
5063;15;2021-04-09;88;12476
5064;15;2021-04-10;62;12538
5065;15;2021-04-11;8;12546
5066;15;2021-04-12;124;12670
5067;15;2021-04-13;122;12792
5068;15;2021-04-14;118;12910
5069;15;2021-04-15;76;12986
5070;16;2020-05-13;2;2
5071;16;2020-05-14;4;6
5072;16;2020-05-15;4;10
5073;16;2020-05-16;0;10
5074;16;2020-05-17;0;10
5075;16;2020-05-18;10;20
5076;16;2020-05-19;6;26
5077;16;2020-05-20;16;42
5078;16;2020-05-21;0;42
5079;16;2020-05-22;14;56
5080;16;2020-05-23;2;58
5081;16;2020-05-24;0;58
5082;16;2020-05-25;2;60
5083;16;2020-05-26;10;70
5084;16;2020-05-27;0;70
5085;16;2020-05-28;0;70
5086;16;2020-05-29;0;70
5087;16;2020-05-30;0;70
5088;16;2020-05-31;0;70
5089;16;2020-06-01;0;70
5090;16;2020-06-02;0;70
5091;16;2020-06-03;0;70
5092;16;2020-06-04;4;74
5093;16;2020-06-05;0;74
5094;16;2020-06-06;0;74
5095;16;2020-06-07;0;74
5096;16;2020-06-08;0;74
5097;16;2020-06-09;2;76
5098;16;2020-06-10;0;76
5099;16;2020-06-11;0;76
5100;16;2020-06-12;2;78
5101;16;2020-06-13;0;78
5102;16;2020-06-14;0;78
5103;16;2020-06-15;0;78
5104;16;2020-06-16;2;80
5105;16;2020-06-17;0;80
5106;16;2020-06-18;0;80
5107;16;2020-06-19;0;80
5108;16;2020-06-20;0;80
5109;16;2020-06-21;0;80
5110;16;2020-06-22;0;80
5111;16;2020-06-23;0;80
5112;16;2020-06-24;0;80
5113;16;2020-06-25;2;82
5114;16;2020-06-26;0;82
5115;16;2020-06-27;0;82
5116;16;2020-06-28;0;82
5117;16;2020-06-29;0;82
5118;16;2020-06-30;0;82
5119;16;2020-07-01;2;84
5120;16;2020-07-02;0;84
5121;16;2020-07-03;2;86
5122;16;2020-07-04;0;86
5123;16;2020-07-05;0;86
5124;16;2020-07-06;0;86
5125;16;2020-07-07;0;86
5126;16;2020-07-08;0;86
5127;16;2020-07-09;0;86
5128;16;2020-07-10;2;88
5129;16;2020-07-11;0;88
5130;16;2020-07-12;0;88
5131;16;2020-07-13;0;88
5132;16;2020-07-14;0;88
5133;16;2020-07-15;0;88
5134;16;2020-07-16;4;92
5135;16;2020-07-17;4;96
5136;16;2020-07-18;0;96
5137;16;2020-07-19;0;96
5138;16;2020-07-20;2;98
5139;16;2020-07-21;6;104
5140;16;2020-07-22;4;108
5141;16;2020-07-23;4;112
5142;16;2020-07-24;4;116
5143;16;2020-07-25;0;116
5144;16;2020-07-26;0;116
5145;16;2020-07-27;0;116
5146;16;2020-07-28;2;118
5147;16;2020-07-29;4;122
5148;16;2020-07-30;6;128
5149;16;2020-07-31;2;130
5150;16;2020-08-01;0;130
5151;16;2020-08-02;0;130
5152;16;2020-08-03;0;130
5153;16;2020-08-04;2;132
5154;16;2020-08-05;0;132
5155;16;2020-08-06;2;134
5156;16;2020-08-07;0;134
5157;16;2020-08-08;0;134
5158;16;2020-08-09;0;134
5159;16;2020-08-10;4;138
5160;16;2020-08-11;0;138
5161;16;2020-08-12;6;144
5162;16;2020-08-13;8;152
5163;16;2020-08-14;0;152
5164;16;2020-08-15;4;156
5165;16;2020-08-16;4;160
5166;16;2020-08-17;22;182
5167;16;2020-08-18;10;192
5168;16;2020-08-19;8;200
5169;16;2020-08-20;14;214
5170;16;2020-08-21;14;228
5171;16;2020-08-22;4;232
5172;16;2020-08-23;4;236
5173;16;2020-08-24;14;250
5174;16;2020-08-25;14;264
5175;16;2020-08-26;6;270
5176;16;2020-08-27;28;298
5177;16;2020-08-28;14;312
5178;16;2020-08-29;14;326
5179;16;2020-08-30;0;326
5180;16;2020-08-31;28;354
5181;16;2020-09-01;42;396
5182;16;2020-09-02;30;426
5183;16;2020-09-03;22;448
5184;16;2020-09-04;28;476
5185;16;2020-09-05;8;484
5186;16;2020-09-06;2;486
5187;16;2020-09-07;30;516
5188;16;2020-09-08;58;574
5189;16;2020-09-09;38;612
5190;16;2020-09-10;30;642
5191;16;2020-09-11;42;684
5192;16;2020-09-12;14;698
5193;16;2020-09-13;4;702
5194;16;2020-09-14;74;776
5195;16;2020-09-15;50;826
5196;16;2020-09-16;68;894
5197;16;2020-09-17;76;970
5198;16;2020-09-18;94;1064
5199;16;2020-09-19;36;1100
5200;16;2020-09-20;0;1100
5201;16;2020-09-21;66;1166
5202;16;2020-09-22;64;1230
5203;16;2020-09-23;44;1274
5204;16;2020-09-24;62;1336
5205;16;2020-09-25;52;1388
5206;16;2020-09-26;16;1404
5207;16;2020-09-27;0;1404
5208;16;2020-09-28;44;1448
5209;16;2020-09-29;46;1494
5210;16;2020-09-30;58;1552
5211;16;2020-10-01;58;1610
5212;16;2020-10-02;36;1646
5213;16;2020-10-03;18;1664
5214;16;2020-10-04;0;1664
5215;16;2020-10-05;70;1734
5216;16;2020-10-06;66;1800
5217;16;2020-10-07;42;1842
5218;16;2020-10-08;46;1888
5219;16;2020-10-09;72;1960
5220;16;2020-10-10;50;2010
5221;16;2020-10-11;8;2018
5222;16;2020-10-12;108;2126
5223;16;2020-10-13;60;2186
5224;16;2020-10-14;88;2274
5225;16;2020-10-15;102;2376
5226;16;2020-10-16;110;2486
5227;16;2020-10-17;50;2536
5228;16;2020-10-18;2;2538
5229;16;2020-10-19;200;2738
5230;16;2020-10-20;236;2974
5231;16;2020-10-21;174;3148
5232;16;2020-10-22;202;3350
5233;16;2020-10-23;208;3558
5234;16;2020-10-24;56;3614
5235;16;2020-10-25;8;3622
5236;16;2020-10-26;236;3858
5237;16;2020-10-27;276;4134
5238;16;2020-10-28;180;4314
5239;16;2020-10-29;244;4558
5240;16;2020-10-30;376;4934
5241;16;2020-10-31;82;5016
5242;16;2020-11-01;10;5026
5243;16;2020-11-02;384;5410
5244;16;2020-11-03;318;5728
5245;16;2020-11-04;184;5912
5246;16;2020-11-05;198;6110
5247;16;2020-11-06;316;6426
5248;16;2020-11-07;90;6516
5249;16;2020-11-08;12;6528
5250;16;2020-11-09;302;6830
5251;16;2020-11-10;262;7092
5252;16;2020-11-11;20;7112
5253;16;2020-11-12;282;7394
5254;16;2020-11-13;198;7592
5255;16;2020-11-14;40;7632
5256;16;2020-11-15;12;7644
5257;16;2020-11-16;216;7860
5258;16;2020-11-17;196;8056
5259;16;2020-11-18;110;8166
5260;16;2020-11-19;96;8262
5261;16;2020-11-20;108;8370
5262;16;2020-11-21;40;8410
5263;16;2020-11-22;4;8414
5264;16;2020-11-23;94;8508
5265;16;2020-11-24;76;8584
5266;16;2020-11-25;116;8700
5267;16;2020-11-26;94;8794
5268;16;2020-11-27;90;8884
5269;16;2020-11-28;40;8924
5270;16;2020-11-29;8;8932
5271;16;2020-11-30;168;9100
5272;16;2020-12-01;82;9182
5273;16;2020-12-02;88;9270
5274;16;2020-12-03;118;9388
5275;16;2020-12-04;120;9508
5276;16;2020-12-05;50;9558
5277;16;2020-12-06;18;9576
5278;16;2020-12-07;164;9740
5279;16;2020-12-08;88;9828
5280;16;2020-12-09;100;9928
5281;16;2020-12-10;108;10036
5282;16;2020-12-11;98;10134
5283;16;2020-12-12;54;10188
5284;16;2020-12-13;6;10194
5285;16;2020-12-14;114;10308
5286;16;2020-12-15;112;10420
5287;16;2020-12-16;82;10502
5288;16;2020-12-17;94;10596
5289;16;2020-12-18;104;10700
5290;16;2020-12-19;34;10734
5291;16;2020-12-20;8;10742
5292;16;2020-12-21;104;10846
5293;16;2020-12-22;124;10970
5294;16;2020-12-23;128;11098
5295;16;2020-12-24;70;11168
5296;16;2020-12-25;2;11170
5297;16;2020-12-26;32;11202
5298;16;2020-12-27;10;11212
5299;16;2020-12-28;88;11300
5300;16;2020-12-29;142;11442
5301;16;2020-12-30;146;11588
5302;16;2020-12-31;92;11680
5303;16;2021-01-01;4;11684
5304;16;2021-01-02;40;11724
5305;16;2021-01-03;6;11730
5306;16;2021-01-04;146;11876
5307;16;2021-01-05;136;12012
5308;16;2021-01-06;116;12128
5309;16;2021-01-07;94;12222
5310;16;2021-01-08;94;12316
5311;16;2021-01-09;60;12376
5312;16;2021-01-10;10;12386
5313;16;2021-01-11;176;12562
5314;16;2021-01-12;188;12750
5315;16;2021-01-13;148;12898
5316;16;2021-01-14;110;13008
5317;16;2021-01-15;164;13172
5318;16;2021-01-16;82;13254
5319;16;2021-01-17;14;13268
5320;16;2021-01-18;180;13448
5321;16;2021-01-19;178;13626
5322;16;2021-01-20;188;13814
5323;16;2021-01-21;168;13982
5324;16;2021-01-22;160;14142
5325;16;2021-01-23;68;14210
5326;16;2021-01-24;12;14222
5327;16;2021-01-25;154;14376
5328;16;2021-01-26;176;14552
5329;16;2021-01-27;176;14728
5330;16;2021-01-28;164;14892
5331;16;2021-01-29;182;15074
5332;16;2021-01-30;128;15202
5333;16;2021-01-31;8;15210
5334;16;2021-02-01;216;15426
5335;16;2021-02-02;146;15572
5336;16;2021-02-03;172;15744
5337;16;2021-02-04;110;15854
5338;16;2021-02-05;156;16010
5339;16;2021-02-06;92;16102
5340;16;2021-02-07;8;16110
5341;16;2021-02-08;200;16310
5342;16;2021-02-09;108;16418
5343;16;2021-02-10;110;16528
5344;16;2021-02-11;124;16652
5345;16;2021-02-12;106;16758
5346;16;2021-02-13;52;16810
5347;16;2021-02-14;12;16822
5348;16;2021-02-15;114;16936
5349;16;2021-02-16;129;17065
5350;16;2021-02-17;156;17221
5351;16;2021-02-18;138;17359
5352;16;2021-02-19;226;17585
5353;16;2021-02-20;60;17645
5354;16;2021-02-21;16;17661
5355;16;2021-02-22;170;17831
5356;16;2021-02-23;134;17965
5357;16;2021-02-24;150;18115
5358;16;2021-02-25;168;18283
5359;16;2021-02-26;222;18505
5360;16;2021-02-27;108;18613
5361;16;2021-02-28;10;18623
5362;16;2021-03-01;210;18833
5363;16;2021-03-02;132;18965
5364;16;2021-03-03;122;19087
5365;16;2021-03-04;112;19199
5366;16;2021-03-05;146;19345
5367;16;2021-03-06;90;19435
5368;16;2021-03-07;6;19441
5369;16;2021-03-08;170;19611
5370;16;2021-03-09;336;19947
5371;16;2021-03-10;126;20073
5372;16;2021-03-11;134;20207
5373;16;2021-03-12;220;20427
5374;16;2021-03-13;120;20547
5375;16;2021-03-14;8;20555
5376;16;2021-03-15;256;20811
5377;16;2021-03-16;278;21089
5378;16;2021-03-17;220;21309
5379;16;2021-03-18;192;21501
5380;16;2021-03-19;244;21745
5381;16;2021-03-20;112;21857
5382;16;2021-03-21;10;21867
5383;16;2021-03-22;304;22171
5384;16;2021-03-23;270;22441
5385;16;2021-03-24;278;22719
5386;16;2021-03-25;228;22947
5387;16;2021-03-26;270;23217
5388;16;2021-03-27;112;23329
5389;16;2021-03-28;14;23343
5390;16;2021-03-29;308;23651
5391;16;2021-03-30;326;23977
5392;16;2021-03-31;268;24245
5393;16;2021-04-01;280;24525
5394;16;2021-04-02;316;24841
5395;16;2021-04-03;180;25021
5396;16;2021-04-04;14;25035
5397;16;2021-04-05;32;25067
5398;16;2021-04-06;344;25411
5399;16;2021-04-07;308;25719
5400;16;2021-04-08;270;25989
5401;16;2021-04-09;208;26197
5402;16;2021-04-10;152;26349
5403;16;2021-04-11;8;26357
5404;16;2021-04-12;280;26637
5405;16;2021-04-13;218;26855
5406;16;2021-04-14;202;27057
5407;16;2021-04-15;218;27275
5408;17;2020-05-13;4;4
5409;17;2020-05-14;0;4
5410;17;2020-05-15;2;6
5411;17;2020-05-16;0;6
5412;17;2020-05-17;0;6
5413;17;2020-05-18;8;14
5414;17;2020-05-19;2;16
5415;17;2020-05-20;4;20
5416;17;2020-05-21;0;20
5417;17;2020-05-22;2;22
5418;17;2020-05-23;0;22
5419;17;2020-05-24;0;22
5420;17;2020-05-25;4;26
5421;17;2020-05-26;2;28
5422;17;2020-05-27;2;30
5423;17;2020-05-28;2;32
5424;17;2020-05-29;0;32
5425;17;2020-05-30;0;32
5426;17;2020-05-31;0;32
5427;17;2020-06-01;0;32
5428;17;2020-06-02;0;32
5429;17;2020-06-03;2;34
5430;17;2020-06-04;0;34
5431;17;2020-06-05;0;34
5432;17;2020-06-06;0;34
5433;17;2020-06-07;0;34
5434;17;2020-06-08;4;38
5435;17;2020-06-09;0;38
5436;17;2020-06-10;0;38
5437;17;2020-06-11;2;40
5438;17;2020-06-12;2;42
5439;17;2020-06-13;0;42
5440;17;2020-06-14;0;42
5441;17;2020-06-15;0;42
5442;17;2020-06-16;0;42
5443;17;2020-06-17;0;42
5444;17;2020-06-18;0;42
5445;17;2020-06-19;0;42
5446;17;2020-06-20;0;42
5447;17;2020-06-21;0;42
5448;17;2020-06-22;0;42
5449;17;2020-06-23;2;44
5450;17;2020-06-24;2;46
5451;17;2020-06-25;0;46
5452;17;2020-06-26;0;46
5453;17;2020-06-27;0;46
5454;17;2020-06-28;0;46
5455;17;2020-06-29;0;46
5456;17;2020-06-30;1;47
5457;17;2020-07-01;0;47
5458;17;2020-07-02;0;47
5459;17;2020-07-03;0;47
5460;17;2020-07-04;0;47
5461;17;2020-07-05;0;47
5462;17;2020-07-06;0;47
5463;17;2020-07-07;4;51
5464;17;2020-07-08;2;53
5465;17;2020-07-09;0;53
5466;17;2020-07-10;2;55
5467;17;2020-07-11;0;55
5468;17;2020-07-12;0;55
5469;17;2020-07-13;0;55
5470;17;2020-07-14;0;55
5471;17;2020-07-15;2;57
5472;17;2020-07-16;0;57
5473;17;2020-07-17;0;57
5474;17;2020-07-18;2;59
5475;17;2020-07-19;0;59
5476;17;2020-07-20;0;59
5477;17;2020-07-21;2;61
5478;17;2020-07-22;0;61
5479;17;2020-07-23;2;63
5480;17;2020-07-24;2;65
5481;17;2020-07-25;0;65
5482;17;2020-07-26;4;69
5483;17;2020-07-27;6;75
5484;17;2020-07-28;0;75
5485;17;2020-07-29;2;77
5486;17;2020-07-30;0;77
5487;17;2020-07-31;6;83
5488;17;2020-08-01;6;89
5489;17;2020-08-02;0;89
5490;17;2020-08-03;18;107
5491;17;2020-08-04;6;113
5492;17;2020-08-05;8;121
5493;17;2020-08-06;2;123
5494;17;2020-08-07;10;133
5495;17;2020-08-08;2;135
5496;17;2020-08-09;0;135
5497;17;2020-08-10;14;149
5498;17;2020-08-11;8;157
5499;17;2020-08-12;6;163
5500;17;2020-08-13;12;175
5501;17;2020-08-14;12;187
5502;17;2020-08-15;6;193
5503;17;2020-08-16;4;197
5504;17;2020-08-17;24;221
5505;17;2020-08-18;16;237
5506;17;2020-08-19;24;261
5507;17;2020-08-20;22;283
5508;17;2020-08-21;20;303
5509;17;2020-08-22;8;311
5510;17;2020-08-23;16;327
5511;17;2020-08-24;36;363
5512;17;2020-08-25;20;383
5513;17;2020-08-26;26;409
5514;17;2020-08-27;12;421
5515;17;2020-08-28;26;447
5516;17;2020-08-29;12;459
5517;17;2020-08-30;4;463
5518;17;2020-08-31;26;489
5519;17;2020-09-01;36;525
5520;17;2020-09-02;16;541
5521;17;2020-09-03;30;571
5522;17;2020-09-04;30;601
5523;17;2020-09-05;24;625
5524;17;2020-09-06;14;639
5525;17;2020-09-07;38;677
5526;17;2020-09-08;26;703
5527;17;2020-09-09;42;745
5528;17;2020-09-10;40;785
5529;17;2020-09-11;50;835
5530;17;2020-09-12;16;851
5531;17;2020-09-13;26;877
5532;17;2020-09-14;70;947
5533;17;2020-09-15;74;1021
5534;17;2020-09-16;64;1085
5535;17;2020-09-17;52;1137
5536;17;2020-09-18;80;1217
5537;17;2020-09-19;50;1267
5538;17;2020-09-20;10;1277
5539;17;2020-09-21;82;1359
5540;17;2020-09-22;76;1435
5541;17;2020-09-23;28;1463
5542;17;2020-09-24;62;1525
5543;17;2020-09-25;36;1561
5544;17;2020-09-26;20;1581
5545;17;2020-09-27;8;1589
5546;17;2020-09-28;44;1633
5547;17;2020-09-29;46;1679
5548;17;2020-09-30;46;1725
5549;17;2020-10-01;56;1781
5550;17;2020-10-02;60;1841
5551;17;2020-10-03;42;1883
5552;17;2020-10-04;8;1891
5553;17;2020-10-05;154;2045
5554;17;2020-10-06;102;2147
5555;17;2020-10-07;64;2211
5556;17;2020-10-08;76;2287
5557;17;2020-10-09;70;2357
5558;17;2020-10-10;62;2419
5559;17;2020-10-11;18;2437
5560;17;2020-10-12;118;2555
5561;17;2020-10-13;132;2687
5562;17;2020-10-14;126;2813
5563;17;2020-10-15;96;2909
5564;17;2020-10-16;98;3007
5565;17;2020-10-17;92;3099
5566;17;2020-10-18;36;3135
5567;17;2020-10-19;298;3433
5568;17;2020-10-20;186;3619
5569;17;2020-10-21;290;3909
5570;17;2020-10-22;260;4169
5571;17;2020-10-23;350;4519
5572;17;2020-10-24;176;4695
5573;17;2020-10-25;72;4767
5574;17;2020-10-26;452;5219
5575;17;2020-10-27;256;5475
5576;17;2020-10-28;340;5815
5577;17;2020-10-29;416;6231
5578;17;2020-10-30;436;6667
5579;17;2020-10-31;156;6823
5580;17;2020-11-01;38;6861
5581;17;2020-11-02;340;7201
5582;17;2020-11-03;244;7445
5583;17;2020-11-04;170;7615
5584;17;2020-11-05;334;7949
5585;17;2020-11-06;216;8165
5586;17;2020-11-07;120;8285
5587;17;2020-11-08;30;8315
5588;17;2020-11-09;404;8719
5589;17;2020-11-10;174;8893
5590;17;2020-11-11;36;8929
5591;17;2020-11-12;192;9121
5592;17;2020-11-13;116;9237
5593;17;2020-11-14;52;9289
5594;17;2020-11-15;32;9321
5595;17;2020-11-16;126;9447
5596;17;2020-11-17;126;9573
5597;17;2020-11-18;90;9663
5598;17;2020-11-19;124;9787
5599;17;2020-11-20;116;9903
5600;17;2020-11-21;40;9943
5601;17;2020-11-22;4;9947
5602;17;2020-11-23;136;10083
5603;17;2020-11-24;86;10169
5604;17;2020-11-25;66;10235
5605;17;2020-11-26;96;10331
5606;17;2020-11-27;66;10397
5607;17;2020-11-28;26;10423
5608;17;2020-11-29;20;10443
5609;17;2020-11-30;74;10517
5610;17;2020-12-01;38;10555
5611;17;2020-12-02;40;10595
5612;17;2020-12-03;48;10643
5613;17;2020-12-04;36;10679
5614;17;2020-12-05;32;10711
5615;17;2020-12-06;12;10723
5616;17;2020-12-07;80;10803
5617;17;2020-12-08;44;10847
5618;17;2020-12-09;38;10885
5619;17;2020-12-10;40;10925
5620;17;2020-12-11;54;10979
5621;17;2020-12-12;24;11003
5622;17;2020-12-13;6;11009
5623;17;2020-12-14;106;11115
5624;17;2020-12-15;70;11185
5625;17;2020-12-16;72;11257
5626;17;2020-12-17;68;11325
5627;17;2020-12-18;56;11381
5628;17;2020-12-19;34;11415
5629;17;2020-12-20;8;11423
5630;17;2020-12-21;138;11561
5631;17;2020-12-22;128;11689
5632;17;2020-12-23;174;11863
5633;17;2020-12-24;102;11965
5634;17;2020-12-25;4;11969
5635;17;2020-12-26;64;12033
5636;17;2020-12-27;4;12037
5637;17;2020-12-28;164;12201
5638;17;2020-12-29;138;12339
5639;17;2020-12-30;166;12505
5640;17;2020-12-31;172;12677
5641;17;2021-01-01;6;12683
5642;17;2021-01-02;136;12819
5643;17;2021-01-03;16;12835
5644;17;2021-01-04;270;13105
5645;17;2021-01-05;232;13337
5646;17;2021-01-06;136;13473
5647;17;2021-01-07;284;13757
5648;17;2021-01-08;192;13949
5649;17;2021-01-09;64;14013
5650;17;2021-01-10;32;14045
5651;17;2021-01-11;224;14269
5652;17;2021-01-12;230;14499
5653;17;2021-01-13;274;14773
5654;17;2021-01-14;256;15029
5655;17;2021-01-15;258;15287
5656;17;2021-01-16;134;15421
5657;17;2021-01-17;78;15499
5658;17;2021-01-18;276;15775
5659;17;2021-01-19;312;16087
5660;17;2021-01-20;252;16339
5661;17;2021-01-21;284;16623
5662;17;2021-01-22;356;16979
5663;17;2021-01-23;164;17143
5664;17;2021-01-24;48;17191
5665;17;2021-01-25;364;17555
5666;17;2021-01-26;312;17867
5667;17;2021-01-27;236;18103
5668;17;2021-01-28;332;18435
5669;17;2021-01-29;310;18745
5670;17;2021-01-30;268;19013
5671;17;2021-01-31;68;19081
5672;17;2021-02-01;414;19495
5673;17;2021-02-02;395;19890
5674;17;2021-02-03;262;20152
5675;17;2021-02-04;302;20454
5676;17;2021-02-05;286;20740
5677;17;2021-02-06;166;20906
5678;17;2021-02-07;38;20944
5679;17;2021-02-08;260;21204
5680;17;2021-02-09;202;21406
5681;17;2021-02-10;238;21644
5682;17;2021-02-11;218;21862
5683;17;2021-02-12;260;22122
5684;17;2021-02-13;74;22196
5685;17;2021-02-14;14;22210
5686;17;2021-02-15;156;22366
5687;17;2021-02-16;192;22558
5688;17;2021-02-17;154;22712
5689;17;2021-02-18;192;22904
5690;17;2021-02-19;208;23112
5691;17;2021-02-20;92;23204
5692;17;2021-02-21;22;23226
5693;17;2021-02-22;278;23504
5694;17;2021-02-23;238;23742
5695;17;2021-02-24;214;23956
5696;17;2021-02-25;176;24132
5697;17;2021-02-26;194;24326
5698;17;2021-02-27;98;24424
5699;17;2021-02-28;22;24446
5700;17;2021-03-01;204;24650
5701;17;2021-03-02;214;24864
5702;17;2021-03-03;180;25044
5703;17;2021-03-04;194;25238
5704;17;2021-03-05;156;25394
5705;17;2021-03-06;98;25492
5706;17;2021-03-07;30;25522
5707;17;2021-03-08;222;25744
5708;17;2021-03-09;266;26010
5709;17;2021-03-10;216;26226
5710;17;2021-03-11;268;26494
5711;17;2021-03-12;278;26772
5712;17;2021-03-13;154;26926
5713;17;2021-03-14;58;26984
5714;17;2021-03-15;446;27430
5715;17;2021-03-16;324;27754
5716;17;2021-03-17;310;28064
5717;17;2021-03-18;308;28372
5718;17;2021-03-19;280;28652
5719;17;2021-03-20;210;28862
5720;17;2021-03-21;44;28906
5721;17;2021-03-22;396;29302
5722;17;2021-03-23;304;29606
5723;17;2021-03-24;309;29915
5724;17;2021-03-25;306;30221
5725;17;2021-03-26;316;30537
5726;17;2021-03-27;204;30741
5727;17;2021-03-28;48;30789
5728;17;2021-03-29;484;31273
5729;17;2021-03-30;332;31605
5730;17;2021-03-31;360;31965
5731;17;2021-04-01;392;32357
5732;17;2021-04-02;496;32853
5733;17;2021-04-03;228;33081
5734;17;2021-04-04;96;33177
5735;17;2021-04-05;132;33309
5736;17;2021-04-06;530;33839
5737;17;2021-04-07;468;34307
5738;17;2021-04-08;514;34821
5739;17;2021-04-09;464;35285
5740;17;2021-04-10;286;35571
5741;17;2021-04-11;114;35685
5742;17;2021-04-12;478;36163
5743;17;2021-04-13;400;36563
5744;17;2021-04-14;338;36901
5745;17;2021-04-15;398;37299
5746;18;2020-05-13;4;4
5747;18;2020-05-14;2;6
5748;18;2020-05-15;10;16
5749;18;2020-05-16;0;16
5750;18;2020-05-17;0;16
5751;18;2020-05-18;4;20
5752;18;2020-05-19;4;24
5753;18;2020-05-20;10;34
5754;18;2020-05-21;0;34
5755;18;2020-05-22;2;36
5756;18;2020-05-23;2;38
5757;18;2020-05-24;0;38
5758;18;2020-05-25;2;40
5759;18;2020-05-26;2;42
5760;18;2020-05-27;2;44
5761;18;2020-05-28;0;44
5762;18;2020-05-29;2;46
5763;18;2020-05-30;2;48
5764;18;2020-05-31;0;48
5765;18;2020-06-01;0;48
5766;18;2020-06-02;0;48
5767;18;2020-06-03;0;48
5768;18;2020-06-04;0;48
5769;18;2020-06-05;0;48
5770;18;2020-06-06;0;48
5771;18;2020-06-07;0;48
5772;18;2020-06-08;0;48
5773;18;2020-06-09;0;48
5774;18;2020-06-10;2;50
5775;18;2020-06-11;0;50
5776;18;2020-06-12;2;52
5777;18;2020-06-13;0;52
5778;18;2020-06-14;0;52
5779;18;2020-06-15;2;54
5780;18;2020-06-16;0;54
5781;18;2020-06-17;0;54
5782;18;2020-06-18;0;54
5783;18;2020-06-19;2;56
5784;18;2020-06-20;2;58
5785;18;2020-06-21;0;58
5786;18;2020-06-22;4;62
5787;18;2020-06-23;2;64
5788;18;2020-06-24;2;66
5789;18;2020-06-25;0;66
5790;18;2020-06-26;12;78
5791;18;2020-06-27;0;78
5792;18;2020-06-28;0;78
5793;18;2020-06-29;4;82
5794;18;2020-06-30;2;84
5795;18;2020-07-01;2;86
5796;18;2020-07-02;2;88
5797;18;2020-07-03;0;88
5798;18;2020-07-04;2;90
5799;18;2020-07-05;0;90
5800;18;2020-07-06;4;94
5801;18;2020-07-07;0;94
5802;18;2020-07-08;0;94
5803;18;2020-07-09;2;96
5804;18;2020-07-10;2;98
5805;18;2020-07-11;2;100
5806;18;2020-07-12;0;100
5807;18;2020-07-13;0;100
5808;18;2020-07-14;2;102
5809;18;2020-07-15;0;102
5810;18;2020-07-16;0;102
5811;18;2020-07-17;2;104
5812;18;2020-07-18;0;104
5813;18;2020-07-19;0;104
5814;18;2020-07-20;0;104
5815;18;2020-07-21;0;104
5816;18;2020-07-22;6;110
5817;18;2020-07-23;2;112
5818;18;2020-07-24;0;112
5819;18;2020-07-25;0;112
5820;18;2020-07-26;0;112
5821;18;2020-07-27;0;112
5822;18;2020-07-28;0;112
5823;18;2020-07-29;0;112
5824;18;2020-07-30;2;114
5825;18;2020-07-31;0;114
5826;18;2020-08-01;0;114
5827;18;2020-08-02;0;114
5828;18;2020-08-03;2;116
5829;18;2020-08-04;4;120
5830;18;2020-08-05;6;126
5831;18;2020-08-06;2;128
5832;18;2020-08-07;6;134
5833;18;2020-08-08;2;136
5834;18;2020-08-09;0;136
5835;18;2020-08-10;10;146
5836;18;2020-08-11;0;146
5837;18;2020-08-12;0;146
5838;18;2020-08-13;10;156
5839;18;2020-08-14;14;170
5840;18;2020-08-15;0;170
5841;18;2020-08-16;2;172
5842;18;2020-08-17;4;176
5843;18;2020-08-18;8;184
5844;18;2020-08-19;4;188
5845;18;2020-08-20;8;196
5846;18;2020-08-21;22;218
5847;18;2020-08-22;2;220
5848;18;2020-08-23;0;220
5849;18;2020-08-24;22;242
5850;18;2020-08-25;22;264
5851;18;2020-08-26;32;296
5852;18;2020-08-27;8;304
5853;18;2020-08-28;2;306
5854;18;2020-08-29;8;314
5855;18;2020-08-30;2;316
5856;18;2020-08-31;16;332
5857;18;2020-09-01;16;348
5858;18;2020-09-02;12;360
5859;18;2020-09-03;16;376
5860;18;2020-09-04;26;402
5861;18;2020-09-05;20;422
5862;18;2020-09-06;16;438
5863;18;2020-09-07;30;468
5864;18;2020-09-08;10;478
5865;18;2020-09-09;24;502
5866;18;2020-09-10;46;548
5867;18;2020-09-11;42;590
5868;18;2020-09-12;12;602
5869;18;2020-09-13;6;608
5870;18;2020-09-14;116;724
5871;18;2020-09-15;28;752
5872;18;2020-09-16;18;770
5873;18;2020-09-17;32;802
5874;18;2020-09-18;56;858
5875;18;2020-09-19;8;866
5876;18;2020-09-20;4;870
5877;18;2020-09-21;30;900
5878;18;2020-09-22;52;952
5879;18;2020-09-23;30;982
5880;18;2020-09-24;34;1016
5881;18;2020-09-25;14;1030
5882;18;2020-09-26;6;1036
5883;18;2020-09-27;4;1040
5884;18;2020-09-28;28;1068
5885;18;2020-09-29;48;1116
5886;18;2020-09-30;44;1160
5887;18;2020-10-01;50;1210
5888;18;2020-10-02;38;1248
5889;18;2020-10-03;14;1262
5890;18;2020-10-04;6;1268
5891;18;2020-10-05;104;1372
5892;18;2020-10-06;90;1462
5893;18;2020-10-07;78;1540
5894;18;2020-10-08;118;1658
5895;18;2020-10-09;82;1740
5896;18;2020-10-10;66;1806
5897;18;2020-10-11;14;1820
5898;18;2020-10-12;138;1958
5899;18;2020-10-13;146;2104
5900;18;2020-10-14;152;2256
5901;18;2020-10-15;236;2492
5902;18;2020-10-16;194;2686
5903;18;2020-10-17;98;2784
5904;18;2020-10-18;32;2816
5905;18;2020-10-19;262;3078
5906;18;2020-10-20;320;3398
5907;18;2020-10-21;274;3672
5908;18;2020-10-22;374;4046
5909;18;2020-10-23;438;4484
5910;18;2020-10-24;248;4732
5911;18;2020-10-25;32;4764
5912;18;2020-10-26;455;5219
5913;18;2020-10-27;562;5781
5914;18;2020-10-28;490;6271
5915;18;2020-10-29;428;6699
5916;18;2020-10-30;406;7105
5917;18;2020-10-31;216;7321
5918;18;2020-11-01;42;7363
5919;18;2020-11-02;614;7977
5920;18;2020-11-03;458;8435
5921;18;2020-11-04;467;8902
5922;18;2020-11-05;470;9372
5923;18;2020-11-06;382;9754
5924;18;2020-11-07;144;9898
5925;18;2020-11-08;32;9930
5926;18;2020-11-09;358;10288
5927;18;2020-11-10;367;10655
5928;18;2020-11-11;50;10705
5929;18;2020-11-12;446;11151
5930;18;2020-11-13;268;11419
5931;18;2020-11-14;92;11511
5932;18;2020-11-15;22;11533
5933;18;2020-11-16;280;11813
5934;18;2020-11-17;246;12059
5935;18;2020-11-18;212;12271
5936;18;2020-11-19;102;12373
5937;18;2020-11-20;124;12497
5938;18;2020-11-21;46;12543
5939;18;2020-11-22;16;12559
5940;18;2020-11-23;148;12707
5941;18;2020-11-24;112;12819
5942;18;2020-11-25;102;12921
5943;18;2020-11-26;82;13003
5944;18;2020-11-27;90;13093
5945;18;2020-11-28;54;13147
5946;18;2020-11-29;20;13167
5947;18;2020-11-30;108;13275
5948;18;2020-12-01;96;13371
5949;18;2020-12-02;104;13475
5950;18;2020-12-03;114;13589
5951;18;2020-12-04;122;13711
5952;18;2020-12-05;66;13777
5953;18;2020-12-06;20;13797
5954;18;2020-12-07;217;14014
5955;18;2020-12-08;194;14208
5956;18;2020-12-09;190;14398
5957;18;2020-12-10;152;14550
5958;18;2020-12-11;234;14784
5959;18;2020-12-12;106;14890
5960;18;2020-12-13;42;14932
5961;18;2020-12-14;204;15136
5962;18;2020-12-15;274;15410
5963;18;2020-12-16;284;15694
5964;18;2020-12-17;174;15868
5965;18;2020-12-18;178;16046
5966;18;2020-12-19;114;16160
5967;18;2020-12-20;18;16178
5968;18;2020-12-21;236;16414
5969;18;2020-12-22;324;16738
5970;18;2020-12-23;188;16926
5971;18;2020-12-24;192;17118
5972;18;2020-12-25;20;17138
5973;18;2020-12-26;110;17248
5974;18;2020-12-27;22;17270
5975;18;2020-12-28;210;17480
5976;18;2020-12-29;254;17734
5977;18;2020-12-30;372;18106
5978;18;2020-12-31;212;18318
5979;18;2021-01-01;30;18348
5980;18;2021-01-02;154;18502
5981;18;2021-01-03;36;18538
5982;18;2021-01-04;386;18924
5983;18;2021-01-05;355;19279
5984;18;2021-01-06;272;19551
5985;18;2021-01-07;268;19819
5986;18;2021-01-08;246;20065
5987;18;2021-01-09;94;20159
5988;18;2021-01-10;24;20183
5989;18;2021-01-11;240;20423
5990;18;2021-01-12;220;20643
5991;18;2021-01-13;266;20909
5992;18;2021-01-14;218;21127
5993;18;2021-01-15;230;21357
5994;18;2021-01-16;90;21447
5995;18;2021-01-17;24;21471
5996;18;2021-01-18;288;21759
5997;18;2021-01-19;220;21979
5998;18;2021-01-20;262;22241
5999;18;2021-01-21;204;22445
6000;18;2021-01-22;160;22605
6001;18;2021-01-23;100;22705
6002;18;2021-01-24;32;22737
6003;18;2021-01-25;215;22952
6004;18;2021-01-26;159;23111
6005;18;2021-01-27;134;23245
6006;18;2021-01-28;256;23501
6007;18;2021-01-29;208;23709
6008;18;2021-01-30;76;23785
6009;18;2021-01-31;6;23791
6010;18;2021-02-01;180;23971
6011;18;2021-02-02;160;24131
6012;18;2021-02-03;170;24301
6013;18;2021-02-04;196;24497
6014;18;2021-02-05;184;24681
6015;18;2021-02-06;40;24721
6016;18;2021-02-07;18;24739
6017;18;2021-02-08;132;24871
6018;18;2021-02-09;110;24981
6019;18;2021-02-10;154;25135
6020;18;2021-02-11;114;25249
6021;18;2021-02-12;140;25389
6022;18;2021-02-13;76;25465
6023;18;2021-02-14;12;25477
6024;18;2021-02-15;182;25659
6025;18;2021-02-16;106;25765
6026;18;2021-02-17;158;25923
6027;18;2021-02-18;90;26013
6028;18;2021-02-19;136;26149
6029;18;2021-02-20;84;26233
6030;18;2021-02-21;12;26245
6031;18;2021-02-22;214;26459
6032;18;2021-02-23;120;26579
6033;18;2021-02-24;184;26763
6034;18;2021-02-25;144;26907
6035;18;2021-02-26;160;27067
6036;18;2021-02-27;68;27135
6037;18;2021-02-28;16;27151
6038;18;2021-03-01;190;27341
6039;18;2021-03-02;120;27461
6040;18;2021-03-03;128;27589
6041;18;2021-03-04;108;27697
6042;18;2021-03-05;235;27932
6043;18;2021-03-06;86;28018
6044;18;2021-03-07;12;28030
6045;18;2021-03-08;138;28168
6046;18;2021-03-09;158;28326
6047;18;2021-03-10;158;28484
6048;18;2021-03-11;128;28612
6049;18;2021-03-12;146;28758
6050;18;2021-03-13;84;28842
6051;18;2021-03-14;10;28852
6052;18;2021-03-15;208;29060
6053;18;2021-03-16;178;29238
6054;18;2021-03-17;232;29470
6055;18;2021-03-18;210;29680
6056;18;2021-03-19;192;29872
6057;18;2021-03-20;128;30000
6058;18;2021-03-21;12;30012
6059;18;2021-03-22;336;30348
6060;18;2021-03-23;318;30666
6061;18;2021-03-24;336;31002
6062;18;2021-03-25;378;31380
6063;18;2021-03-26;278;31658
6064;18;2021-03-27;144;31802
6065;18;2021-03-28;18;31820
6066;18;2021-03-29;324;32144
6067;18;2021-03-30;398;32542
6068;18;2021-03-31;382;32924
6069;18;2021-04-01;280;33204
6070;18;2021-04-02;338;33542
6071;18;2021-04-03;180;33722
6072;18;2021-04-04;30;33752
6073;18;2021-04-05;32;33784
6074;18;2021-04-06;356;34140
6075;18;2021-04-07;298;34438
6076;18;2021-04-08;276;34714
6077;18;2021-04-09;292;35006
6078;18;2021-04-10;132;35138
6079;18;2021-04-11;30;35168
6080;18;2021-04-12;331;35499
6081;18;2021-04-13;262;35761
6082;18;2021-04-14;232;35993
6083;18;2021-04-15;312;36305
6084;19;2020-05-13;6;6
6085;19;2020-05-14;2;8
6086;19;2020-05-15;2;10
6087;19;2020-05-16;0;10
6088;19;2020-05-17;2;12
6089;19;2020-05-18;2;14
6090;19;2020-05-19;4;18
6091;19;2020-05-20;2;20
6092;19;2020-05-21;0;20
6093;19;2020-05-22;2;22
6094;19;2020-05-23;6;28
6095;19;2020-05-24;0;28
6096;19;2020-05-25;6;34
6097;19;2020-05-26;0;34
6098;19;2020-05-27;2;36
6099;19;2020-05-28;0;36
6100;19;2020-05-29;2;38
6101;19;2020-05-30;0;38
6102;19;2020-05-31;0;38
6103;19;2020-06-01;0;38
6104;19;2020-06-02;4;42
6105;19;2020-06-03;18;60
6106;19;2020-06-04;0;60
6107;19;2020-06-05;2;62
6108;19;2020-06-06;0;62
6109;19;2020-06-07;0;62
6110;19;2020-06-08;0;62
6111;19;2020-06-09;4;66
6112;19;2020-06-10;6;72
6113;19;2020-06-11;0;72
6114;19;2020-06-12;0;72
6115;19;2020-06-13;0;72
6116;19;2020-06-14;0;72
6117;19;2020-06-15;0;72
6118;19;2020-06-16;0;72
6119;19;2020-06-17;0;72
6120;19;2020-06-18;0;72
6121;19;2020-06-19;0;72
6122;19;2020-06-20;2;74
6123;19;2020-06-21;0;74
6124;19;2020-06-22;0;74
6125;19;2020-06-23;0;74
6126;19;2020-06-24;0;74
6127;19;2020-06-25;0;74
6128;19;2020-06-26;2;76
6129;19;2020-06-27;0;76
6130;19;2020-06-28;0;76
6131;19;2020-06-29;0;76
6132;19;2020-06-30;0;76
6133;19;2020-07-01;2;78
6134;19;2020-07-02;4;82
6135;19;2020-07-03;4;86
6136;19;2020-07-04;0;86
6137;19;2020-07-05;0;86
6138;19;2020-07-06;0;86
6139;19;2020-07-07;0;86
6140;19;2020-07-08;0;86
6141;19;2020-07-09;0;86
6142;19;2020-07-10;2;88
6143;19;2020-07-11;0;88
6144;19;2020-07-12;0;88
6145;19;2020-07-13;2;90
6146;19;2020-07-14;0;90
6147;19;2020-07-15;0;90
6148;19;2020-07-16;2;92
6149;19;2020-07-17;0;92
6150;19;2020-07-18;0;92
6151;19;2020-07-19;0;92
6152;19;2020-07-20;0;92
6153;19;2020-07-21;2;94
6154;19;2020-07-22;2;96
6155;19;2020-07-23;0;96
6156;19;2020-07-24;0;96
6157;19;2020-07-25;0;96
6158;19;2020-07-26;0;96
6159;19;2020-07-27;0;96
6160;19;2020-07-28;2;98
6161;19;2020-07-29;2;100
6162;19;2020-07-30;2;102
6163;19;2020-07-31;2;104
6164;19;2020-08-01;2;106
6165;19;2020-08-02;0;106
6166;19;2020-08-03;2;108
6167;19;2020-08-04;2;110
6168;19;2020-08-05;4;114
6169;19;2020-08-06;10;124
6170;19;2020-08-07;0;124
6171;19;2020-08-08;0;124
6172;19;2020-08-09;0;124
6173;19;2020-08-10;4;128
6174;19;2020-08-11;8;136
6175;19;2020-08-12;10;146
6176;19;2020-08-13;4;150
6177;19;2020-08-14;2;152
6178;19;2020-08-15;2;154
6179;19;2020-08-16;0;154
6180;19;2020-08-17;2;156
6181;19;2020-08-18;2;158
6182;19;2020-08-19;8;166
6183;19;2020-08-20;8;174
6184;19;2020-08-21;10;184
6185;19;2020-08-22;4;188
6186;19;2020-08-23;0;188
6187;19;2020-08-24;16;204
6188;19;2020-08-25;20;224
6189;19;2020-08-26;8;232
6190;19;2020-08-27;6;238
6191;19;2020-08-28;8;246
6192;19;2020-08-29;10;256
6193;19;2020-08-30;0;256
6194;19;2020-08-31;24;280
6195;19;2020-09-01;18;298
6196;19;2020-09-02;20;318
6197;19;2020-09-03;20;338
6198;19;2020-09-04;26;364
6199;19;2020-09-05;4;368
6200;19;2020-09-06;0;368
6201;19;2020-09-07;20;388
6202;19;2020-09-08;34;422
6203;19;2020-09-09;34;456
6204;19;2020-09-10;40;496
6205;19;2020-09-11;36;532
6206;19;2020-09-12;12;544
6207;19;2020-09-13;6;550
6208;19;2020-09-14;66;616
6209;19;2020-09-15;14;630
6210;19;2020-09-16;26;656
6211;19;2020-09-17;34;690
6212;19;2020-09-18;44;734
6213;19;2020-09-19;16;750
6214;19;2020-09-20;0;750
6215;19;2020-09-21;52;802
6216;19;2020-09-22;45;847
6217;19;2020-09-23;22;869
6218;19;2020-09-24;58;927
6219;19;2020-09-25;53;980
6220;19;2020-09-26;26;1006
6221;19;2020-09-27;4;1010
6222;19;2020-09-28;62;1072
6223;19;2020-09-29;48;1120
6224;19;2020-09-30;34;1154
6225;19;2020-10-01;52;1206
6226;19;2020-10-02;38;1244
6227;19;2020-10-03;38;1282
6228;19;2020-10-04;0;1282
6229;19;2020-10-05;60;1342
6230;19;2020-10-06;60;1402
6231;19;2020-10-07;66;1468
6232;19;2020-10-08;48;1516
6233;19;2020-10-09;46;1562
6234;19;2020-10-10;50;1612
6235;19;2020-10-11;0;1612
6236;19;2020-10-12;68;1680
6237;19;2020-10-13;34;1714
6238;19;2020-10-14;58;1772
6239;19;2020-10-15;54;1826
6240;19;2020-10-16;54;1880
6241;19;2020-10-17;32;1912
6242;19;2020-10-18;6;1918
6243;19;2020-10-19;114;2032
6244;19;2020-10-20;136;2168
6245;19;2020-10-21;182;2350
6246;19;2020-10-22;184;2534
6247;19;2020-10-23;150;2684
6248;19;2020-10-24;86;2770
6249;19;2020-10-25;16;2786
6250;19;2020-10-26;238;3024
6251;19;2020-10-27;222;3246
6252;19;2020-10-28;258;3504
6253;19;2020-10-29;256;3760
6254;19;2020-10-30;286;4046
6255;19;2020-10-31;116;4162
6256;19;2020-11-01;14;4176
6257;19;2020-11-02;358;4534
6258;19;2020-11-03;216;4750
6259;19;2020-11-04;258;5008
6260;19;2020-11-05;268;5276
6261;19;2020-11-06;372;5648
6262;19;2020-11-07;74;5722
6263;19;2020-11-08;8;5730
6264;19;2020-11-09;302;6032
6265;19;2020-11-10;244;6276
6266;19;2020-11-11;8;6284
6267;19;2020-11-12;212;6496
6268;19;2020-11-13;202;6698
6269;19;2020-11-14;46;6744
6270;19;2020-11-15;2;6746
6271;19;2020-11-16;172;6918
6272;19;2020-11-17;124;7042
6273;19;2020-11-18;88;7130
6274;19;2020-11-19;52;7182
6275;19;2020-11-20;98;7280
6276;19;2020-11-21;46;7326
6277;19;2020-11-22;4;7330
6278;19;2020-11-23;74;7404
6279;19;2020-11-24;64;7468
6280;19;2020-11-25;74;7542
6281;19;2020-11-26;60;7602
6282;19;2020-11-27;54;7656
6283;19;2020-11-28;22;7678
6284;19;2020-11-29;4;7682
6285;19;2020-11-30;70;7752
6286;19;2020-12-01;46;7798
6287;19;2020-12-02;40;7838
6288;19;2020-12-03;64;7902
6289;19;2020-12-04;88;7990
6290;19;2020-12-05;32;8022
6291;19;2020-12-06;4;8026
6292;19;2020-12-07;46;8072
6293;19;2020-12-08;44;8116
6294;19;2020-12-09;38;8154
6295;19;2020-12-10;40;8194
6296;19;2020-12-11;50;8244
6297;19;2020-12-12;22;8266
6298;19;2020-12-13;4;8270
6299;19;2020-12-14;62;8332
6300;19;2020-12-15;38;8370
6301;19;2020-12-16;46;8416
6302;19;2020-12-17;80;8496
6303;19;2020-12-18;80;8576
6304;19;2020-12-19;48;8624
6305;19;2020-12-20;2;8626
6306;19;2020-12-21;74;8700
6307;19;2020-12-22;74;8774
6308;19;2020-12-23;54;8828
6309;19;2020-12-24;60;8888
6310;19;2020-12-25;6;8894
6311;19;2020-12-26;36;8930
6312;19;2020-12-27;8;8938
6313;19;2020-12-28;78;9016
6314;19;2020-12-29;74;9090
6315;19;2020-12-30;96;9186
6316;19;2020-12-31;90;9276
6317;19;2021-01-01;6;9282
6318;19;2021-01-02;72;9354
6319;19;2021-01-03;4;9358
6320;19;2021-01-04;164;9522
6321;19;2021-01-05;116;9638
6322;19;2021-01-06;86;9724
6323;19;2021-01-07;94;9818
6324;19;2021-01-08;108;9926
6325;19;2021-01-09;46;9972
6326;19;2021-01-10;6;9978
6327;19;2021-01-11;128;10106
6328;19;2021-01-12;156;10262
6329;19;2021-01-13;92;10354
6330;19;2021-01-14;104;10458
6331;19;2021-01-15;112;10570
6332;19;2021-01-16;58;10628
6333;19;2021-01-17;12;10640
6334;19;2021-01-18;236;10876
6335;19;2021-01-19;192;11068
6336;19;2021-01-20;122;11190
6337;19;2021-01-21;142;11332
6338;19;2021-01-22;104;11436
6339;19;2021-01-23;92;11528
6340;19;2021-01-24;14;11542
6341;19;2021-01-25;206;11748
6342;19;2021-01-26;136;11884
6343;19;2021-01-27;150;12034
6344;19;2021-01-28;160;12194
6345;19;2021-01-29;106;12300
6346;19;2021-01-30;112;12412
6347;19;2021-01-31;42;12454
6348;19;2021-02-01;170;12624
6349;19;2021-02-02;240;12864
6350;19;2021-02-03;144;13008
6351;19;2021-02-04;118;13126
6352;19;2021-02-05;160;13286
6353;19;2021-02-06;84;13370
6354;19;2021-02-07;26;13396
6355;19;2021-02-08;150;13546
6356;19;2021-02-09;140;13686
6357;19;2021-02-10;160;13846
6358;19;2021-02-11;90;13936
6359;19;2021-02-12;112;14048
6360;19;2021-02-13;94;14142
6361;19;2021-02-14;12;14154
6362;19;2021-02-15;160;14314
6363;19;2021-02-16;132;14446
6364;19;2021-02-17;148;14594
6365;19;2021-02-18;100;14694
6366;19;2021-02-19;152;14846
6367;19;2021-02-20;130;14976
6368;19;2021-02-21;22;14998
6369;19;2021-02-22;226;15224
6370;19;2021-02-23;190;15414
6371;19;2021-02-24;192;15606
6372;19;2021-02-25;196;15802
6373;19;2021-02-26;164;15966
6374;19;2021-02-27;94;16060
6375;19;2021-02-28;14;16074
6376;19;2021-03-01;158;16232
6377;19;2021-03-02;106;16338
6378;19;2021-03-03;138;16476
6379;19;2021-03-04;132;16608
6380;19;2021-03-05;188;16796
6381;19;2021-03-06;94;16890
6382;19;2021-03-07;0;16890
6383;19;2021-03-08;140;17030
6384;19;2021-03-09;152;17182
6385;19;2021-03-10;116;17298
6386;19;2021-03-11;154;17452
6387;19;2021-03-12;178;17630
6388;19;2021-03-13;118;17748
6389;19;2021-03-14;14;17762
6390;19;2021-03-15;184;17946
6391;19;2021-03-16;164;18110
6392;19;2021-03-17;134;18244
6393;19;2021-03-18;148;18392
6394;19;2021-03-19;198;18590
6395;19;2021-03-20;116;18706
6396;19;2021-03-21;4;18710
6397;19;2021-03-22;238;18948
6398;19;2021-03-23;216;19164
6399;19;2021-03-24;230;19394
6400;19;2021-03-25;192;19586
6401;19;2021-03-26;212;19798
6402;19;2021-03-27;132;19930
6403;19;2021-03-28;12;19942
6404;19;2021-03-29;216;20158
6405;19;2021-03-30;362;20520
6406;19;2021-03-31;210;20730
6407;19;2021-04-01;156;20886
6408;19;2021-04-02;222;21108
6409;19;2021-04-03;108;21216
6410;19;2021-04-04;18;21234
6411;19;2021-04-05;32;21266
6412;19;2021-04-06;310;21576
6413;19;2021-04-07;178;21754
6414;19;2021-04-08;216;21970
6415;19;2021-04-09;167;22137
6416;19;2021-04-10;122;22259
6417;19;2021-04-11;8;22267
6418;19;2021-04-12;264;22531
6419;19;2021-04-13;212;22743
6420;19;2021-04-14;212;22955
6421;19;2021-04-15;198;23153
6422;21;2020-05-13;8;8
6423;21;2020-05-14;14;22
6424;21;2020-05-15;14;36
6425;21;2020-05-16;8;44
6426;21;2020-05-17;0;44
6427;21;2020-05-18;20;64
6428;21;2020-05-19;26;90
6429;21;2020-05-20;10;100
6430;21;2020-05-21;0;100
6431;21;2020-05-22;26;126
6432;21;2020-05-23;0;126
6433;21;2020-05-24;2;128
6434;21;2020-05-25;8;136
6435;21;2020-05-26;6;142
6436;21;2020-05-27;10;152
6437;21;2020-05-28;6;158
6438;21;2020-05-29;4;162
6439;21;2020-05-30;4;166
6440;21;2020-05-31;0;166
6441;21;2020-06-01;0;166
6442;21;2020-06-02;2;168
6443;21;2020-06-03;0;168
6444;21;2020-06-04;2;170
6445;21;2020-06-05;0;170
6446;21;2020-06-06;2;172
6447;21;2020-06-07;0;172
6448;21;2020-06-08;6;178
6449;21;2020-06-09;4;182
6450;21;2020-06-10;0;182
6451;21;2020-06-11;4;186
6452;21;2020-06-12;10;196
6453;21;2020-06-13;0;196
6454;21;2020-06-14;0;196
6455;21;2020-06-15;10;206
6456;21;2020-06-16;6;212
6457;21;2020-06-17;2;214
6458;21;2020-06-18;10;224
6459;21;2020-06-19;2;226
6460;21;2020-06-20;0;226
6461;21;2020-06-21;0;226
6462;21;2020-06-22;4;230
6463;21;2020-06-23;8;238
6464;21;2020-06-24;6;244
6465;21;2020-06-25;0;244
6466;21;2020-06-26;4;248
6467;21;2020-06-27;0;248
6468;21;2020-06-28;0;248
6469;21;2020-06-29;2;250
6470;21;2020-06-30;8;258
6471;21;2020-07-01;4;262
6472;21;2020-07-02;0;262
6473;21;2020-07-03;2;264
6474;21;2020-07-04;0;264
6475;21;2020-07-05;0;264
6476;21;2020-07-06;2;266
6477;21;2020-07-07;6;272
6478;21;2020-07-08;6;278
6479;21;2020-07-09;14;292
6480;21;2020-07-10;2;294
6481;21;2020-07-11;6;300
6482;21;2020-07-12;0;300
6483;21;2020-07-13;2;302
6484;21;2020-07-14;2;304
6485;21;2020-07-15;6;310
6486;21;2020-07-16;4;314
6487;21;2020-07-17;10;324
6488;21;2020-07-18;2;326
6489;21;2020-07-19;2;328
6490;21;2020-07-20;8;336
6491;21;2020-07-21;0;336
6492;21;2020-07-22;6;342
6493;21;2020-07-23;14;356
6494;21;2020-07-24;6;362
6495;21;2020-07-25;6;368
6496;21;2020-07-26;0;368
6497;21;2020-07-27;16;384
6498;21;2020-07-28;8;392
6499;21;2020-07-29;6;398
6500;21;2020-07-30;4;402
6501;21;2020-07-31;12;414
6502;21;2020-08-01;2;416
6503;21;2020-08-02;4;420
6504;21;2020-08-03;18;438
6505;21;2020-08-04;10;448
6506;21;2020-08-05;24;472
6507;21;2020-08-06;14;486
6508;21;2020-08-07;6;492
6509;21;2020-08-08;4;496
6510;21;2020-08-09;4;500
6511;21;2020-08-10;8;508
6512;21;2020-08-11;10;518
6513;21;2020-08-12;30;548
6514;21;2020-08-13;14;562
6515;21;2020-08-14;26;588
6516;21;2020-08-15;20;608
6517;21;2020-08-16;8;616
6518;21;2020-08-17;60;676
6519;21;2020-08-18;38;714
6520;21;2020-08-19;60;774
6521;21;2020-08-20;68;842
6522;21;2020-08-21;113;955
6523;21;2020-08-22;76;1031
6524;21;2020-08-23;32;1063
6525;21;2020-08-24;122;1185
6526;21;2020-08-25;86;1271
6527;21;2020-08-26;124;1395
6528;21;2020-08-27;144;1539
6529;21;2020-08-28;140;1679
6530;21;2020-08-29;58;1737
6531;21;2020-08-30;36;1773
6532;21;2020-08-31;92;1865
6533;21;2020-09-01;134;1999
6534;21;2020-09-02;130;2129
6535;21;2020-09-03;156;2285
6536;21;2020-09-04;131;2416
6537;21;2020-09-05;64;2480
6538;21;2020-09-06;52;2532
6539;21;2020-09-07;228;2760
6540;21;2020-09-08;241;3001
6541;21;2020-09-09;146;3147
6542;21;2020-09-10;228;3375
6543;21;2020-09-11;166;3541
6544;21;2020-09-12;100;3641
6545;21;2020-09-13;72;3713
6546;21;2020-09-14;152;3865
6547;21;2020-09-15;166;4031
6548;21;2020-09-16;156;4187
6549;21;2020-09-17;172;4359
6550;21;2020-09-18;214;4573
6551;21;2020-09-19;114;4687
6552;21;2020-09-20;118;4805
6553;21;2020-09-21;184;4989
6554;21;2020-09-22;192;5181
6555;21;2020-09-23;228;5409
6556;21;2020-09-24;218;5627
6557;21;2020-09-25;170;5797
6558;21;2020-09-26;132;5929
6559;21;2020-09-27;54;5983
6560;21;2020-09-28;184;6167
6561;21;2020-09-29;162;6329
6562;21;2020-09-30;240;6569
6563;21;2020-10-01;172;6741
6564;21;2020-10-02;190;6931
6565;21;2020-10-03;88;7019
6566;21;2020-10-04;40;7059
6567;21;2020-10-05;256;7315
6568;21;2020-10-06;164;7479
6569;21;2020-10-07;302;7781
6570;21;2020-10-08;230;8011
6571;21;2020-10-09;296;8307
6572;21;2020-10-10;194;8501
6573;21;2020-10-11;52;8553
6574;21;2020-10-12;346;8899
6575;21;2020-10-13;328;9227
6576;21;2020-10-14;362;9589
6577;21;2020-10-15;400;9989
6578;21;2020-10-16;426;10415
6579;21;2020-10-17;298;10713
6580;21;2020-10-18;106;10819
6581;21;2020-10-19;520;11339
6582;21;2020-10-20;542;11881
6583;21;2020-10-21;712;12593
6584;21;2020-10-22;696;13289
6585;21;2020-10-23;872;14161
6586;21;2020-10-24;461;14622
6587;21;2020-10-25;256;14878
6588;21;2020-10-26;1144;16022
6589;21;2020-10-27;1044;17066
6590;21;2020-10-28;828;17894
6591;21;2020-10-29;832;18726
6592;21;2020-10-30;942;19668
6593;21;2020-10-31;591;20259
6594;21;2020-11-01;198;20457
6595;21;2020-11-02;1382;21839
6596;21;2020-11-03;1150;22989
6597;21;2020-11-04;1018;24007
6598;21;2020-11-05;904;24911
6599;21;2020-11-06;926;25837
6600;21;2020-11-07;393;26230
6601;21;2020-11-08;174;26404
6602;21;2020-11-09;836;27240
6603;21;2020-11-10;732;27972
6604;21;2020-11-11;174;28146
6605;21;2020-11-12;646;28792
6606;21;2020-11-13;570;29362
6607;21;2020-11-14;256;29618
6608;21;2020-11-15;82;29700
6609;21;2020-11-16;490;30190
6610;21;2020-11-17;356;30546
6611;21;2020-11-18;322;30868
6612;21;2020-11-19;322;31190
6613;21;2020-11-20;312;31502
6614;21;2020-11-21;138;31640
6615;21;2020-11-22;46;31686
6616;21;2020-11-23;292;31978
6617;21;2020-11-24;228;32206
6618;21;2020-11-25;220;32426
6619;21;2020-11-26;304;32730
6620;21;2020-11-27;244;32974
6621;21;2020-11-28;122;33096
6622;21;2020-11-29;44;33140
6623;21;2020-11-30;360;33500
6624;21;2020-12-01;302;33802
6625;21;2020-12-02;276;34078
6626;21;2020-12-03;220;34298
6627;21;2020-12-04;224;34522
6628;21;2020-12-05;112;34634
6629;21;2020-12-06;42;34676
6630;21;2020-12-07;316;34992
6631;21;2020-12-08;374;35366
6632;21;2020-12-09;278;35644
6633;21;2020-12-10;288;35932
6634;21;2020-12-11;310;36242
6635;21;2020-12-12;212;36454
6636;21;2020-12-13;52;36506
6637;21;2020-12-14;496;37002
6638;21;2020-12-15;488;37490
6639;21;2020-12-16;372;37862
6640;21;2020-12-17;330;38192
6641;21;2020-12-18;372;38564
6642;21;2020-12-19;226;38790
6643;21;2020-12-20;100;38890
6644;21;2020-12-21;480;39370
6645;21;2020-12-22;452;39822
6646;21;2020-12-23;401;40223
6647;21;2020-12-24;324;40547
6648;21;2020-12-25;30;40577
6649;21;2020-12-26;202;40779
6650;21;2020-12-27;72;40851
6651;21;2020-12-28;480;41331
6652;21;2020-12-29;530;41861
6653;21;2020-12-30;386;42247
6654;21;2020-12-31;382;42629
6655;21;2021-01-01;62;42691
6656;21;2021-01-02;374;43065
6657;21;2021-01-03;114;43179
6658;21;2021-01-04;598;43777
6659;21;2021-01-05;528;44305
6660;21;2021-01-06;422;44727
6661;21;2021-01-07;370;45097
6662;21;2021-01-08;466;45563
6663;21;2021-01-09;286;45849
6664;21;2021-01-10;58;45907
6665;21;2021-01-11;528;46435
6666;21;2021-01-12;404;46839
6667;21;2021-01-13;318;47157
6668;21;2021-01-14;344;47501
6669;21;2021-01-15;368;47869
6670;21;2021-01-16;220;48089
6671;21;2021-01-17;56;48145
6672;21;2021-01-18;424;48569
6673;21;2021-01-19;446;49015
6674;21;2021-01-20;339;49354
6675;21;2021-01-21;332;49686
6676;21;2021-01-22;392;50078
6677;21;2021-01-23;218;50296
6678;21;2021-01-24;48;50344
6679;21;2021-01-25;516;50860
6680;21;2021-01-26;340;51200
6681;21;2021-01-27;300;51500
6682;21;2021-01-28;310;51810
6683;21;2021-01-29;374;52184
6684;21;2021-01-30;226;52410
6685;21;2021-01-31;82;52492
6686;21;2021-02-01;422;52914
6687;21;2021-02-02;360;53274
6688;21;2021-02-03;280;53554
6689;21;2021-02-04;286;53840
6690;21;2021-02-05;318;54158
6691;21;2021-02-06;162;54320
6692;21;2021-02-07;38;54358
6693;21;2021-02-08;500;54858
6694;21;2021-02-09;282;55140
6695;21;2021-02-10;356;55496
6696;21;2021-02-11;236;55732
6697;21;2021-02-12;268;56000
6698;21;2021-02-13;108;56108
6699;21;2021-02-14;42;56150
6700;21;2021-02-15;262;56412
6701;21;2021-02-16;224;56636
6702;21;2021-02-17;170;56806
6703;21;2021-02-18;212;57018
6704;21;2021-02-19;260;57278
6705;21;2021-02-20;156;57434
6706;21;2021-02-21;34;57468
6707;21;2021-02-22;302;57770
6708;21;2021-02-23;248;58018
6709;21;2021-02-24;190;58208
6710;21;2021-02-25;288;58496
6711;21;2021-02-26;226;58722
6712;21;2021-02-27;96;58818
6713;21;2021-02-28;26;58844
6714;21;2021-03-01;260;59104
6715;21;2021-03-02;166;59270
6716;21;2021-03-03;196;59466
6717;21;2021-03-04;162;59628
6718;21;2021-03-05;202;59830
6719;21;2021-03-06;104;59934
6720;21;2021-03-07;44;59978
6721;21;2021-03-08;320;60298
6722;21;2021-03-09;208;60506
6723;21;2021-03-10;238;60744
6724;21;2021-03-11;268;61012
6725;21;2021-03-12;218;61230
6726;21;2021-03-13;186;61416
6727;21;2021-03-14;54;61470
6728;21;2021-03-15;318;61788
6729;21;2021-03-16;248;62036
6730;21;2021-03-17;186;62222
6731;21;2021-03-18;246;62468
6732;21;2021-03-19;280;62748
6733;21;2021-03-20;166;62914
6734;21;2021-03-21;40;62954
6735;21;2021-03-22;398;63352
6736;21;2021-03-23;382;63734
6737;21;2021-03-24;346;64080
6738;21;2021-03-25;410;64490
6739;21;2021-03-26;500;64990
6740;21;2021-03-27;312;65302
6741;21;2021-03-28;58;65360
6742;21;2021-03-29;618;65978
6743;21;2021-03-30;496;66474
6744;21;2021-03-31;402;66876
6745;21;2021-04-01;476;67352
6746;21;2021-04-02;452;67804
6747;21;2021-04-03;268;68072
6748;21;2021-04-04;70;68142
6749;21;2021-04-05;100;68242
6750;21;2021-04-06;738;68980
6751;21;2021-04-07;448;69428
6752;21;2021-04-08;466;69894
6753;21;2021-04-09;466;70360
6754;21;2021-04-10;288;70648
6755;21;2021-04-11;80;70728
6756;21;2021-04-12;582;71310
6757;21;2021-04-13;414;71724
6758;21;2021-04-14;386;72110
6759;21;2021-04-15;396;72506
6760;22;2020-05-13;6;6
6761;22;2020-05-14;12;18
6762;22;2020-05-15;26;44
6763;22;2020-05-16;10;54
6764;22;2020-05-17;4;58
6765;22;2020-05-18;30;88
6766;22;2020-05-19;90;178
6767;22;2020-05-20;56;234
6768;22;2020-05-21;36;270
6769;22;2020-05-22;28;298
6770;22;2020-05-23;16;314
6771;22;2020-05-24;6;320
6772;22;2020-05-25;16;336
6773;22;2020-05-26;24;360
6774;22;2020-05-27;16;376
6775;22;2020-05-28;10;386
6776;22;2020-05-29;8;394
6777;22;2020-05-30;8;402
6778;22;2020-05-31;4;406
6779;22;2020-06-01;0;406
6780;22;2020-06-02;6;412
6781;22;2020-06-03;4;416
6782;22;2020-06-04;8;424
6783;22;2020-06-05;6;430
6784;22;2020-06-06;0;430
6785;22;2020-06-07;0;430
6786;22;2020-06-08;2;432
6787;22;2020-06-09;4;436
6788;22;2020-06-10;6;442
6789;22;2020-06-11;0;442
6790;22;2020-06-12;0;442
6791;22;2020-06-13;0;442
6792;22;2020-06-14;4;446
6793;22;2020-06-15;4;450
6794;22;2020-06-16;2;452
6795;22;2020-06-17;4;456
6796;22;2020-06-18;2;458
6797;22;2020-06-19;4;462
6798;22;2020-06-20;0;462
6799;22;2020-06-21;2;464
6800;22;2020-06-22;0;464
6801;22;2020-06-23;2;466
6802;22;2020-06-24;4;470
6803;22;2020-06-25;2;472
6804;22;2020-06-26;4;476
6805;22;2020-06-27;0;476
6806;22;2020-06-28;0;476
6807;22;2020-06-29;4;480
6808;22;2020-06-30;0;480
6809;22;2020-07-01;0;480
6810;22;2020-07-02;2;482
6811;22;2020-07-03;0;482
6812;22;2020-07-04;0;482
6813;22;2020-07-05;0;482
6814;22;2020-07-06;2;484
6815;22;2020-07-07;0;484
6816;22;2020-07-08;0;484
6817;22;2020-07-09;6;490
6818;22;2020-07-10;18;508
6819;22;2020-07-11;0;508
6820;22;2020-07-12;0;508
6821;22;2020-07-13;14;522
6822;22;2020-07-14;0;522
6823;22;2020-07-15;52;574
6824;22;2020-07-16;20;594
6825;22;2020-07-17;4;598
6826;22;2020-07-18;0;598
6827;22;2020-07-19;0;598
6828;22;2020-07-20;6;604
6829;22;2020-07-21;2;606
6830;22;2020-07-22;10;616
6831;22;2020-07-23;6;622
6832;22;2020-07-24;8;630
6833;22;2020-07-25;8;638
6834;22;2020-07-26;0;638
6835;22;2020-07-27;6;644
6836;22;2020-07-28;12;656
6837;22;2020-07-29;2;658
6838;22;2020-07-30;14;672
6839;22;2020-07-31;18;690
6840;22;2020-08-01;6;696
6841;22;2020-08-02;0;696
6842;22;2020-08-03;25;721
6843;22;2020-08-04;2;723
6844;22;2020-08-05;30;753
6845;22;2020-08-06;20;773
6846;22;2020-08-07;16;789
6847;22;2020-08-08;6;795
6848;22;2020-08-09;6;801
6849;22;2020-08-10;14;815
6850;22;2020-08-11;8;823
6851;22;2020-08-12;4;827
6852;22;2020-08-13;20;847
6853;22;2020-08-14;2;849
6854;22;2020-08-15;2;851
6855;22;2020-08-16;0;851
6856;22;2020-08-17;26;877
6857;22;2020-08-18;12;889
6858;22;2020-08-19;26;915
6859;22;2020-08-20;18;933
6860;22;2020-08-21;18;951
6861;22;2020-08-22;16;967
6862;22;2020-08-23;6;973
6863;22;2020-08-24;24;997
6864;22;2020-08-25;26;1023
6865;22;2020-08-26;28;1051
6866;22;2020-08-27;24;1075
6867;22;2020-08-28;44;1119
6868;22;2020-08-29;20;1139
6869;22;2020-08-30;2;1141
6870;22;2020-08-31;42;1183
6871;22;2020-09-01;30;1213
6872;22;2020-09-02;24;1237
6873;22;2020-09-03;50;1287
6874;22;2020-09-04;32;1319
6875;22;2020-09-05;34;1353
6876;22;2020-09-06;4;1357
6877;22;2020-09-07;58;1415
6878;22;2020-09-08;26;1441
6879;22;2020-09-09;70;1511
6880;22;2020-09-10;64;1575
6881;22;2020-09-11;40;1615
6882;22;2020-09-12;18;1633
6883;22;2020-09-13;10;1643
6884;22;2020-09-14;62;1705
6885;22;2020-09-15;56;1761
6886;22;2020-09-16;72;1833
6887;22;2020-09-17;58;1891
6888;22;2020-09-18;104;1995
6889;22;2020-09-19;32;2027
6890;22;2020-09-20;10;2037
6891;22;2020-09-21;92;2129
6892;22;2020-09-22;80;2209
6893;22;2020-09-23;84;2293
6894;22;2020-09-24;70;2363
6895;22;2020-09-25;54;2417
6896;22;2020-09-26;26;2443
6897;22;2020-09-27;0;2443
6898;22;2020-09-28;50;2493
6899;22;2020-09-29;50;2543
6900;22;2020-09-30;60;2603
6901;22;2020-10-01;50;2653
6902;22;2020-10-02;64;2717
6903;22;2020-10-03;40;2757
6904;22;2020-10-04;16;2773
6905;22;2020-10-05;116;2889
6906;22;2020-10-06;92;2981
6907;22;2020-10-07;124;3105
6908;22;2020-10-08;126;3231
6909;22;2020-10-09;136;3367
6910;22;2020-10-10;92;3459
6911;22;2020-10-11;44;3503
6912;22;2020-10-12;250;3753
6913;22;2020-10-13;170;3923
6914;22;2020-10-14;248;4171
6915;22;2020-10-15;261;4432
6916;22;2020-10-16;256;4688
6917;22;2020-10-17;112;4800
6918;22;2020-10-18;42;4842
6919;22;2020-10-19;296;5138
6920;22;2020-10-20;238;5376
6921;22;2020-10-21;276;5652
6922;22;2020-10-22;226;5878
6923;22;2020-10-23;270;6148
6924;22;2020-10-24;148;6296
6925;22;2020-10-25;58;6354
6926;22;2020-10-26;402;6756
6927;22;2020-10-27;314;7070
6928;22;2020-10-28;346;7416
6929;22;2020-10-29;320;7736
6930;22;2020-10-30;536;8272
6931;22;2020-10-31;234;8506
6932;22;2020-11-01;44;8550
6933;22;2020-11-02;604;9154
6934;22;2020-11-03;464;9618
6935;22;2020-11-04;484;10102
6936;22;2020-11-05;364;10466
6937;22;2020-11-06;410;10876
6938;22;2020-11-07;198;11074
6939;22;2020-11-08;54;11128
6940;22;2020-11-09;430;11558
6941;22;2020-11-10;400;11958
6942;22;2020-11-11;58;12016
6943;22;2020-11-12;362;12378
6944;22;2020-11-13;240;12618
6945;22;2020-11-14;122;12740
6946;22;2020-11-15;30;12770
6947;22;2020-11-16;328;13098
6948;22;2020-11-17;168;13266
6949;22;2020-11-18;112;13378
6950;22;2020-11-19;194;13572
6951;22;2020-11-20;140;13712
6952;22;2020-11-21;62;13774
6953;22;2020-11-22;22;13796
6954;22;2020-11-23;170;13966
6955;22;2020-11-24;96;14062
6956;22;2020-11-25;120;14182
6957;22;2020-11-26;100;14282
6958;22;2020-11-27;92;14374
6959;22;2020-11-28;58;14432
6960;22;2020-11-29;24;14456
6961;22;2020-11-30;94;14550
6962;22;2020-12-01;90;14640
6963;22;2020-12-02;110;14750
6964;22;2020-12-03;88;14838
6965;22;2020-12-04;80;14918
6966;22;2020-12-05;86;15004
6967;22;2020-12-06;18;15022
6968;22;2020-12-07;96;15118
6969;22;2020-12-08;80;15198
6970;22;2020-12-09;104;15302
6971;22;2020-12-10;124;15426
6972;22;2020-12-11;70;15496
6973;22;2020-12-12;64;15560
6974;22;2020-12-13;6;15566
6975;22;2020-12-14;102;15668
6976;22;2020-12-15;120;15788
6977;22;2020-12-16;79;15867
6978;22;2020-12-17;132;15999
6979;22;2020-12-18;70;16069
6980;22;2020-12-19;28;16097
6981;22;2020-12-20;8;16105
6982;22;2020-12-21;76;16181
6983;22;2020-12-22;72;16253
6984;22;2020-12-23;74;16327
6985;22;2020-12-24;44;16371
6986;22;2020-12-25;12;16383
6987;22;2020-12-26;52;16435
6988;22;2020-12-27;8;16443
6989;22;2020-12-28;158;16601
6990;22;2020-12-29;94;16695
6991;22;2020-12-30;126;16821
6992;22;2020-12-31;114;16935
6993;22;2021-01-01;14;16949
6994;22;2021-01-02;74;17023
6995;22;2021-01-03;24;17047
6996;22;2021-01-04;148;17195
6997;22;2021-01-05;122;17317
6998;22;2021-01-06;142;17459
6999;22;2021-01-07;128;17587
7000;22;2021-01-08;116;17703
7001;22;2021-01-09;78;17781
7002;22;2021-01-10;10;17791
7003;22;2021-01-11;148;17939
7004;22;2021-01-12;94;18033
7005;22;2021-01-13;116;18149
7006;22;2021-01-14;124;18273
7007;22;2021-01-15;136;18409
7008;22;2021-01-16;78;18487
7009;22;2021-01-17;10;18497
7010;22;2021-01-18;142;18639
7011;22;2021-01-19;126;18765
7012;22;2021-01-20;140;18905
7013;22;2021-01-21;105;19010
7014;22;2021-01-22;122;19132
7015;22;2021-01-23;58;19190
7016;22;2021-01-24;24;19214
7017;22;2021-01-25;146;19360
7018;22;2021-01-26;144;19504
7019;22;2021-01-27;122;19626
7020;22;2021-01-28;126;19752
7021;22;2021-01-29;120;19872
7022;22;2021-01-30;68;19940
7023;22;2021-01-31;6;19946
7024;22;2021-02-01;200;20146
7025;22;2021-02-02;158;20304
7026;22;2021-02-03;140;20444
7027;22;2021-02-04;122;20566
7028;22;2021-02-05;146;20712
7029;22;2021-02-06;82;20794
7030;22;2021-02-07;28;20822
7031;22;2021-02-08;168;20990
7032;22;2021-02-09;112;21102
7033;22;2021-02-10;106;21208
7034;22;2021-02-11;92;21300
7035;22;2021-02-12;116;21416
7036;22;2021-02-13;96;21512
7037;22;2021-02-14;12;21524
7038;22;2021-02-15;194;21718
7039;22;2021-02-16;184;21902
7040;22;2021-02-17;204;22106
7041;22;2021-02-18;150;22256
7042;22;2021-02-19;144;22400
7043;22;2021-02-20;98;22498
7044;22;2021-02-21;30;22528
7045;22;2021-02-22;250;22778
7046;22;2021-02-23;223;23001
7047;22;2021-02-24;162;23163
7048;22;2021-02-25;182;23345
7049;22;2021-02-26;278;23623
7050;22;2021-02-27;92;23715
7051;22;2021-02-28;34;23749
7052;22;2021-03-01;324;24073
7053;22;2021-03-02;220;24293
7054;22;2021-03-03;234;24527
7055;22;2021-03-04;202;24729
7056;22;2021-03-05;266;24995
7057;22;2021-03-06;158;25153
7058;22;2021-03-07;34;25187
7059;22;2021-03-08;296;25483
7060;22;2021-03-09;278;25761
7061;22;2021-03-10;272;26033
7062;22;2021-03-11;296;26329
7063;22;2021-03-12;288;26617
7064;22;2021-03-13;208;26825
7065;22;2021-03-14;22;26847
7066;22;2021-03-15;530;27377
7067;22;2021-03-16;396;27773
7068;22;2021-03-17;332;28105
7069;22;2021-03-18;326;28431
7070;22;2021-03-19;384;28815
7071;22;2021-03-20;218;29033
7072;22;2021-03-21;52;29085
7073;22;2021-03-22;484;29569
7074;22;2021-03-23;462;30031
7075;22;2021-03-24;398;30429
7076;22;2021-03-25;368;30797
7077;22;2021-03-26;414;31211
7078;22;2021-03-27;288;31499
7079;22;2021-03-28;60;31559
7080;22;2021-03-29;504;32063
7081;22;2021-03-30;470;32533
7082;22;2021-03-31;352;32885
7083;22;2021-04-01;362;33247
7084;22;2021-04-02;436;33683
7085;22;2021-04-03;174;33857
7086;22;2021-04-04;52;33909
7087;22;2021-04-05;144;34053
7088;22;2021-04-06;442;34495
7089;22;2021-04-07;448;34943
7090;22;2021-04-08;409;35352
7091;22;2021-04-09;452;35804
7092;22;2021-04-10;230;36034
7093;22;2021-04-11;46;36080
7094;22;2021-04-12;548;36628
7095;22;2021-04-13;522;37150
7096;22;2021-04-14;342;37492
7097;22;2021-04-15;414;37906
7098;23;2020-05-13;2;2
7099;23;2020-05-14;2;4
7100;23;2020-05-15;0;4
7101;23;2020-05-16;0;4
7102;23;2020-05-17;0;4
7103;23;2020-05-18;4;8
7104;23;2020-05-19;2;10
7105;23;2020-05-20;6;16
7106;23;2020-05-21;2;18
7107;23;2020-05-22;2;20
7108;23;2020-05-23;4;24
7109;23;2020-05-24;0;24
7110;23;2020-05-25;8;32
7111;23;2020-05-26;12;44
7112;23;2020-05-27;6;50
7113;23;2020-05-28;4;54
7114;23;2020-05-29;2;56
7115;23;2020-05-30;0;56
7116;23;2020-05-31;0;56
7117;23;2020-06-01;2;58
7118;23;2020-06-02;0;58
7119;23;2020-06-03;0;58
7120;23;2020-06-04;0;58
7121;23;2020-06-05;0;58
7122;23;2020-06-06;0;58
7123;23;2020-06-07;2;60
7124;23;2020-06-08;0;60
7125;23;2020-06-09;0;60
7126;23;2020-06-10;0;60
7127;23;2020-06-11;2;62
7128;23;2020-06-12;0;62
7129;23;2020-06-13;0;62
7130;23;2020-06-14;0;62
7131;23;2020-06-15;0;62
7132;23;2020-06-16;0;62
7133;23;2020-06-17;0;62
7134;23;2020-06-18;0;62
7135;23;2020-06-19;0;62
7136;23;2020-06-20;0;62
7137;23;2020-06-21;0;62
7138;23;2020-06-22;0;62
7139;23;2020-06-23;0;62
7140;23;2020-06-24;0;62
7141;23;2020-06-25;0;62
7142;23;2020-06-26;0;62
7143;23;2020-06-27;0;62
7144;23;2020-06-28;0;62
7145;23;2020-06-29;0;62
7146;23;2020-06-30;2;64
7147;23;2020-07-01;0;64
7148;23;2020-07-02;0;64
7149;23;2020-07-03;0;64
7150;23;2020-07-04;0;64
7151;23;2020-07-05;0;64
7152;23;2020-07-06;0;64
7153;23;2020-07-07;0;64
7154;23;2020-07-08;0;64
7155;23;2020-07-09;0;64
7156;23;2020-07-10;0;64
7157;23;2020-07-11;0;64
7158;23;2020-07-12;0;64
7159;23;2020-07-13;0;64
7160;23;2020-07-14;0;64
7161;23;2020-07-15;0;64
7162;23;2020-07-16;0;64
7163;23;2020-07-17;0;64
7164;23;2020-07-18;0;64
7165;23;2020-07-19;0;64
7166;23;2020-07-20;0;64
7167;23;2020-07-21;0;64
7168;23;2020-07-22;0;64
7169;23;2020-07-23;0;64
7170;23;2020-07-24;0;64
7171;23;2020-07-25;0;64
7172;23;2020-07-26;0;64
7173;23;2020-07-27;0;64
7174;23;2020-07-28;0;64
7175;23;2020-07-29;2;66
7176;23;2020-07-30;6;72
7177;23;2020-07-31;0;72
7178;23;2020-08-01;0;72
7179;23;2020-08-02;0;72
7180;23;2020-08-03;2;74
7181;23;2020-08-04;2;76
7182;23;2020-08-05;2;78
7183;23;2020-08-06;4;82
7184;23;2020-08-07;2;84
7185;23;2020-08-08;0;84
7186;23;2020-08-09;0;84
7187;23;2020-08-10;4;88
7188;23;2020-08-11;4;92
7189;23;2020-08-12;20;112
7190;23;2020-08-13;4;116
7191;23;2020-08-14;18;134
7192;23;2020-08-15;4;138
7193;23;2020-08-16;0;138
7194;23;2020-08-17;8;146
7195;23;2020-08-18;6;152
7196;23;2020-08-19;10;162
7197;23;2020-08-20;4;166
7198;23;2020-08-21;0;166
7199;23;2020-08-22;0;166
7200;23;2020-08-23;0;166
7201;23;2020-08-24;2;168
7202;23;2020-08-25;2;170
7203;23;2020-08-26;10;180
7204;23;2020-08-27;8;188
7205;23;2020-08-28;0;188
7206;23;2020-08-29;0;188
7207;23;2020-08-30;0;188
7208;23;2020-08-31;2;190
7209;23;2020-09-01;2;192
7210;23;2020-09-02;0;192
7211;23;2020-09-03;2;194
7212;23;2020-09-04;10;204
7213;23;2020-09-05;2;206
7214;23;2020-09-06;2;208
7215;23;2020-09-07;14;222
7216;23;2020-09-08;0;222
7217;23;2020-09-09;4;226
7218;23;2020-09-10;8;234
7219;23;2020-09-11;4;238
7220;23;2020-09-12;0;238
7221;23;2020-09-13;0;238
7222;23;2020-09-14;4;242
7223;23;2020-09-15;14;256
7224;23;2020-09-16;2;258
7225;23;2020-09-17;10;268
7226;23;2020-09-18;8;276
7227;23;2020-09-19;2;278
7228;23;2020-09-20;0;278
7229;23;2020-09-21;8;286
7230;23;2020-09-22;4;290
7231;23;2020-09-23;8;298
7232;23;2020-09-24;2;300
7233;23;2020-09-25;10;310
7234;23;2020-09-26;6;316
7235;23;2020-09-27;0;316
7236;23;2020-09-28;16;332
7237;23;2020-09-29;4;336
7238;23;2020-09-30;8;344
7239;23;2020-10-01;12;356
7240;23;2020-10-02;10;366
7241;23;2020-10-03;12;378
7242;23;2020-10-04;2;380
7243;23;2020-10-05;32;412
7244;23;2020-10-06;24;436
7245;23;2020-10-07;20;456
7246;23;2020-10-08;34;490
7247;23;2020-10-09;36;526
7248;23;2020-10-10;36;562
7249;23;2020-10-11;2;564
7250;23;2020-10-12;58;622
7251;23;2020-10-13;44;666
7252;23;2020-10-14;42;708
7253;23;2020-10-15;54;762
7254;23;2020-10-16;50;812
7255;23;2020-10-17;36;848
7256;23;2020-10-18;2;850
7257;23;2020-10-19;88;938
7258;23;2020-10-20;98;1036
7259;23;2020-10-21;108;1144
7260;23;2020-10-22;166;1310
7261;23;2020-10-23;158;1468
7262;23;2020-10-24;120;1588
7263;23;2020-10-25;4;1592
7264;23;2020-10-26;134;1726
7265;23;2020-10-27;196;1922
7266;23;2020-10-28;170;2092
7267;23;2020-10-29;198;2290
7268;23;2020-10-30;230;2520
7269;23;2020-10-31;72;2592
7270;23;2020-11-01;8;2600
7271;23;2020-11-02;186;2786
7272;23;2020-11-03;200;2986
7273;23;2020-11-04;144;3130
7274;23;2020-11-05;202;3332
7275;23;2020-11-06;176;3508
7276;23;2020-11-07;84;3592
7277;23;2020-11-08;20;3612
7278;23;2020-11-09;182;3794
7279;23;2020-11-10;144;3938
7280;23;2020-11-11;16;3954
7281;23;2020-11-12;142;4096
7282;23;2020-11-13;144;4240
7283;23;2020-11-14;40;4280
7284;23;2020-11-15;10;4290
7285;23;2020-11-16;86;4376
7286;23;2020-11-17;84;4460
7287;23;2020-11-18;46;4506
7288;23;2020-11-19;18;4524
7289;23;2020-11-20;30;4554
7290;23;2020-11-21;26;4580
7291;23;2020-11-22;2;4582
7292;23;2020-11-23;56;4638
7293;23;2020-11-24;38;4676
7294;23;2020-11-25;40;4716
7295;23;2020-11-26;18;4734
7296;23;2020-11-27;16;4750
7297;23;2020-11-28;2;4752
7298;23;2020-11-29;4;4756
7299;23;2020-11-30;52;4808
7300;23;2020-12-01;26;4834
7301;23;2020-12-02;36;4870
7302;23;2020-12-03;12;4882
7303;23;2020-12-04;18;4900
7304;23;2020-12-05;14;4914
7305;23;2020-12-06;2;4916
7306;23;2020-12-07;80;4996
7307;23;2020-12-08;14;5010
7308;23;2020-12-09;22;5032
7309;23;2020-12-10;16;5048
7310;23;2020-12-11;18;5066
7311;23;2020-12-12;14;5080
7312;23;2020-12-13;4;5084
7313;23;2020-12-14;46;5130
7314;23;2020-12-15;4;5134
7315;23;2020-12-16;26;5160
7316;23;2020-12-17;14;5174
7317;23;2020-12-18;30;5204
7318;23;2020-12-19;6;5210
7319;23;2020-12-20;2;5212
7320;23;2020-12-21;40;5252
7321;23;2020-12-22;24;5276
7322;23;2020-12-23;18;5294
7323;23;2020-12-24;16;5310
7324;23;2020-12-25;0;5310
7325;23;2020-12-26;18;5328
7326;23;2020-12-27;0;5328
7327;23;2020-12-28;28;5356
7328;23;2020-12-29;32;5388
7329;23;2020-12-30;34;5422
7330;23;2020-12-31;22;5444
7331;23;2021-01-01;0;5444
7332;23;2021-01-02;34;5478
7333;23;2021-01-03;12;5490
7334;23;2021-01-04;70;5560
7335;23;2021-01-05;54;5614
7336;23;2021-01-06;44;5658
7337;23;2021-01-07;44;5702
7338;23;2021-01-08;48;5750
7339;23;2021-01-09;28;5778
7340;23;2021-01-10;6;5784
7341;23;2021-01-11;78;5862
7342;23;2021-01-12;40;5902
7343;23;2021-01-13;52;5954
7344;23;2021-01-14;60;6014
7345;23;2021-01-15;54;6068
7346;23;2021-01-16;38;6106
7347;23;2021-01-17;10;6116
7348;23;2021-01-18;96;6212
7349;23;2021-01-19;54;6266
7350;23;2021-01-20;70;6336
7351;23;2021-01-21;112;6448
7352;23;2021-01-22;102;6550
7353;23;2021-01-23;48;6598
7354;23;2021-01-24;10;6608
7355;23;2021-01-25;94;6702
7356;23;2021-01-26;64;6766
7357;23;2021-01-27;72;6838
7358;23;2021-01-28;112;6950
7359;23;2021-01-29;86;7036
7360;23;2021-01-30;52;7088
7361;23;2021-01-31;8;7096
7362;23;2021-02-01;128;7224
7363;23;2021-02-02;92;7316
7364;23;2021-02-03;78;7394
7365;23;2021-02-04;70;7464
7366;23;2021-02-05;68;7532
7367;23;2021-02-06;40;7572
7368;23;2021-02-07;6;7578
7369;23;2021-02-08;52;7630
7370;23;2021-02-09;50;7680
7371;23;2021-02-10;48;7728
7372;23;2021-02-11;36;7764
7373;23;2021-02-12;22;7786
7374;23;2021-02-13;26;7812
7375;23;2021-02-14;24;7836
7376;23;2021-02-15;44;7880
7377;23;2021-02-16;24;7904
7378;23;2021-02-17;14;7918
7379;23;2021-02-18;22;7940
7380;23;2021-02-19;44;7984
7381;23;2021-02-20;26;8010
7382;23;2021-02-21;2;8012
7383;23;2021-02-22;52;8064
7384;23;2021-02-23;22;8086
7385;23;2021-02-24;16;8102
7386;23;2021-02-25;16;8118
7387;23;2021-02-26;28;8146
7388;23;2021-02-27;16;8162
7389;23;2021-02-28;0;8162
7390;23;2021-03-01;40;8202
7391;23;2021-03-02;24;8226
7392;23;2021-03-03;18;8244
7393;23;2021-03-04;18;8262
7394;23;2021-03-05;12;8274
7395;23;2021-03-06;28;8302
7396;23;2021-03-07;2;8304
7397;23;2021-03-08;20;8324
7398;23;2021-03-09;14;8338
7399;23;2021-03-10;16;8354
7400;23;2021-03-11;28;8382
7401;23;2021-03-12;18;8400
7402;23;2021-03-13;18;8418
7403;23;2021-03-14;0;8418
7404;23;2021-03-15;18;8436
7405;23;2021-03-16;22;8458
7406;23;2021-03-17;26;8484
7407;23;2021-03-18;32;8516
7408;23;2021-03-19;14;8530
7409;23;2021-03-20;14;8544
7410;23;2021-03-21;2;8546
7411;23;2021-03-22;20;8566
7412;23;2021-03-23;30;8596
7413;23;2021-03-24;6;8602
7414;23;2021-03-25;48;8650
7415;23;2021-03-26;18;8668
7416;23;2021-03-27;10;8678
7417;23;2021-03-28;2;8680
7418;23;2021-03-29;26;8706
7419;23;2021-03-30;18;8724
7420;23;2021-03-31;44;8768
7421;23;2021-04-01;26;8794
7422;23;2021-04-02;38;8832
7423;23;2021-04-03;24;8856
7424;23;2021-04-04;0;8856
7425;23;2021-04-05;6;8862
7426;23;2021-04-06;50;8912
7427;23;2021-04-07;32;8944
7428;23;2021-04-08;42;8986
7429;23;2021-04-09;38;9024
7430;23;2021-04-10;58;9082
7431;23;2021-04-11;2;9084
7432;23;2021-04-12;98;9182
7433;23;2021-04-13;108;9290
7434;23;2021-04-14;78;9368
7435;23;2021-04-15;64;9432
7436;24;2020-05-13;2;2
7437;24;2020-05-14;4;6
7438;24;2020-05-15;0;6
7439;24;2020-05-16;0;6
7440;24;2020-05-17;0;6
7441;24;2020-05-18;2;8
7442;24;2020-05-19;6;14
7443;24;2020-05-20;2;16
7444;24;2020-05-21;0;16
7445;24;2020-05-22;2;18
7446;24;2020-05-23;2;20
7447;24;2020-05-24;0;20
7448;24;2020-05-25;2;22
7449;24;2020-05-26;0;22
7450;24;2020-05-27;0;22
7451;24;2020-05-28;2;24
7452;24;2020-05-29;0;24
7453;24;2020-05-30;2;26
7454;24;2020-05-31;0;26
7455;24;2020-06-01;0;26
7456;24;2020-06-02;2;28
7457;24;2020-06-03;2;30
7458;24;2020-06-04;0;30
7459;24;2020-06-05;2;32
7460;24;2020-06-06;2;34
7461;24;2020-06-07;0;34
7462;24;2020-06-08;0;34
7463;24;2020-06-09;0;34
7464;24;2020-06-10;2;36
7465;24;2020-06-11;0;36
7466;24;2020-06-12;0;36
7467;24;2020-06-13;2;38
7468;24;2020-06-14;0;38
7469;24;2020-06-15;0;38
7470;24;2020-06-16;0;38
7471;24;2020-06-17;0;38
7472;24;2020-06-18;0;38
7473;24;2020-06-19;2;40
7474;24;2020-06-20;0;40
7475;24;2020-06-21;0;40
7476;24;2020-06-22;2;42
7477;24;2020-06-23;0;42
7478;24;2020-06-24;0;42
7479;24;2020-06-25;0;42
7480;24;2020-06-26;4;46
7481;24;2020-06-27;0;46
7482;24;2020-06-28;0;46
7483;24;2020-06-29;2;48
7484;24;2020-06-30;0;48
7485;24;2020-07-01;0;48
7486;24;2020-07-02;0;48
7487;24;2020-07-03;0;48
7488;24;2020-07-04;0;48
7489;24;2020-07-05;0;48
7490;24;2020-07-06;6;54
7491;24;2020-07-07;2;56
7492;24;2020-07-08;0;56
7493;24;2020-07-09;0;56
7494;24;2020-07-10;8;64
7495;24;2020-07-11;0;64
7496;24;2020-07-12;0;64
7497;24;2020-07-13;2;66
7498;24;2020-07-14;0;66
7499;24;2020-07-15;2;68
7500;24;2020-07-16;0;68
7501;24;2020-07-17;0;68
7502;24;2020-07-18;0;68
7503;24;2020-07-19;0;68
7504;24;2020-07-20;4;72
7505;24;2020-07-21;0;72
7506;24;2020-07-22;0;72
7507;24;2020-07-23;2;74
7508;24;2020-07-24;4;78
7509;24;2020-07-25;2;80
7510;24;2020-07-26;0;80
7511;24;2020-07-27;0;80
7512;24;2020-07-28;4;84
7513;24;2020-07-29;4;88
7514;24;2020-07-30;4;92
7515;24;2020-07-31;4;96
7516;24;2020-08-01;2;98
7517;24;2020-08-02;0;98
7518;24;2020-08-03;4;102
7519;24;2020-08-04;4;106
7520;24;2020-08-05;2;108
7521;24;2020-08-06;2;110
7522;24;2020-08-07;2;112
7523;24;2020-08-08;2;114
7524;24;2020-08-09;0;114
7525;24;2020-08-10;2;116
7526;24;2020-08-11;2;118
7527;24;2020-08-12;6;124
7528;24;2020-08-13;6;130
7529;24;2020-08-14;6;136
7530;24;2020-08-15;0;136
7531;24;2020-08-16;0;136
7532;24;2020-08-17;28;164
7533;24;2020-08-18;32;196
7534;24;2020-08-19;10;206
7535;24;2020-08-20;20;226
7536;24;2020-08-21;26;252
7537;24;2020-08-22;18;270
7538;24;2020-08-23;0;270
7539;24;2020-08-24;24;294
7540;24;2020-08-25;20;314
7541;24;2020-08-26;60;374
7542;24;2020-08-27;34;408
7543;24;2020-08-28;36;444
7544;24;2020-08-29;18;462
7545;24;2020-08-30;6;468
7546;24;2020-08-31;32;500
7547;24;2020-09-01;36;536
7548;24;2020-09-02;40;576
7549;24;2020-09-03;58;634
7550;24;2020-09-04;44;678
7551;24;2020-09-05;22;700
7552;24;2020-09-06;4;704
7553;24;2020-09-07;30;734
7554;24;2020-09-08;80;814
7555;24;2020-09-09;38;852
7556;24;2020-09-10;82;934
7557;24;2020-09-11;58;992
7558;24;2020-09-12;26;1018
7559;24;2020-09-13;6;1024
7560;24;2020-09-14;82;1106
7561;24;2020-09-15;62;1168
7562;24;2020-09-16;70;1238
7563;24;2020-09-17;92;1330
7564;24;2020-09-18;58;1388
7565;24;2020-09-19;30;1418
7566;24;2020-09-20;6;1424
7567;24;2020-09-21;52;1476
7568;24;2020-09-22;44;1520
7569;24;2020-09-23;52;1572
7570;24;2020-09-24;62;1634
7571;24;2020-09-25;82;1716
7572;24;2020-09-26;12;1728
7573;24;2020-09-27;4;1732
7574;24;2020-09-28;54;1786
7575;24;2020-09-29;68;1854
7576;24;2020-09-30;50;1904
7577;24;2020-10-01;52;1956
7578;24;2020-10-02;60;2016
7579;24;2020-10-03;20;2036
7580;24;2020-10-04;0;2036
7581;24;2020-10-05;72;2108
7582;24;2020-10-06;70;2178
7583;24;2020-10-07;76;2254
7584;24;2020-10-08;96;2350
7585;24;2020-10-09;104;2454
7586;24;2020-10-10;66;2520
7587;24;2020-10-11;6;2526
7588;24;2020-10-12;112;2638
7589;24;2020-10-13;124;2762
7590;24;2020-10-14;108;2870
7591;24;2020-10-15;184;3054
7592;24;2020-10-16;172;3226
7593;24;2020-10-17;118;3344
7594;24;2020-10-18;0;3344
7595;24;2020-10-19;266;3610
7596;24;2020-10-20;226;3836
7597;24;2020-10-21;318;4154
7598;24;2020-10-22;334;4488
7599;24;2020-10-23;366;4854
7600;24;2020-10-24;202;5056
7601;24;2020-10-25;14;5070
7602;24;2020-10-26;486;5556
7603;24;2020-10-27;530;6086
7604;24;2020-10-28;458;6544
7605;24;2020-10-29;390;6934
7606;24;2020-10-30;484;7418
7607;24;2020-10-31;188;7606
7608;24;2020-11-01;8;7614
7609;24;2020-11-02;586;8200
7610;24;2020-11-03;430;8630
7611;24;2020-11-04;396;9026
7612;24;2020-11-05;410;9436
7613;24;2020-11-06;390;9826
7614;24;2020-11-07;150;9976
7615;24;2020-11-08;32;10008
7616;24;2020-11-09;406;10414
7617;24;2020-11-10;284;10698
7618;24;2020-11-11;38;10736
7619;24;2020-11-12;284;11020
7620;24;2020-11-13;226;11246
7621;24;2020-11-14;88;11334
7622;24;2020-11-15;8;11342
7623;24;2020-11-16;236;11578
7624;24;2020-11-17;166;11744
7625;24;2020-11-18;88;11832
7626;24;2020-11-19;118;11950
7627;24;2020-11-20;116;12066
7628;24;2020-11-21;52;12118
7629;24;2020-11-22;6;12124
7630;24;2020-11-23;116;12240
7631;24;2020-11-24;62;12302
7632;24;2020-11-25;106;12408
7633;24;2020-11-26;84;12492
7634;24;2020-11-27;136;12628
7635;24;2020-11-28;38;12666
7636;24;2020-11-29;6;12672
7637;24;2020-11-30;170;12842
7638;24;2020-12-01;76;12918
7639;24;2020-12-02;78;12996
7640;24;2020-12-03;84;13080
7641;24;2020-12-04;80;13160
7642;24;2020-12-05;32;13192
7643;24;2020-12-06;14;13206
7644;24;2020-12-07;136;13342
7645;24;2020-12-08;88;13430
7646;24;2020-12-09;60;13490
7647;24;2020-12-10;80;13570
7648;24;2020-12-11;60;13630
7649;24;2020-12-12;28;13658
7650;24;2020-12-13;6;13664
7651;24;2020-12-14;106;13770
7652;24;2020-12-15;50;13820
7653;24;2020-12-16;80;13900
7654;24;2020-12-17;108;14008
7655;24;2020-12-18;78;14086
7656;24;2020-12-19;52;14138
7657;24;2020-12-20;6;14144
7658;24;2020-12-21;66;14210
7659;24;2020-12-22;76;14286
7660;24;2020-12-23;92;14378
7661;24;2020-12-24;48;14426
7662;24;2020-12-25;4;14430
7663;24;2020-12-26;32;14462
7664;24;2020-12-27;8;14470
7665;24;2020-12-28;132;14602
7666;24;2020-12-29;94;14696
7667;24;2020-12-30;92;14788
7668;24;2020-12-31;102;14890
7669;24;2021-01-01;2;14892
7670;24;2021-01-02;72;14964
7671;24;2021-01-03;10;14974
7672;24;2021-01-04;198;15172
7673;24;2021-01-05;146;15318
7674;24;2021-01-06;150;15468
7675;24;2021-01-07;116;15584
7676;24;2021-01-08;132;15716
7677;24;2021-01-09;72;15788
7678;24;2021-01-10;2;15790
7679;24;2021-01-11;306;16096
7680;24;2021-01-12;152;16248
7681;24;2021-01-13;204;16452
7682;24;2021-01-14;200;16652
7683;24;2021-01-15;204;16856
7684;24;2021-01-16;100;16956
7685;24;2021-01-17;14;16970
7686;24;2021-01-18;292;17262
7687;24;2021-01-19;288;17550
7688;24;2021-01-20;294;17844
7689;24;2021-01-21;216;18060
7690;24;2021-01-22;234;18294
7691;24;2021-01-23;172;18466
7692;24;2021-01-24;20;18486
7693;24;2021-01-25;456;18942
7694;24;2021-01-26;316;19258
7695;24;2021-01-27;424;19682
7696;24;2021-01-28;460;20142
7697;24;2021-01-29;422;20564
7698;24;2021-01-30;172;20736
7699;24;2021-01-31;14;20750
7700;24;2021-02-01;540;21290
7701;24;2021-02-02;370;21660
7702;24;2021-02-03;320;21980
7703;24;2021-02-04;326;22306
7704;24;2021-02-05;282;22588
7705;24;2021-02-06;118;22706
7706;24;2021-02-07;12;22718
7707;24;2021-02-08;364;23082
7708;24;2021-02-09;280;23362
7709;24;2021-02-10;324;23686
7710;24;2021-02-11;178;23864
7711;24;2021-02-12;230;24094
7712;24;2021-02-13;114;24208
7713;24;2021-02-14;12;24220
7714;24;2021-02-15;260;24480
7715;24;2021-02-16;190;24670
7716;24;2021-02-17;240;24910
7717;24;2021-02-18;146;25056
7718;24;2021-02-19;244;25300
7719;24;2021-02-20;140;25440
7720;24;2021-02-21;2;25442
7721;24;2021-02-22;298;25740
7722;24;2021-02-23;136;25876
7723;24;2021-02-24;158;26034
7724;24;2021-02-25;174;26208
7725;24;2021-02-26;162;26370
7726;24;2021-02-27;96;26466
7727;24;2021-02-28;8;26474
7728;24;2021-03-01;150;26624
7729;24;2021-03-02;120;26744
7730;24;2021-03-03;114;26858
7731;24;2021-03-04;152;27010
7732;24;2021-03-05;136;27146
7733;24;2021-03-06;82;27228
7734;24;2021-03-07;14;27242
7735;24;2021-03-08;278;27520
7736;24;2021-03-09;166;27686
7737;24;2021-03-10;134;27820
7738;24;2021-03-11;174;27994
7739;24;2021-03-12;196;28190
7740;24;2021-03-13;152;28342
7741;24;2021-03-14;14;28356
7742;24;2021-03-15;302;28658
7743;24;2021-03-16;254;28912
7744;24;2021-03-17;268;29180
7745;24;2021-03-18;260;29440
7746;24;2021-03-19;292;29732
7747;24;2021-03-20;186;29918
7748;24;2021-03-21;16;29934
7749;24;2021-03-22;432;30366
7750;24;2021-03-23;468;30834
7751;24;2021-03-24;364;31198
7752;24;2021-03-25;494;31692
7753;24;2021-03-26;488;32180
7754;24;2021-03-27;324;32504
7755;24;2021-03-28;20;32524
7756;24;2021-03-29;552;33076
7757;24;2021-03-30;482;33558
7758;24;2021-03-31;414;33972
7759;24;2021-04-01;440;34412
7760;24;2021-04-02;476;34888
7761;24;2021-04-03;200;35088
7762;24;2021-04-04;16;35104
7763;24;2021-04-05;24;35128
7764;24;2021-04-06;502;35630
7765;24;2021-04-07;356;35986
7766;24;2021-04-08;416;36402
7767;24;2021-04-09;394;36796
7768;24;2021-04-10;194;36990
7769;24;2021-04-11;28;37018
7770;24;2021-04-12;386;37404
7771;24;2021-04-13;382;37786
7772;24;2021-04-14;314;38100
7773;24;2021-04-15;352;38452
7774;25;2020-05-13;12;12
7775;25;2020-05-14;10;22
7776;25;2020-05-15;12;34
7777;25;2020-05-16;14;48
7778;25;2020-05-17;2;50
7779;25;2020-05-18;10;60
7780;25;2020-05-19;14;74
7781;25;2020-05-20;10;84
7782;25;2020-05-21;2;86
7783;25;2020-05-22;10;96
7784;25;2020-05-23;2;98
7785;25;2020-05-24;2;100
7786;25;2020-05-25;4;104
7787;25;2020-05-26;6;110
7788;25;2020-05-27;8;118
7789;25;2020-05-28;4;122
7790;25;2020-05-29;2;124
7791;25;2020-05-30;10;134
7792;25;2020-05-31;4;138
7793;25;2020-06-01;2;140
7794;25;2020-06-02;20;160
7795;25;2020-06-03;4;164
7796;25;2020-06-04;14;178
7797;25;2020-06-05;6;184
7798;25;2020-06-06;8;192
7799;25;2020-06-07;0;192
7800;25;2020-06-08;4;196
7801;25;2020-06-09;8;204
7802;25;2020-06-10;20;224
7803;25;2020-06-11;2;226
7804;25;2020-06-12;12;238
7805;25;2020-06-13;2;240
7806;25;2020-06-14;2;242
7807;25;2020-06-15;4;246
7808;25;2020-06-16;0;246
7809;25;2020-06-17;10;256
7810;25;2020-06-18;2;258
7811;25;2020-06-19;8;266
7812;25;2020-06-20;2;268
7813;25;2020-06-21;0;268
7814;25;2020-06-22;4;272
7815;25;2020-06-23;2;274
7816;25;2020-06-24;10;284
7817;25;2020-06-25;6;290
7818;25;2020-06-26;4;294
7819;25;2020-06-27;2;296
7820;25;2020-06-28;0;296
7821;25;2020-06-29;8;304
7822;25;2020-06-30;12;316
7823;25;2020-07-01;10;326
7824;25;2020-07-02;4;330
7825;25;2020-07-03;2;332
7826;25;2020-07-04;0;332
7827;25;2020-07-05;0;332
7828;25;2020-07-06;8;340
7829;25;2020-07-07;6;346
7830;25;2020-07-08;10;356
7831;25;2020-07-09;12;368
7832;25;2020-07-10;4;372
7833;25;2020-07-11;4;376
7834;25;2020-07-12;8;384
7835;25;2020-07-13;12;396
7836;25;2020-07-14;2;398
7837;25;2020-07-15;4;402
7838;25;2020-07-16;2;404
7839;25;2020-07-17;6;410
7840;25;2020-07-18;4;414
7841;25;2020-07-19;0;414
7842;25;2020-07-20;18;432
7843;25;2020-07-21;8;440
7844;25;2020-07-22;6;446
7845;25;2020-07-23;10;456
7846;25;2020-07-24;12;468
7847;25;2020-07-25;4;472
7848;25;2020-07-26;2;474
7849;25;2020-07-27;12;486
7850;25;2020-07-28;8;494
7851;25;2020-07-29;10;504
7852;25;2020-07-30;16;520
7853;25;2020-07-31;16;536
7854;25;2020-08-01;6;542
7855;25;2020-08-02;4;546
7856;25;2020-08-03;16;562
7857;25;2020-08-04;2;564
7858;25;2020-08-05;6;570
7859;25;2020-08-06;20;590
7860;25;2020-08-07;8;598
7861;25;2020-08-08;6;604
7862;25;2020-08-09;0;604
7863;25;2020-08-10;24;628
7864;25;2020-08-11;16;644
7865;25;2020-08-12;22;666
7866;25;2020-08-13;34;700
7867;25;2020-08-14;34;734
7868;25;2020-08-15;6;740
7869;25;2020-08-16;6;746
7870;25;2020-08-17;36;782
7871;25;2020-08-18;52;834
7872;25;2020-08-19;26;860
7873;25;2020-08-20;28;888
7874;25;2020-08-21;32;920
7875;25;2020-08-22;6;926
7876;25;2020-08-23;8;934
7877;25;2020-08-24;34;968
7878;25;2020-08-25;60;1028
7879;25;2020-08-26;56;1084
7880;25;2020-08-27;60;1144
7881;25;2020-08-28;68;1212
7882;25;2020-08-29;34;1246
7883;25;2020-08-30;16;1262
7884;25;2020-08-31;90;1352
7885;25;2020-09-01;60;1412
7886;25;2020-09-02;60;1472
7887;25;2020-09-03;44;1516
7888;25;2020-09-04;112;1628
7889;25;2020-09-05;60;1688
7890;25;2020-09-06;12;1700
7891;25;2020-09-07;92;1792
7892;25;2020-09-08;102;1894
7893;25;2020-09-09;78;1972
7894;25;2020-09-10;102;2074
7895;25;2020-09-11;88;2162
7896;25;2020-09-12;60;2222
7897;25;2020-09-13;12;2234
7898;25;2020-09-14;154;2388
7899;25;2020-09-15;126;2514
7900;25;2020-09-16;134;2648
7901;25;2020-09-17;162;2810
7902;25;2020-09-18;128;2938
7903;25;2020-09-19;64;3002
7904;25;2020-09-20;10;3012
7905;25;2020-09-21;134;3146
7906;25;2020-09-22;98;3244
7907;25;2020-09-23;114;3358
7908;25;2020-09-24;154;3512
7909;25;2020-09-25;78;3590
7910;25;2020-09-26;48;3638
7911;25;2020-09-27;2;3640
7912;25;2020-09-28;118;3758
7913;25;2020-09-29;82;3840
7914;25;2020-09-30;116;3956
7915;25;2020-10-01;102;4058
7916;25;2020-10-02;74;4132
7917;25;2020-10-03;78;4210
7918;25;2020-10-04;2;4212
7919;25;2020-10-05;136;4348
7920;25;2020-10-06;94;4442
7921;25;2020-10-07;132;4574
7922;25;2020-10-08;188;4762
7923;25;2020-10-09;166;4928
7924;25;2020-10-10;134;5062
7925;25;2020-10-11;20;5082
7926;25;2020-10-12;298;5380
7927;25;2020-10-13;270;5650
7928;25;2020-10-14;282;5932
7929;25;2020-10-15;338;6270
7930;25;2020-10-16;382;6652
7931;25;2020-10-17;320;6972
7932;25;2020-10-18;34;7006
7933;25;2020-10-19;642;7648
7934;25;2020-10-20;568;8216
7935;25;2020-10-21;750;8966
7936;25;2020-10-22;820;9786
7937;25;2020-10-23;846;10632
7938;25;2020-10-24;432;11064
7939;25;2020-10-25;74;11138
7940;25;2020-10-26;1200;12338
7941;25;2020-10-27;1066;13404
7942;25;2020-10-28;1124;14528
7943;25;2020-10-29;1160;15688
7944;25;2020-10-30;1362;17050
7945;25;2020-10-31;978;18028
7946;25;2020-11-01;78;18106
7947;25;2020-11-02;1988;20094
7948;25;2020-11-03;1586;21680
7949;25;2020-11-04;1294;22974
7950;25;2020-11-05;1186;24160
7951;25;2020-11-06;1036;25196
7952;25;2020-11-07;650;25846
7953;25;2020-11-08;82;25928
7954;25;2020-11-09;1438;27366
7955;25;2020-11-10;1146;28512
7956;25;2020-11-11;60;28572
7957;25;2020-11-12;1170;29742
7958;25;2020-11-13;940;30682
7959;25;2020-11-14;340;31022
7960;25;2020-11-15;54;31076
7961;25;2020-11-16;922;31998
7962;25;2020-11-17;636;32634
7963;25;2020-11-18;470;33104
7964;25;2020-11-19;552;33656
7965;25;2020-11-20;484;34140
7966;25;2020-11-21;290;34430
7967;25;2020-11-22;46;34476
7968;25;2020-11-23;574;35050
7969;25;2020-11-24;384;35434
7970;25;2020-11-25;384;35818
7971;25;2020-11-26;380;36198
7972;25;2020-11-27;430;36628
7973;25;2020-11-28;282;36910
7974;25;2020-11-29;34;36944
7975;25;2020-11-30;522;37466
7976;25;2020-12-01;416;37882
7977;25;2020-12-02;378;38260
7978;25;2020-12-03;408;38668
7979;25;2020-12-04;460;39128
7980;25;2020-12-05;294;39422
7981;25;2020-12-06;32;39454
7982;25;2020-12-07;728;40182
7983;25;2020-12-08;364;40546
7984;25;2020-12-09;496;41042
7985;25;2020-12-10;474;41516
7986;25;2020-12-11;422;41938
7987;25;2020-12-12;380;42318
7988;25;2020-12-13;48;42366
7989;25;2020-12-14;636;43002
7990;25;2020-12-15;554;43556
7991;25;2020-12-16;550;44106
7992;25;2020-12-17;528;44634
7993;25;2020-12-18;606;45240
7994;25;2020-12-19;368;45608
7995;25;2020-12-20;60;45668
7996;25;2020-12-21;784;46452
7997;25;2020-12-22;634;47086
7998;25;2020-12-23;536;47622
7999;25;2020-12-24;456;48078
8000;25;2020-12-25;18;48096
8001;25;2020-12-26;476;48572
8002;25;2020-12-27;18;48590
8003;25;2020-12-28;744;49334
8004;25;2020-12-29;642;49976
8005;25;2020-12-30;760;50736
8006;25;2020-12-31;548;51284
8007;25;2021-01-01;22;51306
8008;25;2021-01-02;520;51826
8009;25;2021-01-03;30;51856
8010;25;2021-01-04;964;52820
8011;25;2021-01-05;630;53450
8012;25;2021-01-06;530;53980
8013;25;2021-01-07;584;54564
8014;25;2021-01-08;570;55134
8015;25;2021-01-09;318;55452
8016;25;2021-01-10;30;55482
8017;25;2021-01-11;654;56136
8018;25;2021-01-12;384;56520
8019;25;2021-01-13;448;56968
8020;25;2021-01-14;446;57414
8021;25;2021-01-15;450;57864
8022;25;2021-01-16;392;58256
8023;25;2021-01-17;22;58278
8024;25;2021-01-18;638;58916
8025;25;2021-01-19;518;59434
8026;25;2021-01-20;432;59866
8027;25;2021-01-21;516;60382
8028;25;2021-01-22;508;60890
8029;25;2021-01-23;328;61218
8030;25;2021-01-24;16;61234
8031;25;2021-01-25;550;61784
8032;25;2021-01-26;398;62182
8033;25;2021-01-27;338;62520
8034;25;2021-01-28;394;62914
8035;25;2021-01-29;450;63364
8036;25;2021-01-30;326;63690
8037;25;2021-01-31;34;63724
8038;25;2021-02-01;460;64184
8039;25;2021-02-02;314;64498
8040;25;2021-02-03;276;64774
8041;25;2021-02-04;280;65054
8042;25;2021-02-05;374;65428
8043;25;2021-02-06;234;65662
8044;25;2021-02-07;12;65674
8045;25;2021-02-08;360;66034
8046;25;2021-02-09;250;66284
8047;25;2021-02-10;296;66580
8048;25;2021-02-11;278;66858
8049;25;2021-02-12;338;67196
8050;25;2021-02-13;234;67430
8051;25;2021-02-14;18;67448
8052;25;2021-02-15;380;67828
8053;25;2021-02-16;284;68112
8054;25;2021-02-17;320;68432
8055;25;2021-02-18;308;68740
8056;25;2021-02-19;332;69072
8057;25;2021-02-20;228;69300
8058;25;2021-02-21;30;69330
8059;25;2021-02-22;398;69728
8060;25;2021-02-23;382;70110
8061;25;2021-02-24;348;70458
8062;25;2021-02-25;370;70828
8063;25;2021-02-26;374;71202
8064;25;2021-02-27;338;71540
8065;25;2021-02-28;14;71554
8066;25;2021-03-01;464;72018
8067;25;2021-03-02;356;72374
8068;25;2021-03-03;408;72782
8069;25;2021-03-04;406;73188
8070;25;2021-03-05;464;73652
8071;25;2021-03-06;296;73948
8072;25;2021-03-07;24;73972
8073;25;2021-03-08;640;74612
8074;25;2021-03-09;480;75092
8075;25;2021-03-10;530;75622
8076;25;2021-03-11;500;76122
8077;25;2021-03-12;584;76706
8078;25;2021-03-13;376;77082
8079;25;2021-03-14;32;77114
8080;25;2021-03-15;622;77736
8081;25;2021-03-16;474;78210
8082;25;2021-03-17;464;78674
8083;25;2021-03-18;434;79108
8084;25;2021-03-19;544;79652
8085;25;2021-03-20;412;80064
8086;25;2021-03-21;34;80098
8087;25;2021-03-22;920;81018
8088;25;2021-03-23;694;81712
8089;25;2021-03-24;684;82396
8090;25;2021-03-25;776;83172
8091;25;2021-03-26;760;83932
8092;25;2021-03-27;534;84466
8093;25;2021-03-28;52;84518
8094;25;2021-03-29;1112;85630
8095;25;2021-03-30;926;86556
8096;25;2021-03-31;956;87512
8097;25;2021-04-01;844;88356
8098;25;2021-04-02;844;89200
8099;25;2021-04-03;606;89806
8100;25;2021-04-04;78;89884
8101;25;2021-04-05;114;89998
8102;25;2021-04-06;1164;91162
8103;25;2021-04-07;888;92050
8104;25;2021-04-08;850;92900
8105;25;2021-04-09;852;93752
8106;25;2021-04-10;538;94290
8107;25;2021-04-11;66;94356
8108;25;2021-04-12;930;95286
8109;25;2021-04-13;752;96038
8110;25;2021-04-14;604;96642
8111;25;2021-04-15;676;97318
8112;26;2020-05-13;4;4
8113;26;2020-05-14;18;22
8114;26;2020-05-15;14;36
8115;26;2020-05-16;4;40
8116;26;2020-05-17;0;40
8117;26;2020-05-18;12;52
8118;26;2020-05-19;4;56
8119;26;2020-05-20;4;60
8120;26;2020-05-21;0;60
8121;26;2020-05-22;6;66
8122;26;2020-05-23;0;66
8123;26;2020-05-24;0;66
8124;26;2020-05-25;2;68
8125;26;2020-05-26;2;70
8126;26;2020-05-27;4;74
8127;26;2020-05-28;6;80
8128;26;2020-05-29;0;80
8129;26;2020-05-30;0;80
8130;26;2020-05-31;0;80
8131;26;2020-06-01;2;82
8132;26;2020-06-02;0;82
8133;26;2020-06-03;4;86
8134;26;2020-06-04;4;90
8135;26;2020-06-05;6;96
8136;26;2020-06-06;3;99
8137;26;2020-06-07;2;101
8138;26;2020-06-08;20;121
8139;26;2020-06-09;4;125
8140;26;2020-06-10;6;131
8141;26;2020-06-11;4;135
8142;26;2020-06-12;4;139
8143;26;2020-06-13;4;143
8144;26;2020-06-14;0;143
8145;26;2020-06-15;2;145
8146;26;2020-06-16;2;147
8147;26;2020-06-17;0;147
8148;26;2020-06-18;12;159
8149;26;2020-06-19;2;161
8150;26;2020-06-20;4;165
8151;26;2020-06-21;2;167
8152;26;2020-06-22;6;173
8153;26;2020-06-23;2;175
8154;26;2020-06-24;6;181
8155;26;2020-06-25;8;189
8156;26;2020-06-26;8;197
8157;26;2020-06-27;4;201
8158;26;2020-06-28;0;201
8159;26;2020-06-29;3;204
8160;26;2020-06-30;1;205
8161;26;2020-07-01;0;205
8162;26;2020-07-02;2;207
8163;26;2020-07-03;3;210
8164;26;2020-07-04;0;210
8165;26;2020-07-05;0;210
8166;26;2020-07-06;8;218
8167;26;2020-07-07;4;222
8168;26;2020-07-08;12;234
8169;26;2020-07-09;16;250
8170;26;2020-07-10;22;272
8171;26;2020-07-11;18;290
8172;26;2020-07-12;0;290
8173;26;2020-07-13;38;328
8174;26;2020-07-14;0;328
8175;26;2020-07-15;26;354
8176;26;2020-07-16;8;362
8177;26;2020-07-17;14;376
8178;26;2020-07-18;6;382
8179;26;2020-07-19;0;382
8180;26;2020-07-20;6;388
8181;26;2020-07-21;14;402
8182;26;2020-07-22;10;412
8183;26;2020-07-23;10;422
8184;26;2020-07-24;0;422
8185;26;2020-07-25;6;428
8186;26;2020-07-26;0;428
8187;26;2020-07-27;14;442
8188;26;2020-07-28;10;452
8189;26;2020-07-29;4;456
8190;26;2020-07-30;0;456
8191;26;2020-07-31;4;460
8192;26;2020-08-01;10;470
8193;26;2020-08-02;2;472
8194;26;2020-08-03;0;472
8195;26;2020-08-04;2;474
8196;26;2020-08-05;8;482
8197;26;2020-08-06;8;490
8198;26;2020-08-07;8;498
8199;26;2020-08-08;4;502
8200;26;2020-08-09;2;504
8201;26;2020-08-10;18;522
8202;26;2020-08-11;10;532
8203;26;2020-08-12;12;544
8204;26;2020-08-13;34;578
8205;26;2020-08-14;16;594
8206;26;2020-08-15;2;596
8207;26;2020-08-16;12;608
8208;26;2020-08-17;60;668
8209;26;2020-08-18;60;728
8210;26;2020-08-19;54;782
8211;26;2020-08-20;64;846
8212;26;2020-08-21;66;912
8213;26;2020-08-22;16;928
8214;26;2020-08-23;0;928
8215;26;2020-08-24;82;1010
8216;26;2020-08-25;46;1056
8217;26;2020-08-26;56;1112
8218;26;2020-08-27;64;1176
8219;26;2020-08-28;86;1262
8220;26;2020-08-29;40;1302
8221;26;2020-08-30;0;1302
8222;26;2020-08-31;130;1432
8223;26;2020-09-01;76;1508
8224;26;2020-09-02;66;1574
8225;26;2020-09-03;64;1638
8226;26;2020-09-04;46;1684
8227;26;2020-09-05;18;1702
8228;26;2020-09-06;12;1714
8229;26;2020-09-07;91;1805
8230;26;2020-09-08;52;1857
8231;26;2020-09-09;56;1913
8232;26;2020-09-10;74;1987
8233;26;2020-09-11;74;2061
8234;26;2020-09-12;34;2095
8235;26;2020-09-13;8;2103
8236;26;2020-09-14;96;2199
8237;26;2020-09-15;84;2283
8238;26;2020-09-16;132;2415
8239;26;2020-09-17;90;2505
8240;26;2020-09-18;78;2583
8241;26;2020-09-19;54;2637
8242;26;2020-09-20;12;2649
8243;26;2020-09-21;82;2731
8244;26;2020-09-22;107;2838
8245;26;2020-09-23;88;2926
8246;26;2020-09-24;102;3028
8247;26;2020-09-25;140;3168
8248;26;2020-09-26;66;3234
8249;26;2020-09-27;18;3252
8250;26;2020-09-28;156;3408
8251;26;2020-09-29;116;3524
8252;26;2020-09-30;158;3682
8253;26;2020-10-01;164;3846
8254;26;2020-10-02;198;4044
8255;26;2020-10-03;88;4132
8256;26;2020-10-04;36;4168
8257;26;2020-10-05;254;4422
8258;26;2020-10-06;246;4668
8259;26;2020-10-07;288;4956
8260;26;2020-10-08;318;5274
8261;26;2020-10-09;382;5656
8262;26;2020-10-10;148;5804
8263;26;2020-10-11;32;5836
8264;26;2020-10-12;400;6236
8265;26;2020-10-13;396;6632
8266;26;2020-10-14;446;7078
8267;26;2020-10-15;540;7618
8268;26;2020-10-16;585;8203
8269;26;2020-10-17;270;8473
8270;26;2020-10-18;56;8529
8271;26;2020-10-19;862;9391
8272;26;2020-10-20;940;10331
8273;26;2020-10-21;878;11209
8274;26;2020-10-22;1046;12255
8275;26;2020-10-23;1240;13495
8276;26;2020-10-24;398;13893
8277;26;2020-10-25;142;14035
8278;26;2020-10-26;1575;15610
8279;26;2020-10-27;1250;16860
8280;26;2020-10-28;1388;18248
8281;26;2020-10-29;1330;19578
8282;26;2020-10-30;1382;20960
8283;26;2020-10-31;450;21410
8284;26;2020-11-01;101;21511
8285;26;2020-11-02;1590;23101
8286;26;2020-11-03;1456;24557
8287;26;2020-11-04;1276;25833
8288;26;2020-11-05;1172;27005
8289;26;2020-11-06;998;28003
8290;26;2020-11-07;344;28347
8291;26;2020-11-08;90;28437
8292;26;2020-11-09;998;29435
8293;26;2020-11-10;830;30265
8294;26;2020-11-11;98;30363
8295;26;2020-11-12;948;31311
8296;26;2020-11-13;578;31889
8297;26;2020-11-14;208;32097
8298;26;2020-11-15;36;32133
8299;26;2020-11-16;754;32887
8300;26;2020-11-17;428;33315
8301;26;2020-11-18;354;33669
8302;26;2020-11-19;344;34013
8303;26;2020-11-20;329;34342
8304;26;2020-11-21;128;34470
8305;26;2020-11-22;14;34484
8306;26;2020-11-23;406;34890
8307;26;2020-11-24;210;35100
8308;26;2020-11-25;298;35398
8309;26;2020-11-26;270;35668
8310;26;2020-11-27;267;35935
8311;26;2020-11-28;126;36061
8312;26;2020-11-29;36;36097
8313;26;2020-11-30;426;36523
8314;26;2020-12-01;234;36757
8315;26;2020-12-02;262;37019
8316;26;2020-12-03;255;37274
8317;26;2020-12-04;272;37546
8318;26;2020-12-05;156;37702
8319;26;2020-12-06;38;37740
8320;26;2020-12-07;336;38076
8321;26;2020-12-08;294;38370
8322;26;2020-12-09;256;38626
8323;26;2020-12-10;304;38930
8324;26;2020-12-11;364;39294
8325;26;2020-12-12;138;39432
8326;26;2020-12-13;20;39452
8327;26;2020-12-14;420;39872
8328;26;2020-12-15;315;40187
8329;26;2020-12-16;304;40491
8330;26;2020-12-17;306;40797
8331;26;2020-12-18;446;41243
8332;26;2020-12-19;336;41579
8333;26;2020-12-20;204;41783
8334;26;2020-12-21;476;42259
8335;26;2020-12-22;388;42647
8336;26;2020-12-23;330;42977
8337;26;2020-12-24;278;43255
8338;26;2020-12-25;32;43287
8339;26;2020-12-26;150;43437
8340;26;2020-12-27;30;43467
8341;26;2020-12-28;400;43867
8342;26;2020-12-29;384;44251
8343;26;2020-12-30;416;44667
8344;26;2020-12-31;362;45029
8345;26;2021-01-01;30;45059
8346;26;2021-01-02;276;45335
8347;26;2021-01-03;40;45375
8348;26;2021-01-04;644;46019
8349;26;2021-01-05;505;46524
8350;26;2021-01-06;452;46976
8351;26;2021-01-07;358;47334
8352;26;2021-01-08;496;47830
8353;26;2021-01-09;208;48038
8354;26;2021-01-10;40;48078
8355;26;2021-01-11;555;48633
8356;26;2021-01-12;384;49017
8357;26;2021-01-13;470;49487
8358;26;2021-01-14;440;49927
8359;26;2021-01-15;546;50473
8360;26;2021-01-16;230;50703
8361;26;2021-01-17;22;50725
8362;26;2021-01-18;730;51455
8363;26;2021-01-19;486;51941
8364;26;2021-01-20;504;52445
8365;26;2021-01-21;559;53004
8366;26;2021-01-22;578;53582
8367;26;2021-01-23;256;53838
8368;26;2021-01-24;26;53864
8369;26;2021-01-25;802;54666
8370;26;2021-01-26;540;55206
8371;26;2021-01-27;514;55720
8372;26;2021-01-28;404;56124
8373;26;2021-01-29;472;56596
8374;26;2021-01-30;208;56804
8375;26;2021-01-31;44;56848
8376;26;2021-02-01;606;57454
8377;26;2021-02-02;426;57880
8378;26;2021-02-03;366;58246
8379;26;2021-02-04;406;58652
8380;26;2021-02-05;356;59008
8381;26;2021-02-06;290;59298
8382;26;2021-02-07;28;59326
8383;26;2021-02-08;506;59832
8384;26;2021-02-09;480;60312
8385;26;2021-02-10;342;60654
8386;26;2021-02-11;304;60958
8387;26;2021-02-12;414;61372
8388;26;2021-02-13;202;61574
8389;26;2021-02-14;28;61602
8390;26;2021-02-15;576;62178
8391;26;2021-02-16;422;62600
8392;26;2021-02-17;372;62972
8393;26;2021-02-18;354;63326
8394;26;2021-02-19;450;63776
8395;26;2021-02-20;244;64020
8396;26;2021-02-21;28;64048
8397;26;2021-02-22;552;64600
8398;26;2021-02-23;380;64980
8399;26;2021-02-24;406;65386
8400;26;2021-02-25;416;65802
8401;26;2021-02-26;395;66197
8402;26;2021-02-27;166;66363
8403;26;2021-02-28;26;66389
8404;26;2021-03-01;446;66835
8405;26;2021-03-02;296;67131
8406;26;2021-03-03;274;67405
8407;26;2021-03-04;322;67727
8408;26;2021-03-05;386;68113
8409;26;2021-03-06;194;68307
8410;26;2021-03-07;46;68353
8411;26;2021-03-08;442;68795
8412;26;2021-03-09;308;69103
8413;26;2021-03-10;320;69423
8414;26;2021-03-11;396;69819
8415;26;2021-03-12;378;70197
8416;26;2021-03-13;226;70423
8417;26;2021-03-14;12;70435
8418;26;2021-03-15;570;71005
8419;26;2021-03-16;370;71375
8420;26;2021-03-17;348;71723
8421;26;2021-03-18;468;72191
8422;26;2021-03-19;434;72625
8423;26;2021-03-20;232;72857
8424;26;2021-03-21;28;72885
8425;26;2021-03-22;572;73457
8426;26;2021-03-23;518;73975
8427;26;2021-03-24;518;74493
8428;26;2021-03-25;503;74996
8429;26;2021-03-26;562;75558
8430;26;2021-03-27;296;75854
8431;26;2021-03-28;44;75898
8432;26;2021-03-29;704;76602
8433;26;2021-03-30;620;77222
8434;26;2021-03-31;522;77744
8435;26;2021-04-01;562;78306
8436;26;2021-04-02;580;78886
8437;26;2021-04-03;346;79232
8438;26;2021-04-04;36;79268
8439;26;2021-04-05;42;79310
8440;26;2021-04-06;874;80184
8441;26;2021-04-07;630;80814
8442;26;2021-04-08;556;81370
8443;26;2021-04-09;506;81876
8444;26;2021-04-10;254;82130
8445;26;2021-04-11;32;82162
8446;26;2021-04-12;640;82802
8447;26;2021-04-13;414;83216
8448;26;2021-04-14;482;83698
8449;26;2021-04-15;430;84128
8450;27;2020-05-13;16;16
8451;27;2020-05-14;9;25
8452;27;2020-05-15;6;31
8453;27;2020-05-16;0;31
8454;27;2020-05-17;2;33
8455;27;2020-05-18;12;45
8456;27;2020-05-19;10;55
8457;27;2020-05-20;6;61
8458;27;2020-05-21;0;61
8459;27;2020-05-22;8;69
8460;27;2020-05-23;2;71
8461;27;2020-05-24;6;77
8462;27;2020-05-25;12;89
8463;27;2020-05-26;4;93
8464;27;2020-05-27;6;99
8465;27;2020-05-28;4;103
8466;27;2020-05-29;2;105
8467;27;2020-05-30;0;105
8468;27;2020-05-31;0;105
8469;27;2020-06-01;2;107
8470;27;2020-06-02;4;111
8471;27;2020-06-03;4;115
8472;27;2020-06-04;6;121
8473;27;2020-06-05;4;125
8474;27;2020-06-06;0;125
8475;27;2020-06-07;2;127
8476;27;2020-06-08;0;127
8477;27;2020-06-09;2;129
8478;27;2020-06-10;2;131
8479;27;2020-06-11;0;131
8480;27;2020-06-12;2;133
8481;27;2020-06-13;2;135
8482;27;2020-06-14;0;135
8483;27;2020-06-15;0;135
8484;27;2020-06-16;10;145
8485;27;2020-06-17;0;145
8486;27;2020-06-18;2;147
8487;27;2020-06-19;4;151
8488;27;2020-06-20;0;151
8489;27;2020-06-21;2;153
8490;27;2020-06-22;2;155
8491;27;2020-06-23;2;157
8492;27;2020-06-24;4;161
8493;27;2020-06-25;6;167
8494;27;2020-06-26;8;175
8495;27;2020-06-27;0;175
8496;27;2020-06-28;2;177
8497;27;2020-06-29;2;179
8498;27;2020-06-30;4;183
8499;27;2020-07-01;2;185
8500;27;2020-07-02;8;193
8501;27;2020-07-03;6;199
8502;27;2020-07-04;0;199
8503;27;2020-07-05;0;199
8504;27;2020-07-06;8;207
8505;27;2020-07-07;4;211
8506;27;2020-07-08;0;211
8507;27;2020-07-09;4;215
8508;27;2020-07-10;2;217
8509;27;2020-07-11;2;219
8510;27;2020-07-12;2;221
8511;27;2020-07-13;0;221
8512;27;2020-07-14;0;221
8513;27;2020-07-15;0;221
8514;27;2020-07-16;0;221
8515;27;2020-07-17;14;235
8516;27;2020-07-18;0;235
8517;27;2020-07-19;0;235
8518;27;2020-07-20;2;237
8519;27;2020-07-21;2;239
8520;27;2020-07-22;2;241
8521;27;2020-07-23;6;247
8522;27;2020-07-24;4;251
8523;27;2020-07-25;0;251
8524;27;2020-07-26;0;251
8525;27;2020-07-27;6;257
8526;27;2020-07-28;6;263
8527;27;2020-07-29;15;278
8528;27;2020-07-30;10;288
8529;27;2020-07-31;6;294
8530;27;2020-08-01;0;294
8531;27;2020-08-02;0;294
8532;27;2020-08-03;14;308
8533;27;2020-08-04;8;316
8534;27;2020-08-05;22;338
8535;27;2020-08-06;20;358
8536;27;2020-08-07;14;372
8537;27;2020-08-08;4;376
8538;27;2020-08-09;2;378
8539;27;2020-08-10;16;394
8540;27;2020-08-11;16;410
8541;27;2020-08-12;10;420
8542;27;2020-08-13;26;446
8543;27;2020-08-14;34;480
8544;27;2020-08-15;12;492
8545;27;2020-08-16;6;498
8546;27;2020-08-17;28;526
8547;27;2020-08-18;50;576
8548;27;2020-08-19;22;598
8549;27;2020-08-20;34;632
8550;27;2020-08-21;20;652
8551;27;2020-08-22;12;664
8552;27;2020-08-23;4;668
8553;27;2020-08-24;48;716
8554;27;2020-08-25;54;770
8555;27;2020-08-26;58;828
8556;27;2020-08-27;60;888
8557;27;2020-08-28;76;964
8558;27;2020-08-29;32;996
8559;27;2020-08-30;26;1022
8560;27;2020-08-31;120;1142
8561;27;2020-09-01;78;1220
8562;27;2020-09-02;58;1278
8563;27;2020-09-03;52;1330
8564;27;2020-09-04;120;1450
8565;27;2020-09-05;30;1480
8566;27;2020-09-06;38;1518
8567;27;2020-09-07;116;1634
8568;27;2020-09-08;132;1766
8569;27;2020-09-09;132;1898
8570;27;2020-09-10;120;2018
8571;27;2020-09-11;110;2128
8572;27;2020-09-12;74;2202
8573;27;2020-09-13;30;2232
8574;27;2020-09-14;222;2454
8575;27;2020-09-15;174;2628
8576;27;2020-09-16;158;2786
8577;27;2020-09-17;114;2900
8578;27;2020-09-18;132;3032
8579;27;2020-09-19;78;3110
8580;27;2020-09-20;26;3136
8581;27;2020-09-21;202;3338
8582;27;2020-09-22;272;3610
8583;27;2020-09-23;176;3786
8584;27;2020-09-24;154;3940
8585;27;2020-09-25;164;4104
8586;27;2020-09-26;38;4142
8587;27;2020-09-27;20;4162
8588;27;2020-09-28;162;4324
8589;27;2020-09-29;160;4484
8590;27;2020-09-30;142;4626
8591;27;2020-10-01;162;4788
8592;27;2020-10-02;170;4958
8593;27;2020-10-03;66;5024
8594;27;2020-10-04;34;5058
8595;27;2020-10-05;278;5336
8596;27;2020-10-06;222;5558
8597;27;2020-10-07;268;5826
8598;27;2020-10-08;240;6066
8599;27;2020-10-09;250;6316
8600;27;2020-10-10;108;6424
8601;27;2020-10-11;52;6476
8602;27;2020-10-12;390;6866
8603;27;2020-10-13;310;7176
8604;27;2020-10-14;364;7540
8605;27;2020-10-15;348;7888
8606;27;2020-10-16;566;8454
8607;27;2020-10-17;114;8568
8608;27;2020-10-18;92;8660
8609;27;2020-10-19;486;9146
8610;27;2020-10-20;530;9676
8611;27;2020-10-21;538;10214
8612;27;2020-10-22;568;10782
8613;27;2020-10-23;664;11446
8614;27;2020-10-24;178;11624
8615;27;2020-10-25;108;11732
8616;27;2020-10-26;778;12510
8617;27;2020-10-27;872;13382
8618;27;2020-10-28;748;14130
8619;27;2020-10-29;766;14896
8620;27;2020-10-30;777;15673
8621;27;2020-10-31;234;15907
8622;27;2020-11-01;116;16023
8623;27;2020-11-02;902;16925
8624;27;2020-11-03;788;17713
8625;27;2020-11-04;680;18393
8626;27;2020-11-05;728;19121
8627;27;2020-11-06;584;19705
8628;27;2020-11-07;216;19921
8629;27;2020-11-08;90;20011
8630;27;2020-11-09;682;20693
8631;27;2020-11-10;606;21299
8632;27;2020-11-11;94;21393
8633;27;2020-11-12;570;21963
8634;27;2020-11-13;476;22439
8635;27;2020-11-14;162;22601
8636;27;2020-11-15;56;22657
8637;27;2020-11-16;460;23117
8638;27;2020-11-17;394;23511
8639;27;2020-11-18;308;23819
8640;27;2020-11-19;292;24111
8641;27;2020-11-20;336;24447
8642;27;2020-11-21;72;24519
8643;27;2020-11-22;62;24581
8644;27;2020-11-23;274;24855
8645;27;2020-11-24;292;25147
8646;27;2020-11-25;158;25305
8647;27;2020-11-26;188;25493
8648;27;2020-11-27;162;25655
8649;27;2020-11-28;52;25707
8650;27;2020-11-29;28;25735
8651;27;2020-11-30;176;25911
8652;27;2020-12-01;196;26107
8653;27;2020-12-02;216;26323
8654;27;2020-12-03;209;26532
8655;27;2020-12-04;256;26788
8656;27;2020-12-05;64;26852
8657;27;2020-12-06;10;26862
8658;27;2020-12-07;184;27046
8659;27;2020-12-08;186;27232
8660;27;2020-12-09;144;27376
8661;27;2020-12-10;188;27564
8662;27;2020-12-11;164;27728
8663;27;2020-12-12;68;27796
8664;27;2020-12-13;30;27826
8665;27;2020-12-14;200;28026
8666;27;2020-12-15;206;28232
8667;27;2020-12-16;164;28396
8668;27;2020-12-17;188;28584
8669;27;2020-12-18;216;28800
8670;27;2020-12-19;90;28890
8671;27;2020-12-20;14;28904
8672;27;2020-12-21;300;29204
8673;27;2020-12-22;234;29438
8674;27;2020-12-23;180;29618
8675;27;2020-12-24;152;29770
8676;27;2020-12-25;16;29786
8677;27;2020-12-26;72;29858
8678;27;2020-12-27;10;29868
8679;27;2020-12-28;294;30162
8680;27;2020-12-29;198;30360
8681;27;2020-12-30;196;30556
8682;27;2020-12-31;150;30706
8683;27;2021-01-01;8;30714
8684;27;2021-01-02;88;30802
8685;27;2021-01-03;28;30830
8686;27;2021-01-04;390;31220
8687;27;2021-01-05;274;31494
8688;27;2021-01-06;214;31708
8689;27;2021-01-07;198;31906
8690;27;2021-01-08;192;32098
8691;27;2021-01-09;78;32176
8692;27;2021-01-10;42;32218
8693;27;2021-01-11;282;32500
8694;27;2021-01-12;296;32796
8695;27;2021-01-13;178;32974
8696;27;2021-01-14;212;33186
8697;27;2021-01-15;230;33416
8698;27;2021-01-16;110;33526
8699;27;2021-01-17;24;33550
8700;27;2021-01-18;262;33812
8701;27;2021-01-19;218;34030
8702;27;2021-01-20;224;34254
8703;27;2021-01-21;222;34476
8704;27;2021-01-22;292;34768
8705;27;2021-01-23;122;34890
8706;27;2021-01-24;28;34918
8707;27;2021-01-25;317;35235
8708;27;2021-01-26;320;35555
8709;27;2021-01-27;277;35832
8710;27;2021-01-28;344;36176
8711;27;2021-01-29;386;36562
8712;27;2021-01-30;182;36744
8713;27;2021-01-31;58;36802
8714;27;2021-02-01;422;37224
8715;27;2021-02-02;354;37578
8716;27;2021-02-03;302;37880
8717;27;2021-02-04;350;38230
8718;27;2021-02-05;454;38684
8719;27;2021-02-06;146;38830
8720;27;2021-02-07;46;38876
8721;27;2021-02-08;492;39368
8722;27;2021-02-09;382;39750
8723;27;2021-02-10;290;40040
8724;27;2021-02-11;364;40404
8725;27;2021-02-12;322;40726
8726;27;2021-02-13;116;40842
8727;27;2021-02-14;28;40870
8728;27;2021-02-15;408;41278
8729;27;2021-02-16;396;41674
8730;27;2021-02-17;416;42090
8731;27;2021-02-18;399;42489
8732;27;2021-02-19;414;42903
8733;27;2021-02-20;226;43129
8734;27;2021-02-21;50;43179
8735;27;2021-02-22;606;43785
8736;27;2021-02-23;424;44209
8737;27;2021-02-24;406;44615
8738;27;2021-02-25;556;45171
8739;27;2021-02-26;430;45601
8740;27;2021-02-27;174;45775
8741;27;2021-02-28;80;45855
8742;27;2021-03-01;654;46509
8743;27;2021-03-02;476;46985
8744;27;2021-03-03;470;47455
8745;27;2021-03-04;518;47973
8746;27;2021-03-05;564;48537
8747;27;2021-03-06;288;48825
8748;27;2021-03-07;36;48861
8749;27;2021-03-08;704;49565
8750;27;2021-03-09;548;50113
8751;27;2021-03-10;548;50661
8752;27;2021-03-11;660;51321
8753;27;2021-03-12;754;52075
8754;27;2021-03-13;356;52431
8755;27;2021-03-14;46;52477
8756;27;2021-03-15;956;53433
8757;27;2021-03-16;764;54197
8758;27;2021-03-17;650;54847
8759;27;2021-03-18;844;55691
8760;27;2021-03-19;874;56565
8761;27;2021-03-20;374;56939
8762;27;2021-03-21;54;56993
8763;27;2021-03-22;1242;58235
8764;27;2021-03-23;936;59171
8765;27;2021-03-24;888;60059
8766;27;2021-03-25;1020;61079
8767;27;2021-03-26;1006;62085
8768;27;2021-03-27;430;62515
8769;27;2021-03-28;30;62545
8770;27;2021-03-29;1215;63760
8771;27;2021-03-30;1024;64784
8772;27;2021-03-31;737;65521
8773;27;2021-04-01;790;66311
8774;27;2021-04-02;896;67207
8775;27;2021-04-03;352;67559
8776;27;2021-04-04;38;67597
8777;27;2021-04-05;92;67689
8778;27;2021-04-06;1178;68867
8779;27;2021-04-07;908;69775
8780;27;2021-04-08;826;70601
8781;27;2021-04-09;720;71321
8782;27;2021-04-10;386;71707
8783;27;2021-04-11;40;71747
8784;27;2021-04-12;976;72723
8785;27;2021-04-13;604;73327
8786;27;2021-04-14;642;73969
8787;27;2021-04-15;660;74629
8788;28;2020-05-13;8;8
8789;28;2020-05-14;14;22
8790;28;2020-05-15;15;37
8791;28;2020-05-16;2;39
8792;28;2020-05-17;0;39
8793;28;2020-05-18;12;51
8794;28;2020-05-19;10;61
8795;28;2020-05-20;12;73
8796;28;2020-05-21;0;73
8797;28;2020-05-22;2;75
8798;28;2020-05-23;0;75
8799;28;2020-05-24;0;75
8800;28;2020-05-25;6;81
8801;28;2020-05-26;6;87
8802;28;2020-05-27;10;97
8803;28;2020-05-28;8;105
8804;28;2020-05-29;14;119
8805;28;2020-05-30;0;119
8806;28;2020-05-31;0;119
8807;28;2020-06-01;2;121
8808;28;2020-06-02;12;133
8809;28;2020-06-03;4;137
8810;28;2020-06-04;16;153
8811;28;2020-06-05;6;159
8812;28;2020-06-06;0;159
8813;28;2020-06-07;0;159
8814;28;2020-06-08;8;167
8815;28;2020-06-09;4;171
8816;28;2020-06-10;10;181
8817;28;2020-06-11;10;191
8818;28;2020-06-12;0;191
8819;28;2020-06-13;6;197
8820;28;2020-06-14;2;199
8821;28;2020-06-15;4;203
8822;28;2020-06-16;2;205
8823;28;2020-06-17;0;205
8824;28;2020-06-18;0;205
8825;28;2020-06-19;4;209
8826;28;2020-06-20;2;211
8827;28;2020-06-21;0;211
8828;28;2020-06-22;2;213
8829;28;2020-06-23;2;215
8830;28;2020-06-24;0;215
8831;28;2020-06-25;2;217
8832;28;2020-06-26;6;223
8833;28;2020-06-27;0;223
8834;28;2020-06-28;0;223
8835;28;2020-06-29;2;225
8836;28;2020-06-30;8;233
8837;28;2020-07-01;8;241
8838;28;2020-07-02;22;263
8839;28;2020-07-03;6;269
8840;28;2020-07-04;2;271
8841;28;2020-07-05;0;271
8842;28;2020-07-06;40;311
8843;28;2020-07-07;4;315
8844;28;2020-07-08;4;319
8845;28;2020-07-09;4;323
8846;28;2020-07-10;4;327
8847;28;2020-07-11;0;327
8848;28;2020-07-12;0;327
8849;28;2020-07-13;2;329
8850;28;2020-07-14;0;329
8851;28;2020-07-15;0;329
8852;28;2020-07-16;2;331
8853;28;2020-07-17;0;331
8854;28;2020-07-18;0;331
8855;28;2020-07-19;0;331
8856;28;2020-07-20;2;333
8857;28;2020-07-21;6;339
8858;28;2020-07-22;14;353
8859;28;2020-07-23;4;357
8860;28;2020-07-24;16;373
8861;28;2020-07-25;6;379
8862;28;2020-07-26;2;381
8863;28;2020-07-27;2;383
8864;28;2020-07-28;14;397
8865;28;2020-07-29;0;397
8866;28;2020-07-30;6;403
8867;28;2020-07-31;18;421
8868;28;2020-08-01;8;429
8869;28;2020-08-02;0;429
8870;28;2020-08-03;20;449
8871;28;2020-08-04;14;463
8872;28;2020-08-05;16;479
8873;28;2020-08-06;28;507
8874;28;2020-08-07;8;515
8875;28;2020-08-08;10;525
8876;28;2020-08-09;0;525
8877;28;2020-08-10;28;553
8878;28;2020-08-11;10;563
8879;28;2020-08-12;28;591
8880;28;2020-08-13;62;653
8881;28;2020-08-14;12;665
8882;28;2020-08-15;14;679
8883;28;2020-08-16;14;693
8884;28;2020-08-17;36;729
8885;28;2020-08-18;34;763
8886;28;2020-08-19;22;785
8887;28;2020-08-20;38;823
8888;28;2020-08-21;38;861
8889;28;2020-08-22;10;871
8890;28;2020-08-23;2;873
8891;28;2020-08-24;50;923
8892;28;2020-08-25;38;961
8893;28;2020-08-26;32;993
8894;28;2020-08-27;58;1051
8895;28;2020-08-28;32;1083
8896;28;2020-08-29;10;1093
8897;28;2020-08-30;4;1097
8898;28;2020-08-31;52;1149
8899;28;2020-09-01;56;1205
8900;28;2020-09-02;50;1255
8901;28;2020-09-03;74;1329
8902;28;2020-09-04;56;1385
8903;28;2020-09-05;28;1413
8904;28;2020-09-06;6;1419
8905;28;2020-09-07;98;1517
8906;28;2020-09-08;148;1665
8907;28;2020-09-09;54;1719
8908;28;2020-09-10;78;1797
8909;28;2020-09-11;66;1863
8910;28;2020-09-12;20;1883
8911;28;2020-09-13;6;1889
8912;28;2020-09-14;84;1973
8913;28;2020-09-15;72;2045
8914;28;2020-09-16;94;2139
8915;28;2020-09-17;86;2225
8916;28;2020-09-18;64;2289
8917;28;2020-09-19;30;2319
8918;28;2020-09-20;2;2321
8919;28;2020-09-21;100;2421
8920;28;2020-09-22;80;2501
8921;28;2020-09-23;78;2579
8922;28;2020-09-24;102;2681
8923;28;2020-09-25;62;2743
8924;28;2020-09-26;16;2759
8925;28;2020-09-27;6;2765
8926;28;2020-09-28;84;2849
8927;28;2020-09-29;98;2947
8928;28;2020-09-30;54;3001
8929;28;2020-10-01;68;3069
8930;28;2020-10-02;110;3179
8931;28;2020-10-03;30;3209
8932;28;2020-10-04;4;3213
8933;28;2020-10-05;134;3347
8934;28;2020-10-06;136;3483
8935;28;2020-10-07;78;3561
8936;28;2020-10-08;142;3703
8937;28;2020-10-09;156;3859
8938;28;2020-10-10;84;3943
8939;28;2020-10-11;10;3953
8940;28;2020-10-12;180;4133
8941;28;2020-10-13;210;4343
8942;28;2020-10-14;168;4511
8943;28;2020-10-15;196;4707
8944;28;2020-10-16;194;4901
8945;28;2020-10-17;176;5077
8946;28;2020-10-18;48;5125
8947;28;2020-10-19;190;5315
8948;28;2020-10-20;330;5645
8949;28;2020-10-21;418;6063
8950;28;2020-10-22;330;6393
8951;28;2020-10-23;464;6857
8952;28;2020-10-24;338;7195
8953;28;2020-10-25;82;7277
8954;28;2020-10-26;510;7787
8955;28;2020-10-27;600;8387
8956;28;2020-10-28;498;8885
8957;28;2020-10-29;510;9395
8958;28;2020-10-30;404;9799
8959;28;2020-10-31;226;10025
8960;28;2020-11-01;128;10153
8961;28;2020-11-02;448;10601
8962;28;2020-11-03;584;11185
8963;28;2020-11-04;476;11661
8964;28;2020-11-05;460;12121
8965;28;2020-11-06;406;12527
8966;28;2020-11-07;188;12715
8967;28;2020-11-08;48;12763
8968;28;2020-11-09;384;13147
8969;28;2020-11-10;428;13575
8970;28;2020-11-11;130;13705
8971;28;2020-11-12;208;13913
8972;28;2020-11-13;280;14193
8973;28;2020-11-14;168;14361
8974;28;2020-11-15;22;14383
8975;28;2020-11-16;252;14635
8976;28;2020-11-17;350;14985
8977;28;2020-11-18;244;15229
8978;28;2020-11-19;210;15439
8979;28;2020-11-20;192;15631
8980;28;2020-11-21;86;15717
8981;28;2020-11-22;20;15737
8982;28;2020-11-23;186;15923
8983;28;2020-11-24;152;16075
8984;28;2020-11-25;156;16231
8985;28;2020-11-26;126;16357
8986;28;2020-11-27;158;16515
8987;28;2020-11-28;24;16539
8988;28;2020-11-29;4;16543
8989;28;2020-11-30;166;16709
8990;28;2020-12-01;150;16859
8991;28;2020-12-02;154;17013
8992;28;2020-12-03;162;17175
8993;28;2020-12-04;152;17327
8994;28;2020-12-05;50;17377
8995;28;2020-12-06;12;17389
8996;28;2020-12-07;186;17575
8997;28;2020-12-08;154;17729
8998;28;2020-12-09;158;17887
8999;28;2020-12-10;148;18035
9000;28;2020-12-11;144;18179
9001;28;2020-12-12;62;18241
9002;28;2020-12-13;16;18257
9003;28;2020-12-14;184;18441
9004;28;2020-12-15;185;18626
9005;28;2020-12-16;132;18758
9006;28;2020-12-17;128;18886
9007;28;2020-12-18;156;19042
9008;28;2020-12-19;86;19128
9009;28;2020-12-20;26;19154
9010;28;2020-12-21;198;19352
9011;28;2020-12-22;188;19540
9012;28;2020-12-23;230;19770
9013;28;2020-12-24;116;19886
9014;28;2020-12-25;12;19898
9015;28;2020-12-26;84;19982
9016;28;2020-12-27;10;19992
9017;28;2020-12-28;236;20228
9018;28;2020-12-29;194;20422
9019;28;2020-12-30;172;20594
9020;28;2020-12-31;138;20732
9021;28;2021-01-01;16;20748
9022;28;2021-01-02;88;20836
9023;28;2021-01-03;26;20862
9024;28;2021-01-04;286;21148
9025;28;2021-01-05;186;21334
9026;28;2021-01-06;202;21536
9027;28;2021-01-07;216;21752
9028;28;2021-01-08;252;22004
9029;28;2021-01-09;86;22090
9030;28;2021-01-10;8;22098
9031;28;2021-01-11;214;22312
9032;28;2021-01-12;272;22584
9033;28;2021-01-13;160;22744
9034;28;2021-01-14;172;22916
9035;28;2021-01-15;206;23122
9036;28;2021-01-16;90;23212
9037;28;2021-01-17;6;23218
9038;28;2021-01-18;292;23510
9039;28;2021-01-19;198;23708
9040;28;2021-01-20;214;23922
9041;28;2021-01-21;186;24108
9042;28;2021-01-22;236;24344
9043;28;2021-01-23;132;24476
9044;28;2021-01-24;4;24480
9045;28;2021-01-25;320;24800
9046;28;2021-01-26;192;24992
9047;28;2021-01-27;208;25200
9048;28;2021-01-28;266;25466
9049;28;2021-01-29;300;25766
9050;28;2021-01-30;160;25926
9051;28;2021-01-31;36;25962
9052;28;2021-02-01;418;26380
9053;28;2021-02-02;316;26696
9054;28;2021-02-03;302;26998
9055;28;2021-02-04;217;27215
9056;28;2021-02-05;244;27459
9057;28;2021-02-06;146;27605
9058;28;2021-02-07;30;27635
9059;28;2021-02-08;253;27888
9060;28;2021-02-09;262;28150
9061;28;2021-02-10;162;28312
9062;28;2021-02-11;258;28570
9063;28;2021-02-12;278;28848
9064;28;2021-02-13;128;28976
9065;28;2021-02-14;12;28988
9066;28;2021-02-15;297;29285
9067;28;2021-02-16;354;29639
9068;28;2021-02-17;276;29915
9069;28;2021-02-18;302;30217
9070;28;2021-02-19;366;30583
9071;28;2021-02-20;226;30809
9072;28;2021-02-21;24;30833
9073;28;2021-02-22;446;31279
9074;28;2021-02-23;376;31655
9075;28;2021-02-24;434;32089
9076;28;2021-02-25;342;32431
9077;28;2021-02-26;340;32771
9078;28;2021-02-27;166;32937
9079;28;2021-02-28;26;32963
9080;28;2021-03-01;374;33337
9081;28;2021-03-02;326;33663
9082;28;2021-03-03;296;33959
9083;28;2021-03-04;316;34275
9084;28;2021-03-05;298;34573
9085;28;2021-03-06;198;34771
9086;28;2021-03-07;36;34807
9087;28;2021-03-08;480;35287
9088;28;2021-03-09;376;35663
9089;28;2021-03-10;352;36015
9090;28;2021-03-11;424;36439
9091;28;2021-03-12;522;36961
9092;28;2021-03-13;258;37219
9093;28;2021-03-14;38;37257
9094;28;2021-03-15;564;37821
9095;28;2021-03-16;446;38267
9096;28;2021-03-17;444;38711
9097;28;2021-03-18;529;39240
9098;28;2021-03-19;528;39768
9099;28;2021-03-20;286;40054
9100;28;2021-03-21;70;40124
9101;28;2021-03-22;608;40732
9102;28;2021-03-23;568;41300
9103;28;2021-03-24;504;41804
9104;28;2021-03-25;536;42340
9105;28;2021-03-26;626;42966
9106;28;2021-03-27;298;43264
9107;28;2021-03-28;64;43328
9108;28;2021-03-29;689;44017
9109;28;2021-03-30;606;44623
9110;28;2021-03-31;524;45147
9111;28;2021-04-01;534;45681
9112;28;2021-04-02;562;46243
9113;28;2021-04-03;276;46519
9114;28;2021-04-04;40;46559
9115;28;2021-04-05;72;46631
9116;28;2021-04-06;672;47303
9117;28;2021-04-07;574;47877
9118;28;2021-04-08;624;48501
9119;28;2021-04-09;602;49103
9120;28;2021-04-10;276;49379
9121;28;2021-04-11;42;49421
9122;28;2021-04-12;556;49977
9123;28;2021-04-13;580;50557
9124;28;2021-04-14;458;51015
9125;28;2021-04-15;536;51551
9126;29;2020-05-13;4;4
9127;29;2020-05-14;2;6
9128;29;2020-05-15;4;10
9129;29;2020-05-16;4;14
9130;29;2020-05-17;0;14
9131;29;2020-05-18;0;14
9132;29;2020-05-19;2;16
9133;29;2020-05-20;4;20
9134;29;2020-05-21;4;24
9135;29;2020-05-22;8;32
9136;29;2020-05-23;0;32
9137;29;2020-05-24;2;34
9138;29;2020-05-25;4;38
9139;29;2020-05-26;2;40
9140;29;2020-05-27;2;42
9141;29;2020-05-28;6;48
9142;29;2020-05-29;0;48
9143;29;2020-05-30;0;48
9144;29;2020-05-31;0;48
9145;29;2020-06-01;0;48
9146;29;2020-06-02;2;50
9147;29;2020-06-03;2;52
9148;29;2020-06-04;0;52
9149;29;2020-06-05;2;54
9150;29;2020-06-06;0;54
9151;29;2020-06-07;0;54
9152;29;2020-06-08;6;60
9153;29;2020-06-09;4;64
9154;29;2020-06-10;0;64
9155;29;2020-06-11;0;64
9156;29;2020-06-12;4;68
9157;29;2020-06-13;0;68
9158;29;2020-06-14;0;68
9159;29;2020-06-15;0;68
9160;29;2020-06-16;0;68
9161;29;2020-06-17;0;68
9162;29;2020-06-18;2;70
9163;29;2020-06-19;0;70
9164;29;2020-06-20;0;70
9165;29;2020-06-21;0;70
9166;29;2020-06-22;2;72
9167;29;2020-06-23;2;74
9168;29;2020-06-24;0;74
9169;29;2020-06-25;0;74
9170;29;2020-06-26;2;76
9171;29;2020-06-27;0;76
9172;29;2020-06-28;0;76
9173;29;2020-06-29;0;76
9174;29;2020-06-30;14;90
9175;29;2020-07-01;0;90
9176;29;2020-07-02;0;90
9177;29;2020-07-03;14;104
9178;29;2020-07-04;2;106
9179;29;2020-07-05;0;106
9180;29;2020-07-06;4;110
9181;29;2020-07-07;2;112
9182;29;2020-07-08;20;132
9183;29;2020-07-09;6;138
9184;29;2020-07-10;62;200
9185;29;2020-07-11;10;210
9186;29;2020-07-12;0;210
9187;29;2020-07-13;68;278
9188;29;2020-07-14;0;278
9189;29;2020-07-15;104;382
9190;29;2020-07-16;80;462
9191;29;2020-07-17;26;488
9192;29;2020-07-18;4;492
9193;29;2020-07-19;0;492
9194;29;2020-07-20;6;498
9195;29;2020-07-21;2;500
9196;29;2020-07-22;12;512
9197;29;2020-07-23;14;526
9198;29;2020-07-24;10;536
9199;29;2020-07-25;2;538
9200;29;2020-07-26;2;540
9201;29;2020-07-27;14;554
9202;29;2020-07-28;18;572
9203;29;2020-07-29;4;576
9204;29;2020-07-30;8;584
9205;29;2020-07-31;8;592
9206;29;2020-08-01;4;596
9207;29;2020-08-02;2;598
9208;29;2020-08-03;34;632
9209;29;2020-08-04;28;660
9210;29;2020-08-05;40;700
9211;29;2020-08-06;22;722
9212;29;2020-08-07;40;762
9213;29;2020-08-08;12;774
9214;29;2020-08-09;6;780
9215;29;2020-08-10;36;816
9216;29;2020-08-11;32;848
9217;29;2020-08-12;24;872
9218;29;2020-08-13;62;934
9219;29;2020-08-14;102;1036
9220;29;2020-08-15;0;1036
9221;29;2020-08-16;0;1036
9222;29;2020-08-17;56;1092
9223;29;2020-08-18;70;1162
9224;29;2020-08-19;56;1218
9225;29;2020-08-20;56;1274
9226;29;2020-08-21;36;1310
9227;29;2020-08-22;18;1328
9228;29;2020-08-23;8;1336
9229;29;2020-08-24;76;1412
9230;29;2020-08-25;72;1484
9231;29;2020-08-26;52;1536
9232;29;2020-08-27;66;1602
9233;29;2020-08-28;54;1656
9234;29;2020-08-29;24;1680
9235;29;2020-08-30;8;1688
9236;29;2020-08-31;80;1768
9237;29;2020-09-01;38;1806
9238;29;2020-09-02;80;1886
9239;29;2020-09-03;66;1952
9240;29;2020-09-04;98;2050
9241;29;2020-09-05;52;2102
9242;29;2020-09-06;20;2122
9243;29;2020-09-07;44;2166
9244;29;2020-09-08;66;2232
9245;29;2020-09-09;110;2342
9246;29;2020-09-10;84;2426
9247;29;2020-09-11;62;2488
9248;29;2020-09-12;24;2512
9249;29;2020-09-13;2;2514
9250;29;2020-09-14;92;2606
9251;29;2020-09-15;126;2732
9252;29;2020-09-16;96;2828
9253;29;2020-09-17;108;2936
9254;29;2020-09-18;106;3042
9255;29;2020-09-19;44;3086
9256;29;2020-09-20;24;3110
9257;29;2020-09-21;110;3220
9258;29;2020-09-22;110;3330
9259;29;2020-09-23;124;3454
9260;29;2020-09-24;92;3546
9261;29;2020-09-25;112;3658
9262;29;2020-09-26;32;3690
9263;29;2020-09-27;12;3702
9264;29;2020-09-28;112;3814
9265;29;2020-09-29;70;3884
9266;29;2020-09-30;108;3992
9267;29;2020-10-01;128;4120
9268;29;2020-10-02;108;4228
9269;29;2020-10-03;68;4296
9270;29;2020-10-04;46;4342
9271;29;2020-10-05;150;4492
9272;29;2020-10-06;184;4676
9273;29;2020-10-07;150;4826
9274;29;2020-10-08;156;4982
9275;29;2020-10-09;222;5204
9276;29;2020-10-10;90;5294
9277;29;2020-10-11;34;5328
9278;29;2020-10-12;278;5606
9279;29;2020-10-13;190;5796
9280;29;2020-10-14;222;6018
9281;29;2020-10-15;292;6310
9282;29;2020-10-16;285;6595
9283;29;2020-10-17;144;6739
9284;29;2020-10-18;80;6819
9285;29;2020-10-19;378;7197
9286;29;2020-10-20;392;7589
9287;29;2020-10-21;408;7997
9288;29;2020-10-22;440;8437
9289;29;2020-10-23;598;9035
9290;29;2020-10-24;176;9211
9291;29;2020-10-25;110;9321
9292;29;2020-10-26;668;9989
9293;29;2020-10-27;572;10561
9294;29;2020-10-28;620;11181
9295;29;2020-10-29;550;11731
9296;29;2020-10-30;630;12361
9297;29;2020-10-31;266;12627
9298;29;2020-11-01;102;12729
9299;29;2020-11-02;862;13591
9300;29;2020-11-03;586;14177
9301;29;2020-11-04;498;14675
9302;29;2020-11-05;446;15121
9303;29;2020-11-06;466;15587
9304;29;2020-11-07;158;15745
9305;29;2020-11-08;38;15783
9306;29;2020-11-09;494;16277
9307;29;2020-11-10;318;16595
9308;29;2020-11-11;70;16665
9309;29;2020-11-12;290;16955
9310;29;2020-11-13;202;17157
9311;29;2020-11-14;100;17257
9312;29;2020-11-15;22;17279
9313;29;2020-11-16;200;17479
9314;29;2020-11-17;124;17603
9315;29;2020-11-18;92;17695
9316;29;2020-11-19;88;17783
9317;29;2020-11-20;72;17855
9318;29;2020-11-21;52;17907
9319;29;2020-11-22;18;17925
9320;29;2020-11-23;78;18003
9321;29;2020-11-24;50;18053
9322;29;2020-11-25;46;18099
9323;29;2020-11-26;52;18151
9324;29;2020-11-27;60;18211
9325;29;2020-11-28;16;18227
9326;29;2020-11-29;16;18243
9327;29;2020-11-30;70;18313
9328;29;2020-12-01;62;18375
9329;29;2020-12-02;68;18443
9330;29;2020-12-03;116;18559
9331;29;2020-12-04;36;18595
9332;29;2020-12-05;63;18658
9333;29;2020-12-06;4;18662
9334;29;2020-12-07;108;18770
9335;29;2020-12-08;52;18822
9336;29;2020-12-09;98;18920
9337;29;2020-12-10;70;18990
9338;29;2020-12-11;86;19076
9339;29;2020-12-12;78;19154
9340;29;2020-12-13;42;19196
9341;29;2020-12-14;136;19332
9342;29;2020-12-15;104;19436
9343;29;2020-12-16;168;19604
9344;29;2020-12-17;108;19712
9345;29;2020-12-18;100;19812
9346;29;2020-12-19;44;19856
9347;29;2020-12-20;10;19866
9348;29;2020-12-21;164;20030
9349;29;2020-12-22;120;20150
9350;29;2020-12-23;140;20290
9351;29;2020-12-24;98;20388
9352;29;2020-12-25;10;20398
9353;29;2020-12-26;76;20474
9354;29;2020-12-27;20;20494
9355;29;2020-12-28;182;20676
9356;29;2020-12-29;140;20816
9357;29;2020-12-30;150;20966
9358;29;2020-12-31;164;21130
9359;29;2021-01-01;0;21130
9360;29;2021-01-02;122;21252
9361;29;2021-01-03;12;21264
9362;29;2021-01-04;256;21520
9363;29;2021-01-05;214;21734
9364;29;2021-01-06;208;21942
9365;29;2021-01-07;170;22112
9366;29;2021-01-08;254;22366
9367;29;2021-01-09;124;22490
9368;29;2021-01-10;28;22518
9369;29;2021-01-11;230;22748
9370;29;2021-01-12;174;22922
9371;29;2021-01-13;158;23080
9372;29;2021-01-14;152;23232
9373;29;2021-01-15;208;23440
9374;29;2021-01-16;112;23552
9375;29;2021-01-17;26;23578
9376;29;2021-01-18;296;23874
9377;29;2021-01-19;238;24112
9378;29;2021-01-20;166;24278
9379;29;2021-01-21;204;24482
9380;29;2021-01-22;246;24728
9381;29;2021-01-23;146;24874
9382;29;2021-01-24;36;24910
9383;29;2021-01-25;342;25252
9384;29;2021-01-26;166;25418
9385;29;2021-01-27;180;25598
9386;29;2021-01-28;226;25824
9387;29;2021-01-29;202;26026
9388;29;2021-01-30;88;26114
9389;29;2021-01-31;26;26140
9390;29;2021-02-01;214;26354
9391;29;2021-02-02;202;26556
9392;29;2021-02-03;136;26692
9393;29;2021-02-04;138;26830
9394;29;2021-02-05;138;26968
9395;29;2021-02-06;86;27054
9396;29;2021-02-07;8;27062
9397;29;2021-02-08;150;27212
9398;29;2021-02-09;128;27340
9399;29;2021-02-10;70;27410
9400;29;2021-02-11;92;27502
9401;29;2021-02-12;132;27634
9402;29;2021-02-13;104;27738
9403;29;2021-02-14;12;27750
9404;29;2021-02-15;200;27950
9405;29;2021-02-16;136;28086
9406;29;2021-02-17;192;28278
9407;29;2021-02-18;176;28454
9408;29;2021-02-19;172;28626
9409;29;2021-02-20;122;28748
9410;29;2021-02-21;20;28768
9411;29;2021-02-22;204;28972
9412;29;2021-02-23;152;29124
9413;29;2021-02-24;160;29284
9414;29;2021-02-25;182;29466
9415;29;2021-02-26;152;29618
9416;29;2021-02-27;106;29724
9417;29;2021-02-28;8;29732
9418;29;2021-03-01;234;29966
9419;29;2021-03-02;178;30144
9420;29;2021-03-03;138;30282
9421;29;2021-03-04;156;30438
9422;29;2021-03-05;158;30596
9423;29;2021-03-06;104;30700
9424;29;2021-03-07;26;30726
9425;29;2021-03-08;298;31024
9426;29;2021-03-09;270;31294
9427;29;2021-03-10;172;31466
9428;29;2021-03-11;232;31698
9429;29;2021-03-12;286;31984
9430;29;2021-03-13;100;32084
9431;29;2021-03-14;22;32106
9432;29;2021-03-15;308;32414
9433;29;2021-03-16;214;32628
9434;29;2021-03-17;254;32882
9435;29;2021-03-18;216;33098
9436;29;2021-03-19;282;33380
9437;29;2021-03-20;128;33508
9438;29;2021-03-21;22;33530
9439;29;2021-03-22;278;33808
9440;29;2021-03-23;274;34082
9441;29;2021-03-24;284;34366
9442;29;2021-03-25;292;34658
9443;29;2021-03-26;280;34938
9444;29;2021-03-27;180;35118
9445;29;2021-03-28;32;35150
9446;29;2021-03-29;354;35504
9447;29;2021-03-30;200;35704
9448;29;2021-03-31;324;36028
9449;29;2021-04-01;292;36320
9450;29;2021-04-02;260;36580
9451;29;2021-04-03;156;36736
9452;29;2021-04-04;30;36766
9453;29;2021-04-05;50;36816
9454;29;2021-04-06;316;37132
9455;29;2021-04-07;304;37436
9456;29;2021-04-08;284;37720
9457;29;2021-04-09;280;38000
9458;29;2021-04-10;164;38164
9459;29;2021-04-11;28;38192
9460;29;2021-04-12;374;38566
9461;29;2021-04-13;302;38868
9462;29;2021-04-14;264;39132
9463;29;2021-04-15;236;39368
9464;30;2020-05-13;0;0
9465;30;2020-05-14;36;36
9466;30;2020-05-15;30;66
9467;30;2020-05-16;4;70
9468;30;2020-05-17;2;72
9469;30;2020-05-18;26;98
9470;30;2020-05-19;40;138
9471;30;2020-05-20;18;156
9472;30;2020-05-21;0;156
9473;30;2020-05-22;10;166
9474;30;2020-05-23;10;176
9475;30;2020-05-24;6;182
9476;30;2020-05-25;18;200
9477;30;2020-05-26;14;214
9478;30;2020-05-27;20;234
9479;30;2020-05-28;6;240
9480;30;2020-05-29;22;262
9481;30;2020-05-30;6;268
9482;30;2020-05-31;2;270
9483;30;2020-06-01;2;272
9484;30;2020-06-02;10;282
9485;30;2020-06-03;8;290
9486;30;2020-06-04;54;344
9487;30;2020-06-05;26;370
9488;30;2020-06-06;10;380
9489;30;2020-06-07;2;382
9490;30;2020-06-08;12;394
9491;30;2020-06-09;66;460
9492;30;2020-06-10;54;514
9493;30;2020-06-11;68;582
9494;30;2020-06-12;58;640
9495;30;2020-06-13;2;642
9496;30;2020-06-14;0;642
9497;30;2020-06-15;6;648
9498;30;2020-06-16;8;656
9499;30;2020-06-17;4;660
9500;30;2020-06-18;30;690
9501;30;2020-06-19;20;710
9502;30;2020-06-20;0;710
9503;30;2020-06-21;2;712
9504;30;2020-06-22;14;726
9505;30;2020-06-23;23;749
9506;30;2020-06-24;9;758
9507;30;2020-06-25;4;762
9508;30;2020-06-26;24;786
9509;30;2020-06-27;2;788
9510;30;2020-06-28;0;788
9511;30;2020-06-29;14;802
9512;30;2020-06-30;30;832
9513;30;2020-07-01;12;844
9514;30;2020-07-02;4;848
9515;30;2020-07-03;20;868
9516;30;2020-07-04;0;868
9517;30;2020-07-05;0;868
9518;30;2020-07-06;8;876
9519;30;2020-07-07;2;878
9520;30;2020-07-08;14;892
9521;30;2020-07-09;14;906
9522;30;2020-07-10;8;914
9523;30;2020-07-11;0;914
9524;30;2020-07-12;2;916
9525;30;2020-07-13;2;918
9526;30;2020-07-14;2;920
9527;30;2020-07-15;4;924
9528;30;2020-07-16;12;936
9529;30;2020-07-17;14;950
9530;30;2020-07-18;4;954
9531;30;2020-07-19;2;956
9532;30;2020-07-20;10;966
9533;30;2020-07-21;36;1002
9534;30;2020-07-22;32;1034
9535;30;2020-07-23;20;1054
9536;30;2020-07-24;46;1100
9537;30;2020-07-25;14;1114
9538;30;2020-07-26;0;1114
9539;30;2020-07-27;28;1142
9540;30;2020-07-28;18;1160
9541;30;2020-07-29;34;1194
9542;30;2020-07-30;24;1218
9543;30;2020-07-31;38;1256
9544;30;2020-08-01;16;1272
9545;30;2020-08-02;6;1278
9546;30;2020-08-03;31;1309
9547;30;2020-08-04;44;1353
9548;30;2020-08-05;40;1393
9549;30;2020-08-06;46;1439
9550;30;2020-08-07;30;1469
9551;30;2020-08-08;28;1497
9552;30;2020-08-09;22;1519
9553;30;2020-08-10;64;1583
9554;30;2020-08-11;58;1641
9555;30;2020-08-12;78;1719
9556;30;2020-08-13;72;1791
9557;30;2020-08-14;98;1889
9558;30;2020-08-15;24;1913
9559;30;2020-08-16;30;1943
9560;30;2020-08-17;78;2021
9561;30;2020-08-18;128;2149
9562;30;2020-08-19;132;2281
9563;30;2020-08-20;102;2383
9564;30;2020-08-21;106;2489
9565;30;2020-08-22;56;2545
9566;30;2020-08-23;18;2563
9567;30;2020-08-24;126;2689
9568;30;2020-08-25;172;2861
9569;30;2020-08-26;122;2983
9570;30;2020-08-27;106;3089
9571;30;2020-08-28;128;3217
9572;30;2020-08-29;58;3275
9573;30;2020-08-30;32;3307
9574;30;2020-08-31;162;3469
9575;30;2020-09-01;190;3659
9576;30;2020-09-02;212;3871
9577;30;2020-09-03;196;4067
9578;30;2020-09-04;174;4241
9579;30;2020-09-05;86;4327
9580;30;2020-09-06;52;4379
9581;30;2020-09-07;184;4563
9582;30;2020-09-08;242;4805
9583;30;2020-09-09;176;4981
9584;30;2020-09-10;245;5226
9585;30;2020-09-11;208;5434
9586;30;2020-09-12;66;5500
9587;30;2020-09-13;36;5536
9588;30;2020-09-14;222;5758
9589;30;2020-09-15;228;5986
9590;30;2020-09-16;280;6266
9591;30;2020-09-17;270;6536
9592;30;2020-09-18;278;6814
9593;30;2020-09-19;126;6940
9594;30;2020-09-20;42;6982
9595;30;2020-09-21;349;7331
9596;30;2020-09-22;281;7612
9597;30;2020-09-23;296;7908
9598;30;2020-09-24;252;8160
9599;30;2020-09-25;222;8382
9600;30;2020-09-26;148;8530
9601;30;2020-09-27;70;8600
9602;30;2020-09-28;321;8921
9603;30;2020-09-29;268;9189
9604;30;2020-09-30;260;9449
9605;30;2020-10-01;413;9862
9606;30;2020-10-02;388;10250
9607;30;2020-10-03;216;10466
9608;30;2020-10-04;52;10518
9609;30;2020-10-05;423;10941
9610;30;2020-10-06;530;11471
9611;30;2020-10-07;426;11897
9612;30;2020-10-08;474;12371
9613;30;2020-10-09;584;12955
9614;30;2020-10-10;463;13418
9615;30;2020-10-11;64;13482
9616;30;2020-10-12;594;14076
9617;30;2020-10-13;635;14711
9618;30;2020-10-14;632;15343
9619;30;2020-10-15;814;16157
9620;30;2020-10-16;592;16749
9621;30;2020-10-17;282;17031
9622;30;2020-10-18;106;17137
9623;30;2020-10-19;685;17822
9624;30;2020-10-20;751;18573
9625;30;2020-10-21;943;19516
9626;30;2020-10-22;1420;20936
9627;30;2020-10-23;1714;22650
9628;30;2020-10-24;765;23415
9629;30;2020-10-25;192;23607
9630;30;2020-10-26;1517;25124
9631;30;2020-10-27;1667;26791
9632;30;2020-10-28;1614;28405
9633;30;2020-10-29;1821;30226
9634;30;2020-10-30;1758;31984
9635;30;2020-10-31;778;32762
9636;30;2020-11-01;216;32978
9637;30;2020-11-02;1593;34571
9638;30;2020-11-03;1462;36033
9639;30;2020-11-04;1422;37455
9640;30;2020-11-05;1342;38797
9641;30;2020-11-06;1140;39937
9642;30;2020-11-07;450;40387
9643;30;2020-11-08;120;40507
9644;30;2020-11-09;1283;41790
9645;30;2020-11-10;1061;42851
9646;30;2020-11-11;126;42977
9647;30;2020-11-12;961;43938
9648;30;2020-11-13;739;44677
9649;30;2020-11-14;222;44899
9650;30;2020-11-15;52;44951
9651;30;2020-11-16;831;45782
9652;30;2020-11-17;528;46310
9653;30;2020-11-18;374;46684
9654;30;2020-11-19;304;46988
9655;30;2020-11-20;368;47356
9656;30;2020-11-21;120;47476
9657;30;2020-11-22;40;47516
9658;30;2020-11-23;381;47897
9659;30;2020-11-24;268;48165
9660;30;2020-11-25;278;48443
9661;30;2020-11-26;290;48733
9662;30;2020-11-27;244;48977
9663;30;2020-11-28;148;49125
9664;30;2020-11-29;34;49159
9665;30;2020-11-30;298;49457
9666;30;2020-12-01;248;49705
9667;30;2020-12-02;202;49907
9668;30;2020-12-03;250;50157
9669;30;2020-12-04;290;50447
9670;30;2020-12-05;162;50609
9671;30;2020-12-06;54;50663
9672;30;2020-12-07;344;51007
9673;30;2020-12-08;312;51319
9674;30;2020-12-09;242;51561
9675;30;2020-12-10;400;51961
9676;30;2020-12-11;314;52275
9677;30;2020-12-12;150;52425
9678;30;2020-12-13;124;52549
9679;30;2020-12-14;450;52999
9680;30;2020-12-15;366;53365
9681;30;2020-12-16;406;53771
9682;30;2020-12-17;391;54162
9683;30;2020-12-18;442;54604
9684;30;2020-12-19;219;54823
9685;30;2020-12-20;58;54881
9686;30;2020-12-21;540;55421
9687;30;2020-12-22;430;55851
9688;30;2020-12-23;364;56215
9689;30;2020-12-24;290;56505
9690;30;2020-12-25;46;56551
9691;30;2020-12-26;214;56765
9692;30;2020-12-27;28;56793
9693;30;2020-12-28;462;57255
9694;30;2020-12-29;486;57741
9695;30;2020-12-30;493;58234
9696;30;2020-12-31;384;58618
9697;30;2021-01-01;32;58650
9698;30;2021-01-02;222;58872
9699;30;2021-01-03;38;58910
9700;30;2021-01-04;678;59588
9701;30;2021-01-05;495;60083
9702;30;2021-01-06;569;60652
9703;30;2021-01-07;413;61065
9704;30;2021-01-08;482;61547
9705;30;2021-01-09;218;61765
9706;30;2021-01-10;48;61813
9707;30;2021-01-11;620;62433
9708;30;2021-01-12;559;62992
9709;30;2021-01-13;489;63481
9710;30;2021-01-14;484;63965
9711;30;2021-01-15;522;64487
9712;30;2021-01-16;286;64773
9713;30;2021-01-17;64;64837
9714;30;2021-01-18;666;65503
9715;30;2021-01-19;587;66090
9716;30;2021-01-20;590;66680
9717;30;2021-01-21;593;67273
9718;30;2021-01-22;700;67973
9719;30;2021-01-23;334;68307
9720;30;2021-01-24;86;68393
9721;30;2021-01-25;750;69143
9722;30;2021-01-26;674;69817
9723;30;2021-01-27;612;70429
9724;30;2021-01-28;610;71039
9725;30;2021-01-29;658;71697
9726;30;2021-01-30;306;72003
9727;30;2021-01-31;128;72131
9728;30;2021-02-01;862;72993
9729;30;2021-02-02;604;73597
9730;30;2021-02-03;560;74157
9731;30;2021-02-04;536;74693
9732;30;2021-02-05;588;75281
9733;30;2021-02-06;292;75573
9734;30;2021-02-07;64;75637
9735;30;2021-02-08;648;76285
9736;30;2021-02-09;552;76837
9737;30;2021-02-10;536;77373
9738;30;2021-02-11;570;77943
9739;30;2021-02-12;506;78449
9740;30;2021-02-13;334;78783
9741;30;2021-02-14;38;78821
9742;30;2021-02-15;640;79461
9743;30;2021-02-16;528;79989
9744;30;2021-02-17;503;80492
9745;30;2021-02-18;535;81027
9746;30;2021-02-19;545;81572
9747;30;2021-02-20;292;81864
9748;30;2021-02-21;60;81924
9749;30;2021-02-22;672;82596
9750;30;2021-02-23;468;83064
9751;30;2021-02-24;486;83550
9752;30;2021-02-25;466;84016
9753;30;2021-02-26;506;84522
9754;30;2021-02-27;358;84880
9755;30;2021-02-28;70;84950
9756;30;2021-03-01;778;85728
9757;30;2021-03-02;643;86371
9758;30;2021-03-03;576;86947
9759;30;2021-03-04;580;87527
9760;30;2021-03-05;633;88160
9761;30;2021-03-06;380;88540
9762;30;2021-03-07;94;88634
9763;30;2021-03-08;919;89553
9764;30;2021-03-09;780;90333
9765;30;2021-03-10;768;91101
9766;30;2021-03-11;887;91988
9767;30;2021-03-12;755;92743
9768;30;2021-03-13;430;93173
9769;30;2021-03-14;68;93241
9770;30;2021-03-15;1047;94288
9771;30;2021-03-16;686;94974
9772;30;2021-03-17;576;95550
9773;30;2021-03-18;843;96393
9774;30;2021-03-19;800;97193
9775;30;2021-03-20;426;97619
9776;30;2021-03-21;62;97681
9777;30;2021-03-22;1202;98883
9778;30;2021-03-23;1025;99908
9779;30;2021-03-24;956;100864
9780;30;2021-03-25;1084;101948
9781;30;2021-03-26;1100;103048
9782;30;2021-03-27;649;103697
9783;30;2021-03-28;114;103811
9784;30;2021-03-29;1386;105197
9785;30;2021-03-30;1162;106359
9786;30;2021-03-31;1016;107375
9787;30;2021-04-01;1038;108413
9788;30;2021-04-02;1161;109574
9789;30;2021-04-03;576;110150
9790;30;2021-04-04;68;110218
9791;30;2021-04-05;148;110366
9792;30;2021-04-06;1484;111850
9793;30;2021-04-07;1174;113024
9794;30;2021-04-08;1000;114024
9795;30;2021-04-09;975;114999
9796;30;2021-04-10;668;115667
9797;30;2021-04-11;94;115761
9798;30;2021-04-12;1364;117125
9799;30;2021-04-13;1060;118185
9800;30;2021-04-14;914;119099
9801;30;2021-04-15;857;119956
9802;31;2020-05-13;37;37
9803;31;2020-05-14;18;55
9804;31;2020-05-15;34;89
9805;31;2020-05-16;6;95
9806;31;2020-05-17;4;99
9807;31;2020-05-18;18;117
9808;31;2020-05-19;12;129
9809;31;2020-05-20;12;141
9810;31;2020-05-21;2;143
9811;31;2020-05-22;13;156
9812;31;2020-05-23;0;156
9813;31;2020-05-24;2;158
9814;31;2020-05-25;6;164
9815;31;2020-05-26;0;164
9816;31;2020-05-27;20;184
9817;31;2020-05-28;6;190
9818;31;2020-05-29;8;198
9819;31;2020-05-30;0;198
9820;31;2020-05-31;0;198
9821;31;2020-06-01;2;200
9822;31;2020-06-02;18;218
9823;31;2020-06-03;12;230
9824;31;2020-06-04;6;236
9825;31;2020-06-05;2;238
9826;31;2020-06-06;2;240
9827;31;2020-06-07;0;240
9828;31;2020-06-08;14;254
9829;31;2020-06-09;16;270
9830;31;2020-06-10;14;284
9831;31;2020-06-11;18;302
9832;31;2020-06-12;28;330
9833;31;2020-06-13;8;338
9834;31;2020-06-14;0;338
9835;31;2020-06-15;8;346
9836;31;2020-06-16;10;356
9837;31;2020-06-17;16;372
9838;31;2020-06-18;4;376
9839;31;2020-06-19;44;420
9840;31;2020-06-20;2;422
9841;31;2020-06-21;4;426
9842;31;2020-06-22;30;456
9843;31;2020-06-23;14;470
9844;31;2020-06-24;18;488
9845;31;2020-06-25;14;502
9846;31;2020-06-26;17;519
9847;31;2020-06-27;2;521
9848;31;2020-06-28;4;525
9849;31;2020-06-29;30;555
9850;31;2020-06-30;12;567
9851;31;2020-07-01;20;587
9852;31;2020-07-02;24;611
9853;31;2020-07-03;16;627
9854;31;2020-07-04;2;629
9855;31;2020-07-05;0;629
9856;31;2020-07-06;8;637
9857;31;2020-07-07;12;649
9858;31;2020-07-08;8;657
9859;31;2020-07-09;30;687
9860;31;2020-07-10;14;701
9861;31;2020-07-11;4;705
9862;31;2020-07-12;4;709
9863;31;2020-07-13;16;725
9864;31;2020-07-14;4;729
9865;31;2020-07-15;22;751
9866;31;2020-07-16;38;789
9867;31;2020-07-17;26;815
9868;31;2020-07-18;10;825
9869;31;2020-07-19;2;827
9870;31;2020-07-20;54;881
9871;31;2020-07-21;40;921
9872;31;2020-07-22;56;977
9873;31;2020-07-23;100;1077
9874;31;2020-07-24;53;1130
9875;31;2020-07-25;20;1150
9876;31;2020-07-26;6;1156
9877;31;2020-07-27;44;1200
9878;31;2020-07-28;68;1268
9879;31;2020-07-29;68;1336
9880;31;2020-07-30;116;1452
9881;31;2020-07-31;100;1552
9882;31;2020-08-01;30;1582
9883;31;2020-08-02;16;1598
9884;31;2020-08-03;134;1732
9885;31;2020-08-04;152;1884
9886;31;2020-08-05;120;2004
9887;31;2020-08-06;212;2216
9888;31;2020-08-07;160;2376
9889;31;2020-08-08;52;2428
9890;31;2020-08-09;28;2456
9891;31;2020-08-10;120;2576
9892;31;2020-08-11;194;2770
9893;31;2020-08-12;184;2954
9894;31;2020-08-13;240;3194
9895;31;2020-08-14;246;3440
9896;31;2020-08-15;62;3502
9897;31;2020-08-16;36;3538
9898;31;2020-08-17;254;3792
9899;31;2020-08-18;304;4096
9900;31;2020-08-19;232;4328
9901;31;2020-08-20;274;4602
9902;31;2020-08-21;278;4880
9903;31;2020-08-22;94;4974
9904;31;2020-08-23;106;5080
9905;31;2020-08-24;320;5400
9906;31;2020-08-25;342;5742
9907;31;2020-08-26;314;6056
9908;31;2020-08-27;264;6320
9909;31;2020-08-28;276;6596
9910;31;2020-08-29;156;6752
9911;31;2020-08-30;120;6872
9912;31;2020-08-31;341;7213
9913;31;2020-09-01;477;7690
9914;31;2020-09-02;444;8134
9915;31;2020-09-03;702;8836
9916;31;2020-09-04;476;9312
9917;31;2020-09-05;144;9456
9918;31;2020-09-06;128;9584
9919;31;2020-09-07;757;10341
9920;31;2020-09-08;831;11172
9921;31;2020-09-09;889;12061
9922;31;2020-09-10;938;12999
9923;31;2020-09-11;757;13756
9924;31;2020-09-12;238;13994
9925;31;2020-09-13;141;14135
9926;31;2020-09-14;1294;15429
9927;31;2020-09-15;1170;16599
9928;31;2020-09-16;1189;17788
9929;31;2020-09-17;1415;19203
9930;31;2020-09-18;1186;20389
9931;31;2020-09-19;452;20841
9932;31;2020-09-20;244;21085
9933;31;2020-09-21;1193;22278
9934;31;2020-09-22;1266;23544
9935;31;2020-09-23;1056;24600
9936;31;2020-09-24;993;25593
9937;31;2020-09-25;914;26507
9938;31;2020-09-26;368;26875
9939;31;2020-09-27;206;27081
9940;31;2020-09-28;888;27969
9941;31;2020-09-29;942;28911
9942;31;2020-09-30;892;29803
9943;31;2020-10-01;928;30731
9944;31;2020-10-02;1072;31803
9945;31;2020-10-03;412;32215
9946;31;2020-10-04;202;32417
9947;31;2020-10-05;1092;33509
9948;31;2020-10-06;916;34425
9949;31;2020-10-07;1102;35527
9950;31;2020-10-08;1164;36691
9951;31;2020-10-09;1293;37984
9952;31;2020-10-10;534;38518
9953;31;2020-10-11;427;38945
9954;31;2020-10-12;1498;40443
9955;31;2020-10-13;1403;41846
9956;31;2020-10-14;1150;42996
9957;31;2020-10-15;1505;44501
9958;31;2020-10-16;1634;46135
9959;31;2020-10-17;686;46821
9960;31;2020-10-18;420;47241
9961;31;2020-10-19;1924;49165
9962;31;2020-10-20;1842;51007
9963;31;2020-10-21;1958;52965
9964;31;2020-10-22;1873;54838
9965;31;2020-10-23;2260;57098
9966;31;2020-10-24;836;57934
9967;31;2020-10-25;666;58600
9968;31;2020-10-26;2125;60725
9969;31;2020-10-27;1886;62611
9970;31;2020-10-28;1759;64370
9971;31;2020-10-29;1592;65962
9972;31;2020-10-30;1800;67762
9973;31;2020-10-31;778;68540
9974;31;2020-11-01;714;69254
9975;31;2020-11-02;1913;71167
9976;31;2020-11-03;1721;72888
9977;31;2020-11-04;1418;74306
9978;31;2020-11-05;1399;75705
9979;31;2020-11-06;1406;77111
9980;31;2020-11-07;518;77629
9981;31;2020-11-08;282;77911
9982;31;2020-11-09;1355;79266
9983;31;2020-11-10;1040;80306
9984;31;2020-11-11;188;80494
9985;31;2020-11-12;1082;81576
9986;31;2020-11-13;878;82454
9987;31;2020-11-14;286;82740
9988;31;2020-11-15;114;82854
9989;31;2020-11-16;778;83632
9990;31;2020-11-17;552;84184
9991;31;2020-11-18;416;84600
9992;31;2020-11-19;402;85002
9993;31;2020-11-20;489;85491
9994;31;2020-11-21;166;85657
9995;31;2020-11-22;96;85753
9996;31;2020-11-23;416;86169
9997;31;2020-11-24;360;86529
9998;31;2020-11-25;326;86855
9999;31;2020-11-26;278;87133
10000;31;2020-11-27;332;87465
10001;31;2020-11-28;176;87641
10002;31;2020-11-29;49;87690
10003;31;2020-11-30;358;88048
10004;31;2020-12-01;368;88416
10005;31;2020-12-02;262;88678
10006;31;2020-12-03;198;88876
10007;31;2020-12-04;290;89166
10008;31;2020-12-05;138;89304
10009;31;2020-12-06;58;89362
10010;31;2020-12-07;288;89650
10011;31;2020-12-08;277;89927
10012;31;2020-12-09;258;90185
10013;31;2020-12-10;270;90455
10014;31;2020-12-11;306;90761
10015;31;2020-12-12;154;90915
10016;31;2020-12-13;96;91011
10017;31;2020-12-14;327;91338
10018;31;2020-12-15;298;91636
10019;31;2020-12-16;280;91916
10020;31;2020-12-17;374;92290
10021;31;2020-12-18;357;92647
10022;31;2020-12-19;188;92835
10023;31;2020-12-20;36;92871
10024;31;2020-12-21;480;93351
10025;31;2020-12-22;440;93791
10026;31;2020-12-23;378;94169
10027;31;2020-12-24;336;94505
10028;31;2020-12-25;28;94533
10029;31;2020-12-26;226;94759
10030;31;2020-12-27;106;94865
10031;31;2020-12-28;550;95415
10032;31;2020-12-29;539;95954
10033;31;2020-12-30;610;96564
10034;31;2020-12-31;494;97058
10035;31;2021-01-01;58;97116
10036;31;2021-01-02;352;97468
10037;31;2021-01-03;130;97598
10038;31;2021-01-04;962;98560
10039;31;2021-01-05;852;99412
10040;31;2021-01-06;846;100258
10041;31;2021-01-07;704;100962
10042;31;2021-01-08;718;101680
10043;31;2021-01-09;400;102080
10044;31;2021-01-10;156;102236
10045;31;2021-01-11;1185;103421
10046;31;2021-01-12;926;104347
10047;31;2021-01-13;788;105135
10048;31;2021-01-14;901;106036
10049;31;2021-01-15;884;106920
10050;31;2021-01-16;644;107564
10051;31;2021-01-17;160;107724
10052;31;2021-01-18;1332;109056
10053;31;2021-01-19;1070;110126
10054;31;2021-01-20;1003;111129
10055;31;2021-01-21;988;112117
10056;31;2021-01-22;1142;113259
10057;31;2021-01-23;508;113767
10058;31;2021-01-24;182;113949
10059;31;2021-01-25;1606;115555
10060;31;2021-01-26;1184;116739
10061;31;2021-01-27;1090;117829
10062;31;2021-01-28;1307;119136
10063;31;2021-01-29;1289;120425
10064;31;2021-01-30;640;121065
10065;31;2021-01-31;442;121507
10066;31;2021-02-01;1726;123233
10067;31;2021-02-02;1173;124406
10068;31;2021-02-03;1045;125451
10069;31;2021-02-04;1132;126583
10070;31;2021-02-05;1156;127739
10071;31;2021-02-06;502;128241
10072;31;2021-02-07;236;128477
10073;31;2021-02-08;1374;129851
10074;31;2021-02-09;960;130811
10075;31;2021-02-10;896;131707
10076;31;2021-02-11;994;132701
10077;31;2021-02-12;1026;133727
10078;31;2021-02-13;502;134229
10079;31;2021-02-14;160;134389
10080;31;2021-02-15;1182;135571
10081;31;2021-02-16;849;136420
10082;31;2021-02-17;906;137326
10083;31;2021-02-18;886;138212
10084;31;2021-02-19;942;139154
10085;31;2021-02-20;534;139688
10086;31;2021-02-21;176;139864
10087;31;2021-02-22;1197;141061
10088;31;2021-02-23;888;141949
10089;31;2021-02-24;866;142815
10090;31;2021-02-25;900;143715
10091;31;2021-02-26;922;144637
10092;31;2021-02-27;448;145085
10093;31;2021-02-28;154;145239
10094;31;2021-03-01;1134;146373
10095;31;2021-03-02;846;147219
10096;31;2021-03-03;868;148087
10097;31;2021-03-04;780;148867
10098;31;2021-03-05;745;149612
10099;31;2021-03-06;482;150094
10100;31;2021-03-07;148;150242
10101;31;2021-03-08;964;151206
10102;31;2021-03-09;659;151865
10103;31;2021-03-10;712;152577
10104;31;2021-03-11;762;153339
10105;31;2021-03-12;748;154087
10106;31;2021-03-13;454;154541
10107;31;2021-03-14;162;154703
10108;31;2021-03-15;1034;155737
10109;31;2021-03-16;882;156619
10110;31;2021-03-17;863;157482
10111;31;2021-03-18;828;158310
10112;31;2021-03-19;1116;159426
10113;31;2021-03-20;505;159931
10114;31;2021-03-21;236;160167
10115;31;2021-03-22;1398;161565
10116;31;2021-03-23;1260;162825
10117;31;2021-03-24;1246;164071
10118;31;2021-03-25;1346;165417
10119;31;2021-03-26;1207;166624
10120;31;2021-03-27;628;167252
10121;31;2021-03-28;207;167459
10122;31;2021-03-29;1630;169089
10123;31;2021-03-30;1388;170477
10124;31;2021-03-31;1408;171885
10125;31;2021-04-01;1419;173304
10126;31;2021-04-02;1390;174694
10127;31;2021-04-03;684;175378
10128;31;2021-04-04;256;175634
10129;31;2021-04-05;270;175904
10130;31;2021-04-06;1708;177612
10131;31;2021-04-07;1168;178780
10132;31;2021-04-08;1090;179870
10133;31;2021-04-09;1186;181056
10134;31;2021-04-10;678;181734
10135;31;2021-04-11;206;181940
10136;31;2021-04-12;1173;183113
10137;31;2021-04-13;1110;184223
10138;31;2021-04-14;912;185135
10139;31;2021-04-15;908;186043
10140;32;2020-05-13;4;4
10141;32;2020-05-14;6;10
10142;32;2020-05-15;1;11
10143;32;2020-05-16;4;15
10144;32;2020-05-17;4;19
10145;32;2020-05-18;42;61
10146;32;2020-05-19;18;79
10147;32;2020-05-20;6;85
10148;32;2020-05-21;0;85
10149;32;2020-05-22;0;85
10150;32;2020-05-23;2;87
10151;32;2020-05-24;2;89
10152;32;2020-05-25;2;91
10153;32;2020-05-26;4;95
10154;32;2020-05-27;12;107
10155;32;2020-05-28;8;115
10156;32;2020-05-29;18;133
10157;32;2020-05-30;0;133
10158;32;2020-05-31;0;133
10159;32;2020-06-01;0;133
10160;32;2020-06-02;2;135
10161;32;2020-06-03;0;135
10162;32;2020-06-04;2;137
10163;32;2020-06-05;0;137
10164;32;2020-06-06;2;139
10165;32;2020-06-07;0;139
10166;32;2020-06-08;0;139
10167;32;2020-06-09;2;141
10168;32;2020-06-10;2;143
10169;32;2020-06-11;4;147
10170;32;2020-06-12;0;147
10171;32;2020-06-13;0;147
10172;32;2020-06-14;0;147
10173;32;2020-06-15;0;147
10174;32;2020-06-16;0;147
10175;32;2020-06-17;0;147
10176;32;2020-06-18;0;147
10177;32;2020-06-19;0;147
10178;32;2020-06-20;0;147
10179;32;2020-06-21;0;147
10180;32;2020-06-22;0;147
10181;32;2020-06-23;2;149
10182;32;2020-06-24;2;151
10183;32;2020-06-25;0;151
10184;32;2020-06-26;0;151
10185;32;2020-06-27;0;151
10186;32;2020-06-28;0;151
10187;32;2020-06-29;0;151
10188;32;2020-06-30;2;153
10189;32;2020-07-01;1;154
10190;32;2020-07-02;0;154
10191;32;2020-07-03;0;154
10192;32;2020-07-04;0;154
10193;32;2020-07-05;0;154
10194;32;2020-07-06;0;154
10195;32;2020-07-07;0;154
10196;32;2020-07-08;0;154
10197;32;2020-07-09;0;154
10198;32;2020-07-10;0;154
10199;32;2020-07-11;0;154
10200;32;2020-07-12;0;154
10201;32;2020-07-13;0;154
10202;32;2020-07-14;0;154
10203;32;2020-07-15;0;154
10204;32;2020-07-16;0;154
10205;32;2020-07-17;4;158
10206;32;2020-07-18;0;158
10207;32;2020-07-19;0;158
10208;32;2020-07-20;6;164
10209;32;2020-07-21;6;170
10210;32;2020-07-22;0;170
10211;32;2020-07-23;0;170
10212;32;2020-07-24;0;170
10213;32;2020-07-25;0;170
10214;32;2020-07-26;0;170
10215;32;2020-07-27;2;172
10216;32;2020-07-28;10;182
10217;32;2020-07-29;4;186
10218;32;2020-07-30;2;188
10219;32;2020-07-31;0;188
10220;32;2020-08-01;2;190
10221;32;2020-08-02;0;190
10222;32;2020-08-03;2;192
10223;32;2020-08-04;0;192
10224;32;2020-08-05;4;196
10225;32;2020-08-06;0;196
10226;32;2020-08-07;2;198
10227;32;2020-08-08;0;198
10228;32;2020-08-09;0;198
10229;32;2020-08-10;16;214
10230;32;2020-08-11;8;222
10231;32;2020-08-12;6;228
10232;32;2020-08-13;8;236
10233;32;2020-08-14;6;242
10234;32;2020-08-15;2;244
10235;32;2020-08-16;2;246
10236;32;2020-08-17;4;250
10237;32;2020-08-18;22;272
10238;32;2020-08-19;18;290
10239;32;2020-08-20;16;306
10240;32;2020-08-21;12;318
10241;32;2020-08-22;6;324
10242;32;2020-08-23;2;326
10243;32;2020-08-24;16;342
10244;32;2020-08-25;12;354
10245;32;2020-08-26;22;376
10246;32;2020-08-27;14;390
10247;32;2020-08-28;80;470
10248;32;2020-08-29;10;480
10249;32;2020-08-30;2;482
10250;32;2020-08-31;20;502
10251;32;2020-09-01;28;530
10252;32;2020-09-02;20;550
10253;32;2020-09-03;38;588
10254;32;2020-09-04;36;624
10255;32;2020-09-05;8;632
10256;32;2020-09-06;4;636
10257;32;2020-09-07;58;694
10258;32;2020-09-08;64;758
10259;32;2020-09-09;80;838
10260;32;2020-09-10;62;900
10261;32;2020-09-11;64;964
10262;32;2020-09-12;12;976
10263;32;2020-09-13;6;982
10264;32;2020-09-14;68;1050
10265;32;2020-09-15;54;1104
10266;32;2020-09-16;158;1262
10267;32;2020-09-17;70;1332
10268;32;2020-09-18;64;1396
10269;32;2020-09-19;10;1406
10270;32;2020-09-20;8;1414
10271;32;2020-09-21;114;1528
10272;32;2020-09-22;48;1576
10273;32;2020-09-23;32;1608
10274;32;2020-09-24;68;1676
10275;32;2020-09-25;62;1738
10276;32;2020-09-26;14;1752
10277;32;2020-09-27;4;1756
10278;32;2020-09-28;62;1818
10279;32;2020-09-29;40;1858
10280;32;2020-09-30;50;1908
10281;32;2020-10-01;82;1990
10282;32;2020-10-02;40;2030
10283;32;2020-10-03;12;2042
10284;32;2020-10-04;0;2042
10285;32;2020-10-05;82;2124
10286;32;2020-10-06;42;2166
10287;32;2020-10-07;80;2246
10288;32;2020-10-08;62;2308
10289;32;2020-10-09;104;2412
10290;32;2020-10-10;30;2442
10291;32;2020-10-11;6;2448
10292;32;2020-10-12;132;2580
10293;32;2020-10-13;106;2686
10294;32;2020-10-14;70;2756
10295;32;2020-10-15;78;2834
10296;32;2020-10-16;94;2928
10297;32;2020-10-17;34;2962
10298;32;2020-10-18;0;2962
10299;32;2020-10-19;200;3162
10300;32;2020-10-20;118;3280
10301;32;2020-10-21;96;3376
10302;32;2020-10-22;166;3542
10303;32;2020-10-23;124;3666
10304;32;2020-10-24;82;3748
10305;32;2020-10-25;6;3754
10306;32;2020-10-26;204;3958
10307;32;2020-10-27;170;4128
10308;32;2020-10-28;172;4300
10309;32;2020-10-29;150;4450
10310;32;2020-10-30;122;4572
10311;32;2020-10-31;66;4638
10312;32;2020-11-01;6;4644
10313;32;2020-11-02;264;4908
10314;32;2020-11-03;190;5098
10315;32;2020-11-04;168;5266
10316;32;2020-11-05;168;5434
10317;32;2020-11-06;191;5625
10318;32;2020-11-07;46;5671
10319;32;2020-11-08;8;5679
10320;32;2020-11-09;186;5865
10321;32;2020-11-10;104;5969
10322;32;2020-11-11;14;5983
10323;32;2020-11-12;184;6167
10324;32;2020-11-13;98;6265
10325;32;2020-11-14;34;6299
10326;32;2020-11-15;8;6307
10327;32;2020-11-16;166;6473
10328;32;2020-11-17;68;6541
10329;32;2020-11-18;50;6591
10330;32;2020-11-19;68;6659
10331;32;2020-11-20;54;6713
10332;32;2020-11-21;14;6727
10333;32;2020-11-22;0;6727
10334;32;2020-11-23;60;6787
10335;32;2020-11-24;74;6861
10336;32;2020-11-25;154;7015
10337;32;2020-11-26;66;7081
10338;32;2020-11-27;58;7139
10339;32;2020-11-28;20;7159
10340;32;2020-11-29;6;7165
10341;32;2020-11-30;94;7259
10342;32;2020-12-01;120;7379
10343;32;2020-12-02;132;7511
10344;32;2020-12-03;106;7617
10345;32;2020-12-04;74;7691
10346;32;2020-12-05;28;7719
10347;32;2020-12-06;8;7727
10348;32;2020-12-07;78;7805
10349;32;2020-12-08;66;7871
10350;32;2020-12-09;82;7953
10351;32;2020-12-10;78;8031
10352;32;2020-12-11;69;8100
10353;32;2020-12-12;36;8136
10354;32;2020-12-13;8;8144
10355;32;2020-12-14;116;8260
10356;32;2020-12-15;92;8352
10357;32;2020-12-16;56;8408
10358;32;2020-12-17;42;8450
10359;32;2020-12-18;58;8508
10360;32;2020-12-19;16;8524
10361;32;2020-12-20;0;8524
10362;32;2020-12-21;98;8622
10363;32;2020-12-22;158;8780
10364;32;2020-12-23;64;8844
10365;32;2020-12-24;50;8894
10366;32;2020-12-25;4;8898
10367;32;2020-12-26;24;8922
10368;32;2020-12-27;4;8926
10369;32;2020-12-28;84;9010
10370;32;2020-12-29;110;9120
10371;32;2020-12-30;88;9208
10372;32;2020-12-31;64;9272
10373;32;2021-01-01;6;9278
10374;32;2021-01-02;42;9320
10375;32;2021-01-03;16;9336
10376;32;2021-01-04;171;9507
10377;32;2021-01-05;132;9639
10378;32;2021-01-06;99;9738
10379;32;2021-01-07;86;9824
10380;32;2021-01-08;82;9906
10381;32;2021-01-09;36;9942
10382;32;2021-01-10;6;9948
10383;32;2021-01-11;126;10074
10384;32;2021-01-12;48;10122
10385;32;2021-01-13;70;10192
10386;32;2021-01-14;114;10306
10387;32;2021-01-15;100;10406
10388;32;2021-01-16;42;10448
10389;32;2021-01-17;8;10456
10390;32;2021-01-18;216;10672
10391;32;2021-01-19;118;10790
10392;32;2021-01-20;116;10906
10393;32;2021-01-21;100;11006
10394;32;2021-01-22;110;11116
10395;32;2021-01-23;12;11128
10396;32;2021-01-24;10;11138
10397;32;2021-01-25;188;11326
10398;32;2021-01-26;116;11442
10399;32;2021-01-27;142;11584
10400;32;2021-01-28;114;11698
10401;32;2021-01-29;92;11790
10402;32;2021-01-30;34;11824
10403;32;2021-01-31;28;11852
10404;32;2021-02-01;178;12030
10405;32;2021-02-02;92;12122
10406;32;2021-02-03;134;12256
10407;32;2021-02-04;86;12342
10408;32;2021-02-05;94;12436
10409;32;2021-02-06;24;12460
10410;32;2021-02-07;4;12464
10411;32;2021-02-08;128;12592
10412;32;2021-02-09;76;12668
10413;32;2021-02-10;86;12754
10414;32;2021-02-11;68;12822
10415;32;2021-02-12;36;12858
10416;32;2021-02-13;6;12864
10417;32;2021-02-14;2;12866
10418;32;2021-02-15;72;12938
10419;32;2021-02-16;48;12986
10420;32;2021-02-17;56;13042
10421;32;2021-02-18;56;13098
10422;32;2021-02-19;42;13140
10423;32;2021-02-20;18;13158
10424;32;2021-02-21;22;13180
10425;32;2021-02-22;96;13276
10426;32;2021-02-23;64;13340
10427;32;2021-02-24;50;13390
10428;32;2021-02-25;60;13450
10429;32;2021-02-26;52;13502
10430;32;2021-02-27;24;13526
10431;32;2021-02-28;6;13532
10432;32;2021-03-01;66;13598
10433;32;2021-03-02;50;13648
10434;32;2021-03-03;62;13710
10435;32;2021-03-04;60;13770
10436;32;2021-03-05;48;13818
10437;32;2021-03-06;26;13844
10438;32;2021-03-07;2;13846
10439;32;2021-03-08;48;13894
10440;32;2021-03-09;48;13942
10441;32;2021-03-10;42;13984
10442;32;2021-03-11;22;14006
10443;32;2021-03-12;48;14054
10444;32;2021-03-13;28;14082
10445;32;2021-03-14;2;14084
10446;32;2021-03-15;62;14146
10447;32;2021-03-16;54;14200
10448;32;2021-03-17;50;14250
10449;32;2021-03-18;64;14314
10450;32;2021-03-19;70;14384
10451;32;2021-03-20;26;14410
10452;32;2021-03-21;6;14416
10453;32;2021-03-22;120;14536
10454;32;2021-03-23;112;14648
10455;32;2021-03-24;138;14786
10456;32;2021-03-25;72;14858
10457;32;2021-03-26;128;14986
10458;32;2021-03-27;50;15036
10459;32;2021-03-28;8;15044
10460;32;2021-03-29;162;15206
10461;32;2021-03-30;133;15339
10462;32;2021-03-31;122;15461
10463;32;2021-04-01;94;15555
10464;32;2021-04-02;134;15689
10465;32;2021-04-03;70;15759
10466;32;2021-04-04;12;15771
10467;32;2021-04-05;20;15791
10468;32;2021-04-06;208;15999
10469;32;2021-04-07;104;16103
10470;32;2021-04-08;158;16261
10471;32;2021-04-09;104;16365
10472;32;2021-04-10;16;16381
10473;32;2021-04-11;8;16389
10474;32;2021-04-12;124;16513
10475;32;2021-04-13;56;16569
10476;32;2021-04-14;48;16617
10477;32;2021-04-15;62;16679
10478;33;2020-05-13;8;8
10479;33;2020-05-14;10;18
10480;33;2020-05-15;10;28
10481;33;2020-05-16;0;28
10482;33;2020-05-17;2;30
10483;33;2020-05-18;12;42
10484;33;2020-05-19;10;52
10485;33;2020-05-20;12;64
10486;33;2020-05-21;0;64
10487;33;2020-05-22;6;70
10488;33;2020-05-23;4;74
10489;33;2020-05-24;0;74
10490;33;2020-05-25;10;84
10491;33;2020-05-26;4;88
10492;33;2020-05-27;14;102
10493;33;2020-05-28;6;108
10494;33;2020-05-29;6;114
10495;33;2020-05-30;6;120
10496;33;2020-05-31;0;120
10497;33;2020-06-01;8;128
10498;33;2020-06-02;0;128
10499;33;2020-06-03;7;135
10500;33;2020-06-04;0;135
10501;33;2020-06-05;2;137
10502;33;2020-06-06;0;137
10503;33;2020-06-07;0;137
10504;33;2020-06-08;4;141
10505;33;2020-06-09;4;145
10506;33;2020-06-10;6;151
10507;33;2020-06-11;16;167
10508;33;2020-06-12;0;167
10509;33;2020-06-13;6;173
10510;33;2020-06-14;0;173
10511;33;2020-06-15;2;175
10512;33;2020-06-16;2;177
10513;33;2020-06-17;6;183
10514;33;2020-06-18;16;199
10515;33;2020-06-19;14;213
10516;33;2020-06-20;8;221
10517;33;2020-06-21;6;227
10518;33;2020-06-22;8;235
10519;33;2020-06-23;8;243
10520;33;2020-06-24;10;253
10521;33;2020-06-25;0;253
10522;33;2020-06-26;4;257
10523;33;2020-06-27;4;261
10524;33;2020-06-28;0;261
10525;33;2020-06-29;10;271
10526;33;2020-06-30;11;282
10527;33;2020-07-01;15;297
10528;33;2020-07-02;10;307
10529;33;2020-07-03;6;313
10530;33;2020-07-04;4;317
10531;33;2020-07-05;0;317
10532;33;2020-07-06;6;323
10533;33;2020-07-07;8;331
10534;33;2020-07-08;40;371
10535;33;2020-07-09;14;385
10536;33;2020-07-10;22;407
10537;33;2020-07-11;4;411
10538;33;2020-07-12;0;411
10539;33;2020-07-13;28;439
10540;33;2020-07-14;4;443
10541;33;2020-07-15;30;473
10542;33;2020-07-16;34;507
10543;33;2020-07-17;52;559
10544;33;2020-07-18;20;579
10545;33;2020-07-19;12;591
10546;33;2020-07-20;28;619
10547;33;2020-07-21;24;643
10548;33;2020-07-22;56;699
10549;33;2020-07-23;50;749
10550;33;2020-07-24;66;815
10551;33;2020-07-25;20;835
10552;33;2020-07-26;8;843
10553;33;2020-07-27;32;875
10554;33;2020-07-28;24;899
10555;33;2020-07-29;26;925
10556;33;2020-07-30;18;943
10557;33;2020-07-31;18;961
10558;33;2020-08-01;20;981
10559;33;2020-08-02;8;989
10560;33;2020-08-03;40;1029
10561;33;2020-08-04;28;1057
10562;33;2020-08-05;36;1093
10563;33;2020-08-06;62;1155
10564;33;2020-08-07;54;1209
10565;33;2020-08-08;12;1221
10566;33;2020-08-09;18;1239
10567;33;2020-08-10;108;1347
10568;33;2020-08-11;78;1425
10569;33;2020-08-12;124;1549
10570;33;2020-08-13;158;1707
10571;33;2020-08-14;116;1823
10572;33;2020-08-15;60;1883
10573;33;2020-08-16;62;1945
10574;33;2020-08-17;214;2159
10575;33;2020-08-18;380;2539
10576;33;2020-08-19;362;2901
10577;33;2020-08-20;342;3243
10578;33;2020-08-21;370;3613
10579;33;2020-08-22;294;3907
10580;33;2020-08-23;236;4143
10581;33;2020-08-24;512;4655
10582;33;2020-08-25;656;5311
10583;33;2020-08-26;641;5952
10584;33;2020-08-27;926;6878
10585;33;2020-08-28;746;7624
10586;33;2020-08-29;380;8004
10587;33;2020-08-30;256;8260
10588;33;2020-08-31;968;9228
10589;33;2020-09-01;1050;10278
10590;33;2020-09-02;1142;11420
10591;33;2020-09-03;951;12371
10592;33;2020-09-04;965;13336
10593;33;2020-09-05;328;13664
10594;33;2020-09-06;266;13930
10595;33;2020-09-07;1066;14996
10596;33;2020-09-08;794;15790
10597;33;2020-09-09;812;16602
10598;33;2020-09-10;868;17470
10599;33;2020-09-11;737;18207
10600;33;2020-09-12;278;18485
10601;33;2020-09-13;200;18685
10602;33;2020-09-14;909;19594
10603;33;2020-09-15;955;20549
10604;33;2020-09-16;776;21325
10605;33;2020-09-17;783;22108
10606;33;2020-09-18;741;22849
10607;33;2020-09-19;314;23163
10608;33;2020-09-20;148;23311
10609;33;2020-09-21;734;24045
10610;33;2020-09-22;586;24631
10611;33;2020-09-23;582;25213
10612;33;2020-09-24;498;25711
10613;33;2020-09-25;566;26277
10614;33;2020-09-26;248;26525
10615;33;2020-09-27;120;26645
10616;33;2020-09-28;703;27348
10617;33;2020-09-29;476;27824
10618;33;2020-09-30;518;28342
10619;33;2020-10-01;560;28902
10620;33;2020-10-02;578;29480
10621;33;2020-10-03;262;29742
10622;33;2020-10-04;130;29872
10623;33;2020-10-05;628;30500
10624;33;2020-10-06;583;31083
10625;33;2020-10-07;551;31634
10626;33;2020-10-08;592;32226
10627;33;2020-10-09;596;32822
10628;33;2020-10-10;302;33124
10629;33;2020-10-11;106;33230
10630;33;2020-10-12;796;34026
10631;33;2020-10-13;644;34670
10632;33;2020-10-14;583;35253
10633;33;2020-10-15;641;35894
10634;33;2020-10-16;690;36584
10635;33;2020-10-17;276;36860
10636;33;2020-10-18;150;37010
10637;33;2020-10-19;920;37930
10638;33;2020-10-20;906;38836
10639;33;2020-10-21;1090;39926
10640;33;2020-10-22;1046;40972
10641;33;2020-10-23;1317;42289
10642;33;2020-10-24;386;42675
10643;33;2020-10-25;230;42905
10644;33;2020-10-26;1619;44524
10645;33;2020-10-27;1488;46012
10646;33;2020-10-28;1284;47296
10647;33;2020-10-29;1376;48672
10648;33;2020-10-30;1498;50170
10649;33;2020-10-31;452;50622
10650;33;2020-11-01;154;50776
10651;33;2020-11-02;1874;52650
10652;33;2020-11-03;1598;54248
10653;33;2020-11-04;1300;55548
10654;33;2020-11-05;1253;56801
10655;33;2020-11-06;1294;58095
10656;33;2020-11-07;414;58509
10657;33;2020-11-08;152;58661
10658;33;2020-11-09;1324;59985
10659;33;2020-11-10;1018;61003
10660;33;2020-11-11;156;61159
10661;33;2020-11-12;1190;62349
10662;33;2020-11-13;856;63205
10663;33;2020-11-14;262;63467
10664;33;2020-11-15;88;63555
10665;33;2020-11-16;900;64455
10666;33;2020-11-17;540;64995
10667;33;2020-11-18;536;65531
10668;33;2020-11-19;480;66011
10669;33;2020-11-20;398;66409
10670;33;2020-11-21;162;66571
10671;33;2020-11-22;32;66603
10672;33;2020-11-23;444;67047
10673;33;2020-11-24;348;67395
10674;33;2020-11-25;370;67765
10675;33;2020-11-26;348;68113
10676;33;2020-11-27;306;68419
10677;33;2020-11-28;180;68599
10678;33;2020-11-29;30;68629
10679;33;2020-11-30;484;69113
10680;33;2020-12-01;344;69457
10681;33;2020-12-02;362;69819
10682;33;2020-12-03;359;70178
10683;33;2020-12-04;352;70530
10684;33;2020-12-05;174;70704
10685;33;2020-12-06;64;70768
10686;33;2020-12-07;584;71352
10687;33;2020-12-08;439;71791
10688;33;2020-12-09;408;72199
10689;33;2020-12-10;370;72569
10690;33;2020-12-11;362;72931
10691;33;2020-12-12;216;73147
10692;33;2020-12-13;76;73223
10693;33;2020-12-14;542;73765
10694;33;2020-12-15;500;74265
10695;33;2020-12-16;458;74723
10696;33;2020-12-17;480;75203
10697;33;2020-12-18;483;75686
10698;33;2020-12-19;245;75931
10699;33;2020-12-20;50;75981
10700;33;2020-12-21;530;76511
10701;33;2020-12-22;488;76999
10702;33;2020-12-23;500;77499
10703;33;2020-12-24;304;77803
10704;33;2020-12-25;30;77833
10705;33;2020-12-26;316;78149
10706;33;2020-12-27;82;78231
10707;33;2020-12-28;624;78855
10708;33;2020-12-29;610;79465
10709;33;2020-12-30;678;80143
10710;33;2020-12-31;494;80637
10711;33;2021-01-01;36;80673
10712;33;2021-01-02;512;81185
10713;33;2021-01-03;144;81329
10714;33;2021-01-04;1018;82347
10715;33;2021-01-05;827;83174
10716;33;2021-01-06;770;83944
10717;33;2021-01-07;856;84800
10718;33;2021-01-08;832;85632
10719;33;2021-01-09;426;86058
10720;33;2021-01-10;130;86188
10721;33;2021-01-11;1094;87282
10722;33;2021-01-12;840;88122
10723;33;2021-01-13;910;89032
10724;33;2021-01-14;916;89948
10725;33;2021-01-15;866;90814
10726;33;2021-01-16;538;91352
10727;33;2021-01-17;118;91470
10728;33;2021-01-18;1226;92696
10729;33;2021-01-19;917;93613
10730;33;2021-01-20;883;94496
10731;33;2021-01-21;991;95487
10732;33;2021-01-22;961;96448
10733;33;2021-01-23;484;96932
10734;33;2021-01-24;130;97062
10735;33;2021-01-25;1254;98316
10736;33;2021-01-26;952;99268
10737;33;2021-01-27;876;100144
10738;33;2021-01-28;918;101062
10739;33;2021-01-29;1048;102110
10740;33;2021-01-30;512;102622
10741;33;2021-01-31;156;102778
10742;33;2021-02-01;1195;103973
10743;33;2021-02-02;833;104806
10744;33;2021-02-03;745;105551
10745;33;2021-02-04;718;106269
10746;33;2021-02-05;706;106975
10747;33;2021-02-06;366;107341
10748;33;2021-02-07;60;107401
10749;33;2021-02-08;735;108136
10750;33;2021-02-09;610;108746
10751;33;2021-02-10;708;109454
10752;33;2021-02-11;608;110062
10753;33;2021-02-12;570;110632
10754;33;2021-02-13;364;110996
10755;33;2021-02-14;108;111104
10756;33;2021-02-15;792;111896
10757;33;2021-02-16;578;112474
10758;33;2021-02-17;610;113084
10759;33;2021-02-18;698;113782
10760;33;2021-02-19;805;114587
10761;33;2021-02-20;388;114975
10762;33;2021-02-21;84;115059
10763;33;2021-02-22;1129;116188
10764;33;2021-02-23;816;117004
10765;33;2021-02-24;766;117770
10766;33;2021-02-25;660;118430
10767;33;2021-02-26;704;119134
10768;33;2021-02-27;366;119500
10769;33;2021-02-28;82;119582
10770;33;2021-03-01;800;120382
10771;33;2021-03-02;622;121004
10772;33;2021-03-03;616;121620
10773;33;2021-03-04;628;122248
10774;33;2021-03-05;632;122880
10775;33;2021-03-06;308;123188
10776;33;2021-03-07;98;123286
10777;33;2021-03-08;898;124184
10778;33;2021-03-09;874;125058
10779;33;2021-03-10;780;125838
10780;33;2021-03-11;990;126828
10781;33;2021-03-12;959;127787
10782;33;2021-03-13;554;128341
10783;33;2021-03-14;130;128471
10784;33;2021-03-15;1149;129620
10785;33;2021-03-16;948;130568
10786;33;2021-03-17;1048;131616
10787;33;2021-03-18;1090;132706
10788;33;2021-03-19;1105;133811
10789;33;2021-03-20;602;134413
10790;33;2021-03-21;118;134531
10791;33;2021-03-22;1550;136081
10792;33;2021-03-23;1384;137465
10793;33;2021-03-24;1260;138725
10794;33;2021-03-25;1316;140041
10795;33;2021-03-26;1484;141525
10796;33;2021-03-27;849;142374
10797;33;2021-03-28;216;142590
10798;33;2021-03-29;1974;144564
10799;33;2021-03-30;1492;146056
10800;33;2021-03-31;1412;147468
10801;33;2021-04-01;1508;148976
10802;33;2021-04-02;1560;150536
10803;33;2021-04-03;814;151350
10804;33;2021-04-04;120;151470
10805;33;2021-04-05;154;151624
10806;33;2021-04-06;1921;153545
10807;33;2021-04-07;1351;154896
10808;33;2021-04-08;1293;156189
10809;33;2021-04-09;1291;157480
10810;33;2021-04-10;844;158324
10811;33;2021-04-11;194;158518
10812;33;2021-04-12;1680;160198
10813;33;2021-04-13;1254;161452
10814;33;2021-04-14;1070;162522
10815;33;2021-04-15;932;163454
10816;34;2020-05-13;22;22
10817;34;2020-05-14;14;36
10818;34;2020-05-15;10;46
10819;34;2020-05-16;2;48
10820;34;2020-05-17;2;50
10821;34;2020-05-18;30;80
10822;34;2020-05-19;26;106
10823;34;2020-05-20;42;148
10824;34;2020-05-21;0;148
10825;34;2020-05-22;16;164
10826;34;2020-05-23;0;164
10827;34;2020-05-24;2;166
10828;34;2020-05-25;6;172
10829;34;2020-05-26;0;172
10830;34;2020-05-27;2;174
10831;34;2020-05-28;4;178
10832;34;2020-05-29;0;178
10833;34;2020-05-30;16;194
10834;34;2020-05-31;0;194
10835;34;2020-06-01;0;194
10836;34;2020-06-02;8;202
10837;34;2020-06-03;2;204
10838;34;2020-06-04;4;208
10839;34;2020-06-05;6;214
10840;34;2020-06-06;2;216
10841;34;2020-06-07;0;216
10842;34;2020-06-08;4;220
10843;34;2020-06-09;4;224
10844;34;2020-06-10;16;240
10845;34;2020-06-11;2;242
10846;34;2020-06-12;4;246
10847;34;2020-06-13;0;246
10848;34;2020-06-14;2;248
10849;34;2020-06-15;10;258
10850;34;2020-06-16;4;262
10851;34;2020-06-17;6;268
10852;34;2020-06-18;2;270
10853;34;2020-06-19;4;274
10854;34;2020-06-20;0;274
10855;34;2020-06-21;0;274
10856;34;2020-06-22;2;276
10857;34;2020-06-23;4;280
10858;34;2020-06-24;10;290
10859;34;2020-06-25;6;296
10860;34;2020-06-26;16;312
10861;34;2020-06-27;4;316
10862;34;2020-06-28;4;320
10863;34;2020-06-29;6;326
10864;34;2020-06-30;3;329
10865;34;2020-07-01;10;339
10866;34;2020-07-02;6;345
10867;34;2020-07-03;6;351
10868;34;2020-07-04;8;359
10869;34;2020-07-05;4;363
10870;34;2020-07-06;4;367
10871;34;2020-07-07;10;377
10872;34;2020-07-08;22;399
10873;34;2020-07-09;8;407
10874;34;2020-07-10;18;425
10875;34;2020-07-11;8;433
10876;34;2020-07-12;0;433
10877;34;2020-07-13;16;449
10878;34;2020-07-14;0;449
10879;34;2020-07-15;16;465
10880;34;2020-07-16;18;483
10881;34;2020-07-17;10;493
10882;34;2020-07-18;16;509
10883;34;2020-07-19;0;509
10884;34;2020-07-20;28;537
10885;34;2020-07-21;26;563
10886;34;2020-07-22;12;575
10887;34;2020-07-23;22;597
10888;34;2020-07-24;18;615
10889;34;2020-07-25;16;631
10890;34;2020-07-26;2;633
10891;34;2020-07-27;36;669
10892;34;2020-07-28;42;711
10893;34;2020-07-29;38;749
10894;34;2020-07-30;34;783
10895;34;2020-07-31;66;849
10896;34;2020-08-01;8;857
10897;34;2020-08-02;4;861
10898;34;2020-08-03;68;929
10899;34;2020-08-04;32;961
10900;34;2020-08-05;52;1013
10901;34;2020-08-06;63;1076
10902;34;2020-08-07;98;1174
10903;34;2020-08-08;48;1222
10904;34;2020-08-09;12;1234
10905;34;2020-08-10;124;1358
10906;34;2020-08-11;136;1494
10907;34;2020-08-12;202;1696
10908;34;2020-08-13;236;1932
10909;34;2020-08-14;218;2150
10910;34;2020-08-15;32;2182
10911;34;2020-08-16;6;2188
10912;34;2020-08-17;410;2598
10913;34;2020-08-18;374;2972
10914;34;2020-08-19;324;3296
10915;34;2020-08-20;444;3740
10916;34;2020-08-21;354;4094
10917;34;2020-08-22;169;4263
10918;34;2020-08-23;48;4311
10919;34;2020-08-24;404;4715
10920;34;2020-08-25;413;5128
10921;34;2020-08-26;356;5484
10922;34;2020-08-27;412;5896
10923;34;2020-08-28;462;6358
10924;34;2020-08-29;144;6502
10925;34;2020-08-30;82;6584
10926;34;2020-08-31;428;7012
10927;34;2020-09-01;356;7368
10928;34;2020-09-02;364;7732
10929;34;2020-09-03;416;8148
10930;34;2020-09-04;452;8600
10931;34;2020-09-05;116;8716
10932;34;2020-09-06;76;8792
10933;34;2020-09-07;480;9272
10934;34;2020-09-08;420;9692
10935;34;2020-09-09;382;10074
10936;34;2020-09-10;422;10496
10937;34;2020-09-11;382;10878
10938;34;2020-09-12;142;11020
10939;34;2020-09-13;62;11082
10940;34;2020-09-14;513;11595
10941;34;2020-09-15;450;12045
10942;34;2020-09-16;353;12398
10943;34;2020-09-17;446;12844
10944;34;2020-09-18;504;13348
10945;34;2020-09-19;170;13518
10946;34;2020-09-20;76;13594
10947;34;2020-09-21;498;14092
10948;34;2020-09-22;404;14496
10949;34;2020-09-23;312;14808
10950;34;2020-09-24;364;15172
10951;34;2020-09-25;410;15582
10952;34;2020-09-26;238;15820
10953;34;2020-09-27;72;15892
10954;34;2020-09-28;418;16310
10955;34;2020-09-29;452;16762
10956;34;2020-09-30;442;17204
10957;34;2020-10-01;506;17710
10958;34;2020-10-02;676;18386
10959;34;2020-10-03;446;18832
10960;34;2020-10-04;84;18916
10961;34;2020-10-05;738;19654
10962;34;2020-10-06;734;20388
10963;34;2020-10-07;922;21310
10964;34;2020-10-08;776;22086
10965;34;2020-10-09;864;22950
10966;34;2020-10-10;578;23528
10967;34;2020-10-11;72;23600
10968;34;2020-10-12;1120;24720
10969;34;2020-10-13;965;25685
10970;34;2020-10-14;1118;26803
10971;34;2020-10-15;1078;27881
10972;34;2020-10-16;1002;28883
10973;34;2020-10-17;624;29507
10974;34;2020-10-18;216;29723
10975;34;2020-10-19;1365;31088
10976;34;2020-10-20;1330;32418
10977;34;2020-10-21;1825;34243
10978;34;2020-10-22;1637;35880
10979;34;2020-10-23;1919;37799
10980;34;2020-10-24;1168;38967
10981;34;2020-10-25;298;39265
10982;34;2020-10-26;2184;41449
10983;34;2020-10-27;2072;43521
10984;34;2020-10-28;2065;45586
10985;34;2020-10-29;1984;47570
10986;34;2020-10-30;1704;49274
10987;34;2020-10-31;894;50168
10988;34;2020-11-01;112;50280
10989;34;2020-11-02;2297;52577
10990;34;2020-11-03;1614;54191
10991;34;2020-11-04;1634;55825
10992;34;2020-11-05;1623;57448
10993;34;2020-11-06;1500;58948
10994;34;2020-11-07;752;59700
10995;34;2020-11-08;194;59894
10996;34;2020-11-09;1647;61541
10997;34;2020-11-10;1185;62726
10998;34;2020-11-11;146;62872
10999;34;2020-11-12;1014;63886
11000;34;2020-11-13;977;64863
11001;34;2020-11-14;333;65196
11002;34;2020-11-15;74;65270
11003;34;2020-11-16;797;66067
11004;34;2020-11-17;437;66504
11005;34;2020-11-18;411;66915
11006;34;2020-11-19;385;67300
11007;34;2020-11-20;496;67796
11008;34;2020-11-21;178;67974
11009;34;2020-11-22;38;68012
11010;34;2020-11-23;398;68410
11011;34;2020-11-24;326;68736
11012;34;2020-11-25;260;68996
11013;34;2020-11-26;310;69306
11014;34;2020-11-27;326;69632
11015;34;2020-11-28;158;69790
11016;34;2020-11-29;30;69820
11017;34;2020-11-30;329;70149
11018;34;2020-12-01;247;70396
11019;34;2020-12-02;287;70683
11020;34;2020-12-03;312;70995
11021;34;2020-12-04;234;71229
11022;34;2020-12-05;152;71381
11023;34;2020-12-06;40;71421
11024;34;2020-12-07;291;71712
11025;34;2020-12-08;272;71984
11026;34;2020-12-09;260;72244
11027;34;2020-12-10;268;72512
11028;34;2020-12-11;334;72846
11029;34;2020-12-12;178;73024
11030;34;2020-12-13;34;73058
11031;34;2020-12-14;398;73456
11032;34;2020-12-15;314;73770
11033;34;2020-12-16;456;74226
11034;34;2020-12-17;330;74556
11035;34;2020-12-18;392;74948
11036;34;2020-12-19;244;75192
11037;34;2020-12-20;40;75232
11038;34;2020-12-21;482;75714
11039;34;2020-12-22;408;76122
11040;34;2020-12-23;390;76512
11041;34;2020-12-24;334;76846
11042;34;2020-12-25;24;76870
11043;34;2020-12-26;242;77112
11044;34;2020-12-27;45;77157
11045;34;2020-12-28;560;77717
11046;34;2020-12-29;542;78259
11047;34;2020-12-30;466;78725
11048;34;2020-12-31;396;79121
11049;34;2021-01-01;40;79161
11050;34;2021-01-02;374;79535
11051;34;2021-01-03;94;79629
11052;34;2021-01-04;873;80502
11053;34;2021-01-05;732;81234
11054;34;2021-01-06;644;81878
11055;34;2021-01-07;673;82551
11056;34;2021-01-08;799;83350
11057;34;2021-01-09;384;83734
11058;34;2021-01-10;70;83804
11059;34;2021-01-11;941;84745
11060;34;2021-01-12;655;85400
11061;34;2021-01-13;706;86106
11062;34;2021-01-14;630;86736
11063;34;2021-01-15;728;87464
11064;34;2021-01-16;334;87798
11065;34;2021-01-17;90;87888
11066;34;2021-01-18;856;88744
11067;34;2021-01-19;660;89404
11068;34;2021-01-20;646;90050
11069;34;2021-01-21;746;90796
11070;34;2021-01-22;714;91510
11071;34;2021-01-23;372;91882
11072;34;2021-01-24;54;91936
11073;34;2021-01-25;955;92891
11074;34;2021-01-26;662;93553
11075;34;2021-01-27;584;94137
11076;34;2021-01-28;708;94845
11077;34;2021-01-29;691;95536
11078;34;2021-01-30;360;95896
11079;34;2021-01-31;80;95976
11080;34;2021-02-01;791;96767
11081;34;2021-02-02;655;97422
11082;34;2021-02-03;646;98068
11083;34;2021-02-04;548;98616
11084;34;2021-02-05;682;99298
11085;34;2021-02-06;396;99694
11086;34;2021-02-07;38;99732
11087;34;2021-02-08;881;100613
11088;34;2021-02-09;679;101292
11089;34;2021-02-10;650;101942
11090;34;2021-02-11;620;102562
11091;34;2021-02-12;698;103260
11092;34;2021-02-13;280;103540
11093;34;2021-02-14;48;103588
11094;34;2021-02-15;840;104428
11095;34;2021-02-16;564;104992
11096;34;2021-02-17;574;105566
11097;34;2021-02-18;488;106054
11098;34;2021-02-19;725;106779
11099;34;2021-02-20;362;107141
11100;34;2021-02-21;56;107197
11101;34;2021-02-22;1024;108221
11102;34;2021-02-23;695;108916
11103;34;2021-02-24;773;109689
11104;34;2021-02-25;680;110369
11105;34;2021-02-26;770;111139
11106;34;2021-02-27;356;111495
11107;34;2021-02-28;84;111579
11108;34;2021-03-01;1014;112593
11109;34;2021-03-02;612;113205
11110;34;2021-03-03;598;113803
11111;34;2021-03-04;723;114526
11112;34;2021-03-05;642;115168
11113;34;2021-03-06;412;115580
11114;34;2021-03-07;74;115654
11115;34;2021-03-08;901;116555
11116;34;2021-03-09;645;117200
11117;34;2021-03-10;712;117912
11118;34;2021-03-11;820;118732
11119;34;2021-03-12;838;119570
11120;34;2021-03-13;487;120057
11121;34;2021-03-14;110;120167
11122;34;2021-03-15;1159;121326
11123;34;2021-03-16;888;122214
11124;34;2021-03-17;909;123123
11125;34;2021-03-18;880;124003
11126;34;2021-03-19;1069;125072
11127;34;2021-03-20;540;125612
11128;34;2021-03-21;116;125728
11129;34;2021-03-22;1572;127300
11130;34;2021-03-23;1274;128574
11131;34;2021-03-24;1220;129794
11132;34;2021-03-25;1295;131089
11133;34;2021-03-26;1440;132529
11134;34;2021-03-27;786;133315
11135;34;2021-03-28;96;133411
11136;34;2021-03-29;2023;135434
11137;34;2021-03-30;1598;137032
11138;34;2021-03-31;1366;138398
11139;34;2021-04-01;1397;139795
11140;34;2021-04-02;1683;141478
11141;34;2021-04-03;771;142249
11142;34;2021-04-04;110;142359
11143;34;2021-04-05;328;142687
11144;34;2021-04-06;2022;144709
11145;34;2021-04-07;1418;146127
11146;34;2021-04-08;1310;147437
11147;34;2021-04-09;1261;148698
11148;34;2021-04-10;768;149466
11149;34;2021-04-11;174;149640
11150;34;2021-04-12;1887;151527
11151;34;2021-04-13;1330;152857
11152;34;2021-04-14;1299;154156
11153;34;2021-04-15;1166;155322
11154;35;2020-05-13;10;10
11155;35;2020-05-14;16;26
11156;35;2020-05-15;128;154
11157;35;2020-05-16;18;172
11158;35;2020-05-17;2;174
11159;35;2020-05-18;12;186
11160;35;2020-05-19;2;188
11161;35;2020-05-20;10;198
11162;35;2020-05-21;12;210
11163;35;2020-05-22;6;216
11164;35;2020-05-23;6;222
11165;35;2020-05-24;0;222
11166;35;2020-05-25;6;228
11167;35;2020-05-26;4;232
11168;35;2020-05-27;18;250
11169;35;2020-05-28;4;254
11170;35;2020-05-29;0;254
11171;35;2020-05-30;4;258
11172;35;2020-05-31;4;262
11173;35;2020-06-01;2;264
11174;35;2020-06-02;6;270
11175;35;2020-06-03;6;276
11176;35;2020-06-04;0;276
11177;35;2020-06-05;2;278
11178;35;2020-06-06;6;284
11179;35;2020-06-07;0;284
11180;35;2020-06-08;4;288
11181;35;2020-06-09;0;288
11182;35;2020-06-10;4;292
11183;35;2020-06-11;0;292
11184;35;2020-06-12;2;294
11185;35;2020-06-13;0;294
11186;35;2020-06-14;0;294
11187;35;2020-06-15;2;296
11188;35;2020-06-16;0;296
11189;35;2020-06-17;0;296
11190;35;2020-06-18;2;298
11191;35;2020-06-19;2;300
11192;35;2020-06-20;0;300
11193;35;2020-06-21;0;300
11194;35;2020-06-22;0;300
11195;35;2020-06-23;0;300
11196;35;2020-06-24;4;304
11197;35;2020-06-25;6;310
11198;35;2020-06-26;0;310
11199;35;2020-06-27;2;312
11200;35;2020-06-28;0;312
11201;35;2020-06-29;0;312
11202;35;2020-06-30;2;314
11203;35;2020-07-01;3;317
11204;35;2020-07-02;2;319
11205;35;2020-07-03;2;321
11206;35;2020-07-04;2;323
11207;35;2020-07-05;0;323
11208;35;2020-07-06;0;323
11209;35;2020-07-07;6;329
11210;35;2020-07-08;6;335
11211;35;2020-07-09;8;343
11212;35;2020-07-10;20;363
11213;35;2020-07-11;14;377
11214;35;2020-07-12;4;381
11215;35;2020-07-13;26;407
11216;35;2020-07-14;0;407
11217;35;2020-07-15;24;431
11218;35;2020-07-16;10;441
11219;35;2020-07-17;16;457
11220;35;2020-07-18;12;469
11221;35;2020-07-19;2;471
11222;35;2020-07-20;32;503
11223;35;2020-07-21;26;529
11224;35;2020-07-22;62;591
11225;35;2020-07-23;44;635
11226;35;2020-07-24;80;715
11227;35;2020-07-25;54;769
11228;35;2020-07-26;12;781
11229;35;2020-07-27;70;851
11230;35;2020-07-28;100;951
11231;35;2020-07-29;56;1007
11232;35;2020-07-30;44;1051
11233;35;2020-07-31;86;1137
11234;35;2020-08-01;28;1165
11235;35;2020-08-02;12;1177
11236;35;2020-08-03;78;1255
11237;35;2020-08-04;104;1359
11238;35;2020-08-05;78;1437
11239;35;2020-08-06;42;1479
11240;35;2020-08-07;38;1517
11241;35;2020-08-08;16;1533
11242;35;2020-08-09;6;1539
11243;35;2020-08-10;46;1585
11244;35;2020-08-11;54;1639
11245;35;2020-08-12;54;1693
11246;35;2020-08-13;36;1729
11247;35;2020-08-14;72;1801
11248;35;2020-08-15;10;1811
11249;35;2020-08-16;28;1839
11250;35;2020-08-17;78;1917
11251;35;2020-08-18;118;2035
11252;35;2020-08-19;88;2123
11253;35;2020-08-20;98;2221
11254;35;2020-08-21;118;2339
11255;35;2020-08-22;56;2395
11256;35;2020-08-23;12;2407
11257;35;2020-08-24;96;2503
11258;35;2020-08-25;120;2623
11259;35;2020-08-26;142;2765
11260;35;2020-08-27;126;2891
11261;35;2020-08-28;144;3035
11262;35;2020-08-29;64;3099
11263;35;2020-08-30;40;3139
11264;35;2020-08-31;172;3311
11265;35;2020-09-01;222;3533
11266;35;2020-09-02;218;3751
11267;35;2020-09-03;344;4095
11268;35;2020-09-04;248;4343
11269;35;2020-09-05;134;4477
11270;35;2020-09-06;56;4533
11271;35;2020-09-07;386;4919
11272;35;2020-09-08;364;5283
11273;35;2020-09-09;354;5637
11274;35;2020-09-10;406;6043
11275;35;2020-09-11;316;6359
11276;35;2020-09-12;166;6525
11277;35;2020-09-13;78;6603
11278;35;2020-09-14;320;6923
11279;35;2020-09-15;436;7359
11280;35;2020-09-16;446;7805
11281;35;2020-09-17;548;8353
11282;35;2020-09-18;510;8863
11283;35;2020-09-19;244;9107
11284;35;2020-09-20;84;9191
11285;35;2020-09-21;500;9691
11286;35;2020-09-22;546;10237
11287;35;2020-09-23;418;10655
11288;35;2020-09-24;420;11075
11289;35;2020-09-25;388;11463
11290;35;2020-09-26;202;11665
11291;35;2020-09-27;48;11713
11292;35;2020-09-28;414;12127
11293;35;2020-09-29;418;12545
11294;35;2020-09-30;352;12897
11295;35;2020-10-01;450;13347
11296;35;2020-10-02;452;13799
11297;35;2020-10-03;260;14059
11298;35;2020-10-04;18;14077
11299;35;2020-10-05;520;14597
11300;35;2020-10-06;424;15021
11301;35;2020-10-07;354;15375
11302;35;2020-10-08;464;15839
11303;35;2020-10-09;482;16321
11304;35;2020-10-10;396;16717
11305;35;2020-10-11;62;16779
11306;35;2020-10-12;718;17497
11307;35;2020-10-13;478;17975
11308;35;2020-10-14;546;18521
11309;35;2020-10-15;606;19127
11310;35;2020-10-16;658;19785
11311;35;2020-10-17;438;20223
11312;35;2020-10-18;98;20321
11313;35;2020-10-19;864;21185
11314;35;2020-10-20;1006;22191
11315;35;2020-10-21;842;23033
11316;35;2020-10-22;886;23919
11317;35;2020-10-23;1156;25075
11318;35;2020-10-24;678;25753
11319;35;2020-10-25;126;25879
11320;35;2020-10-26;1396;27275
11321;35;2020-10-27;1258;28533
11322;35;2020-10-28;1058;29591
11323;35;2020-10-29;1178;30769
11324;35;2020-10-30;1354;32123
11325;35;2020-10-31;558;32681
11326;35;2020-11-01;122;32803
11327;35;2020-11-02;1396;34199
11328;35;2020-11-03;1375;35574
11329;35;2020-11-04;1046;36620
11330;35;2020-11-05;842;37462
11331;35;2020-11-06;1000;38462
11332;35;2020-11-07;574;39036
11333;35;2020-11-08;78;39114
11334;35;2020-11-09;948;40062
11335;35;2020-11-10;776;40838
11336;35;2020-11-11;100;40938
11337;35;2020-11-12;701;41639
11338;35;2020-11-13;628;42267
11339;35;2020-11-14;290;42557
11340;35;2020-11-15;112;42669
11341;35;2020-11-16;464;43133
11342;35;2020-11-17;268;43401
11343;35;2020-11-18;194;43595
11344;35;2020-11-19;262;43857
11345;35;2020-11-20;258;44115
11346;35;2020-11-21;132;44247
11347;35;2020-11-22;28;44275
11348;35;2020-11-23;228;44503
11349;35;2020-11-24;222;44725
11350;35;2020-11-25;192;44917
11351;35;2020-11-26;147;45064
11352;35;2020-11-27;200;45264
11353;35;2020-11-28;134;45398
11354;35;2020-11-29;38;45436
11355;35;2020-11-30;302;45738
11356;35;2020-12-01;254;45992
11357;35;2020-12-02;190;46182
11358;35;2020-12-03;160;46342
11359;35;2020-12-04;256;46598
11360;35;2020-12-05;158;46756
11361;35;2020-12-06;10;46766
11362;35;2020-12-07;190;46956
11363;35;2020-12-08;214;47170
11364;35;2020-12-09;264;47434
11365;35;2020-12-10;178;47612
11366;35;2020-12-11;188;47800
11367;35;2020-12-12;174;47974
11368;35;2020-12-13;48;48022
11369;35;2020-12-14;390;48412
11370;35;2020-12-15;252;48664
11371;35;2020-12-16;316;48980
11372;35;2020-12-17;214;49194
11373;35;2020-12-18;234;49428
11374;35;2020-12-19;112;49540
11375;35;2020-12-20;28;49568
11376;35;2020-12-21;240;49808
11377;35;2020-12-22;248;50056
11378;35;2020-12-23;226;50282
11379;35;2020-12-24;216;50498
11380;35;2020-12-25;6;50504
11381;35;2020-12-26;194;50698
11382;35;2020-12-27;36;50734
11383;35;2020-12-28;368;51102
11384;35;2020-12-29;332;51434
11385;35;2020-12-30;276;51710
11386;35;2020-12-31;296;52006
11387;35;2021-01-01;26;52032
11388;35;2021-01-02;208;52240
11389;35;2021-01-03;64;52304
11390;35;2021-01-04;490;52794
11391;35;2021-01-05;550;53344
11392;35;2021-01-06;438;53782
11393;35;2021-01-07;410;54192
11394;35;2021-01-08;366;54558
11395;35;2021-01-09;348;54906
11396;35;2021-01-10;80;54986
11397;35;2021-01-11;714;55700
11398;35;2021-01-12;578;56278
11399;35;2021-01-13;534;56812
11400;35;2021-01-14;496;57308
11401;35;2021-01-15;570;57878
11402;35;2021-01-16;252;58130
11403;35;2021-01-17;80;58210
11404;35;2021-01-18;640;58850
11405;35;2021-01-19;562;59412
11406;35;2021-01-20;570;59982
11407;35;2021-01-21;566;60548
11408;35;2021-01-22;500;61048
11409;35;2021-01-23;288;61336
11410;35;2021-01-24;56;61392
11411;35;2021-01-25;656;62048
11412;35;2021-01-26;494;62542
11413;35;2021-01-27;532;63074
11414;35;2021-01-28;662;63736
11415;35;2021-01-29;664;64400
11416;35;2021-01-30;372;64772
11417;35;2021-01-31;88;64860
11418;35;2021-02-01;844;65704
11419;35;2021-02-02;676;66380
11420;35;2021-02-03;648;67028
11421;35;2021-02-04;630;67658
11422;35;2021-02-05;694;68352
11423;35;2021-02-06;354;68706
11424;35;2021-02-07;60;68766
11425;35;2021-02-08;706;69472
11426;35;2021-02-09;688;70160
11427;35;2021-02-10;464;70624
11428;35;2021-02-11;484;71108
11429;35;2021-02-12;516;71624
11430;35;2021-02-13;326;71950
11431;35;2021-02-14;52;72002
11432;35;2021-02-15;676;72678
11433;35;2021-02-16;506;73184
11434;35;2021-02-17;540;73724
11435;35;2021-02-18;618;74342
11436;35;2021-02-19;568;74910
11437;35;2021-02-20;302;75212
11438;35;2021-02-21;72;75284
11439;35;2021-02-22;706;75990
11440;35;2021-02-23;508;76498
11441;35;2021-02-24;490;76988
11442;35;2021-02-25;528;77516
11443;35;2021-02-26;532;78048
11444;35;2021-02-27;358;78406
11445;35;2021-02-28;62;78468
11446;35;2021-03-01;684;79152
11447;35;2021-03-02;580;79732
11448;35;2021-03-03;582;80314
11449;35;2021-03-04;582;80896
11450;35;2021-03-05;614;81510
11451;35;2021-03-06;448;81958
11452;35;2021-03-07;126;82084
11453;35;2021-03-08;706;82790
11454;35;2021-03-09;696;83486
11455;35;2021-03-10;722;84208
11456;35;2021-03-11;686;84894
11457;35;2021-03-12;708;85602
11458;35;2021-03-13;488;86090
11459;35;2021-03-14;88;86178
11460;35;2021-03-15;984;87162
11461;35;2021-03-16;896;88058
11462;35;2021-03-17;824;88882
11463;35;2021-03-18;900;89782
11464;35;2021-03-19;880;90662
11465;35;2021-03-20;470;91132
11466;35;2021-03-21;144;91276
11467;35;2021-03-22;1162;92438
11468;35;2021-03-23;1006;93444
11469;35;2021-03-24;989;94433
11470;35;2021-03-25;941;95374
11471;35;2021-03-26;1084;96458
11472;35;2021-03-27;580;97038
11473;35;2021-03-28;108;97146
11474;35;2021-03-29;1318;98464
11475;35;2021-03-30;1150;99614
11476;35;2021-03-31;1116;100730
11477;35;2021-04-01;1038;101768
11478;35;2021-04-02;1193;102961
11479;35;2021-04-03;746;103707
11480;35;2021-04-04;138;103845
11481;35;2021-04-05;280;104125
11482;35;2021-04-06;1526;105651
11483;35;2021-04-07;1182;106833
11484;35;2021-04-08;1038;107871
11485;35;2021-04-09;1034;108905
11486;35;2021-04-10;592;109497
11487;35;2021-04-11;136;109633
11488;35;2021-04-12;1368;111001
11489;35;2021-04-13;1146;112147
11490;35;2021-04-14;1016;113163
11491;35;2021-04-15;912;114075
11492;36;2020-05-13;2;2
11493;36;2020-05-14;2;4
11494;36;2020-05-15;10;14
11495;36;2020-05-16;2;16
11496;36;2020-05-17;0;16
11497;36;2020-05-18;2;18
11498;36;2020-05-19;4;22
11499;36;2020-05-20;0;22
11500;36;2020-05-21;0;22
11501;36;2020-05-22;0;22
11502;36;2020-05-23;0;22
11503;36;2020-05-24;0;22
11504;36;2020-05-25;2;24
11505;36;2020-05-26;0;24
11506;36;2020-05-27;0;24
11507;36;2020-05-28;0;24
11508;36;2020-05-29;2;26
11509;36;2020-05-30;2;28
11510;36;2020-05-31;0;28
11511;36;2020-06-01;0;28
11512;36;2020-06-02;2;30
11513;36;2020-06-03;4;34
11514;36;2020-06-04;0;34
11515;36;2020-06-05;2;36
11516;36;2020-06-06;0;36
11517;36;2020-06-07;0;36
11518;36;2020-06-08;0;36
11519;36;2020-06-09;2;38
11520;36;2020-06-10;0;38
11521;36;2020-06-11;0;38
11522;36;2020-06-12;0;38
11523;36;2020-06-13;0;38
11524;36;2020-06-14;0;38
11525;36;2020-06-15;0;38
11526;36;2020-06-16;0;38
11527;36;2020-06-17;0;38
11528;36;2020-06-18;0;38
11529;36;2020-06-19;0;38
11530;36;2020-06-20;2;40
11531;36;2020-06-21;0;40
11532;36;2020-06-22;0;40
11533;36;2020-06-23;6;46
11534;36;2020-06-24;0;46
11535;36;2020-06-25;0;46
11536;36;2020-06-26;2;48
11537;36;2020-06-27;0;48
11538;36;2020-06-28;0;48
11539;36;2020-06-29;0;48
11540;36;2020-06-30;0;48
11541;36;2020-07-01;0;48
11542;36;2020-07-02;0;48
11543;36;2020-07-03;0;48
11544;36;2020-07-04;0;48
11545;36;2020-07-05;0;48
11546;36;2020-07-06;0;48
11547;36;2020-07-07;0;48
11548;36;2020-07-08;0;48
11549;36;2020-07-09;0;48
11550;36;2020-07-10;0;48
11551;36;2020-07-11;0;48
11552;36;2020-07-12;0;48
11553;36;2020-07-13;0;48
11554;36;2020-07-14;0;48
11555;36;2020-07-15;2;50
11556;36;2020-07-16;0;50
11557;36;2020-07-17;0;50
11558;36;2020-07-18;0;50
11559;36;2020-07-19;0;50
11560;36;2020-07-20;0;50
11561;36;2020-07-21;0;50
11562;36;2020-07-22;2;52
11563;36;2020-07-23;0;52
11564;36;2020-07-24;0;52
11565;36;2020-07-25;0;52
11566;36;2020-07-26;0;52
11567;36;2020-07-27;6;58
11568;36;2020-07-28;2;60
11569;36;2020-07-29;0;60
11570;36;2020-07-30;8;68
11571;36;2020-07-31;0;68
11572;36;2020-08-01;0;68
11573;36;2020-08-02;0;68
11574;36;2020-08-03;0;68
11575;36;2020-08-04;2;70
11576;36;2020-08-05;2;72
11577;36;2020-08-06;12;84
11578;36;2020-08-07;4;88
11579;36;2020-08-08;0;88
11580;36;2020-08-09;0;88
11581;36;2020-08-10;10;98
11582;36;2020-08-11;6;104
11583;36;2020-08-12;4;108
11584;36;2020-08-13;0;108
11585;36;2020-08-14;16;124
11586;36;2020-08-15;0;124
11587;36;2020-08-16;0;124
11588;36;2020-08-17;8;132
11589;36;2020-08-18;2;134
11590;36;2020-08-19;4;138
11591;36;2020-08-20;4;142
11592;36;2020-08-21;0;142
11593;36;2020-08-22;2;144
11594;36;2020-08-23;0;144
11595;36;2020-08-24;24;168
11596;36;2020-08-25;16;184
11597;36;2020-08-26;30;214
11598;36;2020-08-27;22;236
11599;36;2020-08-28;14;250
11600;36;2020-08-29;8;258
11601;36;2020-08-30;0;258
11602;36;2020-08-31;20;278
11603;36;2020-09-01;16;294
11604;36;2020-09-02;16;310
11605;36;2020-09-03;14;324
11606;36;2020-09-04;4;328
11607;36;2020-09-05;2;330
11608;36;2020-09-06;0;330
11609;36;2020-09-07;14;344
11610;36;2020-09-08;18;362
11611;36;2020-09-09;14;376
11612;36;2020-09-10;10;386
11613;36;2020-09-11;16;402
11614;36;2020-09-12;8;410
11615;36;2020-09-13;4;414
11616;36;2020-09-14;22;436
11617;36;2020-09-15;46;482
11618;36;2020-09-16;22;504
11619;36;2020-09-17;36;540
11620;36;2020-09-18;32;572
11621;36;2020-09-19;8;580
11622;36;2020-09-20;0;580
11623;36;2020-09-21;40;620
11624;36;2020-09-22;12;632
11625;36;2020-09-23;14;646
11626;36;2020-09-24;28;674
11627;36;2020-09-25;26;700
11628;36;2020-09-26;4;704
11629;36;2020-09-27;0;704
11630;36;2020-09-28;22;726
11631;36;2020-09-29;22;748
11632;36;2020-09-30;18;766
11633;36;2020-10-01;22;788
11634;36;2020-10-02;32;820
11635;36;2020-10-03;16;836
11636;36;2020-10-04;0;836
11637;36;2020-10-05;52;888
11638;36;2020-10-06;28;916
11639;36;2020-10-07;44;960
11640;36;2020-10-08;40;1000
11641;36;2020-10-09;48;1048
11642;36;2020-10-10;26;1074
11643;36;2020-10-11;0;1074
11644;36;2020-10-12;76;1150
11645;36;2020-10-13;52;1202
11646;36;2020-10-14;88;1290
11647;36;2020-10-15;78;1368
11648;36;2020-10-16;92;1460
11649;36;2020-10-17;52;1512
11650;36;2020-10-18;6;1518
11651;36;2020-10-19;136;1654
11652;36;2020-10-20;166;1820
11653;36;2020-10-21;122;1942
11654;36;2020-10-22;110;2052
11655;36;2020-10-23;204;2256
11656;36;2020-10-24;100;2356
11657;36;2020-10-25;14;2370
11658;36;2020-10-26;192;2562
11659;36;2020-10-27;198;2760
11660;36;2020-10-28;198;2958
11661;36;2020-10-29;204;3162
11662;36;2020-10-30;240;3402
11663;36;2020-10-31;146;3548
11664;36;2020-11-01;18;3566
11665;36;2020-11-02;220;3786
11666;36;2020-11-03;270;4056
11667;36;2020-11-04;244;4300
11668;36;2020-11-05;194;4494
11669;36;2020-11-06;184;4678
11670;36;2020-11-07;108;4786
11671;36;2020-11-08;20;4806
11672;36;2020-11-09;272;5078
11673;36;2020-11-10;352;5430
11674;36;2020-11-11;34;5464
11675;36;2020-11-12;196;5660
11676;36;2020-11-13;130;5790
11677;36;2020-11-14;54;5844
11678;36;2020-11-15;2;5846
11679;36;2020-11-16;192;6038
11680;36;2020-11-17;72;6110
11681;36;2020-11-18;66;6176
11682;36;2020-11-19;78;6254
11683;36;2020-11-20;58;6312
11684;36;2020-11-21;32;6344
11685;36;2020-11-22;0;6344
11686;36;2020-11-23;148;6492
11687;36;2020-11-24;64;6556
11688;36;2020-11-25;72;6628
11689;36;2020-11-26;70;6698
11690;36;2020-11-27;62;6760
11691;36;2020-11-28;36;6796
11692;36;2020-11-29;16;6812
11693;36;2020-11-30;90;6902
11694;36;2020-12-01;60;6962
11695;36;2020-12-02;88;7050
11696;36;2020-12-03;74;7124
11697;36;2020-12-04;78;7202
11698;36;2020-12-05;50;7252
11699;36;2020-12-06;6;7258
11700;36;2020-12-07;84;7342
11701;36;2020-12-08;102;7444
11702;36;2020-12-09;68;7512
11703;36;2020-12-10;66;7578
11704;36;2020-12-11;42;7620
11705;36;2020-12-12;72;7692
11706;36;2020-12-13;8;7700
11707;36;2020-12-14;98;7798
11708;36;2020-12-15;86;7884
11709;36;2020-12-16;72;7956
11710;36;2020-12-17;66;8022
11711;36;2020-12-18;72;8094
11712;36;2020-12-19;74;8168
11713;36;2020-12-20;0;8168
11714;36;2020-12-21;114;8282
11715;36;2020-12-22;50;8332
11716;36;2020-12-23;72;8404
11717;36;2020-12-24;72;8476
11718;36;2020-12-25;2;8478
11719;36;2020-12-26;62;8540
11720;36;2020-12-27;8;8548
11721;36;2020-12-28;102;8650
11722;36;2020-12-29;86;8736
11723;36;2020-12-30;128;8864
11724;36;2020-12-31;94;8958
11725;36;2021-01-01;4;8962
11726;36;2021-01-02;102;9064
11727;36;2021-01-03;6;9070
11728;36;2021-01-04;188;9258
11729;36;2021-01-05;200;9458
11730;36;2021-01-06;138;9596
11731;36;2021-01-07;164;9760
11732;36;2021-01-08;112;9872
11733;36;2021-01-09;68;9940
11734;36;2021-01-10;6;9946
11735;36;2021-01-11;188;10134
11736;36;2021-01-12;162;10296
11737;36;2021-01-13;194;10490
11738;36;2021-01-14;146;10636
11739;36;2021-01-15;166;10802
11740;36;2021-01-16;174;10976
11741;36;2021-01-17;14;10990
11742;36;2021-01-18;216;11206
11743;36;2021-01-19;184;11390
11744;36;2021-01-20;224;11614
11745;36;2021-01-21;192;11806
11746;36;2021-01-22;148;11954
11747;36;2021-01-23;140;12094
11748;36;2021-01-24;6;12100
11749;36;2021-01-25;246;12346
11750;36;2021-01-26;180;12526
11751;36;2021-01-27;134;12660
11752;36;2021-01-28;144;12804
11753;36;2021-01-29;178;12982
11754;36;2021-01-30;88;13070
11755;36;2021-01-31;10;13080
11756;36;2021-02-01;238;13318
11757;36;2021-02-02;180;13498
11758;36;2021-02-03;140;13638
11759;36;2021-02-04;148;13786
11760;36;2021-02-05;182;13968
11761;36;2021-02-06;52;14020
11762;36;2021-02-07;12;14032
11763;36;2021-02-08;240;14272
11764;36;2021-02-09;168;14440
11765;36;2021-02-10;140;14580
11766;36;2021-02-11;158;14738
11767;36;2021-02-12;130;14868
11768;36;2021-02-13;56;14924
11769;36;2021-02-14;4;14928
11770;36;2021-02-15;188;15116
11771;36;2021-02-16;180;15296
11772;36;2021-02-17;122;15418
11773;36;2021-02-18;112;15530
11774;36;2021-02-19;136;15666
11775;36;2021-02-20;68;15734
11776;36;2021-02-21;10;15744
11777;36;2021-02-22;158;15902
11778;36;2021-02-23;116;16018
11779;36;2021-02-24;86;16104
11780;36;2021-02-25;74;16178
11781;36;2021-02-26;112;16290
11782;36;2021-02-27;66;16356
11783;36;2021-02-28;10;16366
11784;36;2021-03-01;108;16474
11785;36;2021-03-02;62;16536
11786;36;2021-03-03;42;16578
11787;36;2021-03-04;72;16650
11788;36;2021-03-05;74;16724
11789;36;2021-03-06;56;16780
11790;36;2021-03-07;4;16784
11791;36;2021-03-08;126;16910
11792;36;2021-03-09;70;16980
11793;36;2021-03-10;56;17036
11794;36;2021-03-11;104;17140
11795;36;2021-03-12;86;17226
11796;36;2021-03-13;68;17294
11797;36;2021-03-14;2;17296
11798;36;2021-03-15;142;17438
11799;36;2021-03-16;126;17564
11800;36;2021-03-17;138;17702
11801;36;2021-03-18;94;17796
11802;36;2021-03-19;102;17898
11803;36;2021-03-20;90;17988
11804;36;2021-03-21;4;17992
11805;36;2021-03-22;132;18124
11806;36;2021-03-23;186;18310
11807;36;2021-03-24;122;18432
11808;36;2021-03-25;162;18594
11809;36;2021-03-26;126;18720
11810;36;2021-03-27;88;18808
11811;36;2021-03-28;12;18820
11812;36;2021-03-29;142;18962
11813;36;2021-03-30;130;19092
11814;36;2021-03-31;172;19264
11815;36;2021-04-01;204;19468
11816;36;2021-04-02;152;19620
11817;36;2021-04-03;98;19718
11818;36;2021-04-04;14;19732
11819;36;2021-04-05;16;19748
11820;36;2021-04-06;226;19974
11821;36;2021-04-07;174;20148
11822;36;2021-04-08;184;20332
11823;36;2021-04-09;130;20462
11824;36;2021-04-10;106;20568
11825;36;2021-04-11;4;20572
11826;36;2021-04-12;192;20764
11827;36;2021-04-13;136;20900
11828;36;2021-04-14;130;21030
11829;36;2021-04-15;154;21184
11830;37;2020-05-13;14;14
11831;37;2020-05-14;10;24
11832;37;2020-05-15;16;40
11833;37;2020-05-16;2;42
11834;37;2020-05-17;4;46
11835;37;2020-05-18;22;68
11836;37;2020-05-19;18;86
11837;37;2020-05-20;32;118
11838;37;2020-05-21;2;120
11839;37;2020-05-22;10;130
11840;37;2020-05-23;4;134
11841;37;2020-05-24;4;138
11842;37;2020-05-25;6;144
11843;37;2020-05-26;6;150
11844;37;2020-05-27;4;154
11845;37;2020-05-28;10;164
11846;37;2020-05-29;4;168
11847;37;2020-05-30;2;170
11848;37;2020-05-31;2;172
11849;37;2020-06-01;0;172
11850;37;2020-06-02;2;174
11851;37;2020-06-03;2;176
11852;37;2020-06-04;4;180
11853;37;2020-06-05;8;188
11854;37;2020-06-06;2;190
11855;37;2020-06-07;0;190
11856;37;2020-06-08;4;194
11857;37;2020-06-09;2;196
11858;37;2020-06-10;0;196
11859;37;2020-06-11;0;196
11860;37;2020-06-12;8;204
11861;37;2020-06-13;2;206
11862;37;2020-06-14;0;206
11863;37;2020-06-15;2;208
11864;37;2020-06-16;6;214
11865;37;2020-06-17;4;218
11866;37;2020-06-18;2;220
11867;37;2020-06-19;2;222
11868;37;2020-06-20;0;222
11869;37;2020-06-21;0;222
11870;37;2020-06-22;2;224
11871;37;2020-06-23;0;224
11872;37;2020-06-24;0;224
11873;37;2020-06-25;0;224
11874;37;2020-06-26;4;228
11875;37;2020-06-27;8;236
11876;37;2020-06-28;2;238
11877;37;2020-06-29;4;242
11878;37;2020-06-30;1;243
11879;37;2020-07-01;0;243
11880;37;2020-07-02;6;249
11881;37;2020-07-03;0;249
11882;37;2020-07-04;0;249
11883;37;2020-07-05;0;249
11884;37;2020-07-06;8;257
11885;37;2020-07-07;2;259
11886;37;2020-07-08;2;261
11887;37;2020-07-09;0;261
11888;37;2020-07-10;8;269
11889;37;2020-07-11;0;269
11890;37;2020-07-12;2;271
11891;37;2020-07-13;8;279
11892;37;2020-07-14;0;279
11893;37;2020-07-15;0;279
11894;37;2020-07-16;6;285
11895;37;2020-07-17;12;297
11896;37;2020-07-18;6;303
11897;37;2020-07-19;2;305
11898;37;2020-07-20;16;321
11899;37;2020-07-21;6;327
11900;37;2020-07-22;24;351
11901;37;2020-07-23;26;377
11902;37;2020-07-24;28;405
11903;37;2020-07-25;14;419
11904;37;2020-07-26;4;423
11905;37;2020-07-27;16;439
11906;37;2020-07-28;22;461
11907;37;2020-07-29;16;477
11908;37;2020-07-30;24;501
11909;37;2020-07-31;26;527
11910;37;2020-08-01;4;531
11911;37;2020-08-02;2;533
11912;37;2020-08-03;22;555
11913;37;2020-08-04;12;567
11914;37;2020-08-05;4;571
11915;37;2020-08-06;20;591
11916;37;2020-08-07;22;613
11917;37;2020-08-08;10;623
11918;37;2020-08-09;2;625
11919;37;2020-08-10;16;641
11920;37;2020-08-11;16;657
11921;37;2020-08-12;32;689
11922;37;2020-08-13;34;723
11923;37;2020-08-14;68;791
11924;37;2020-08-15;4;795
11925;37;2020-08-16;10;805
11926;37;2020-08-17;66;871
11927;37;2020-08-18;68;939
11928;37;2020-08-19;28;967
11929;37;2020-08-20;84;1051
11930;37;2020-08-21;62;1113
11931;37;2020-08-22;28;1141
11932;37;2020-08-23;12;1153
11933;37;2020-08-24;58;1211
11934;37;2020-08-25;64;1275
11935;37;2020-08-26;80;1355
11936;37;2020-08-27;66;1421
11937;37;2020-08-28;94;1515
11938;37;2020-08-29;40;1555
11939;37;2020-08-30;12;1567
11940;37;2020-08-31;72;1639
11941;37;2020-09-01;96;1735
11942;37;2020-09-02;110;1845
11943;37;2020-09-03;96;1941
11944;37;2020-09-04;142;2083
11945;37;2020-09-05;40;2123
11946;37;2020-09-06;14;2137
11947;37;2020-09-07;108;2245
11948;37;2020-09-08;166;2411
11949;37;2020-09-09;148;2559
11950;37;2020-09-10;136;2695
11951;37;2020-09-11;186;2881
11952;37;2020-09-12;80;2961
11953;37;2020-09-13;20;2981
11954;37;2020-09-14;234;3215
11955;37;2020-09-15;190;3405
11956;37;2020-09-16;214;3619
11957;37;2020-09-17;210;3829
11958;37;2020-09-18;182;4011
11959;37;2020-09-19;78;4089
11960;37;2020-09-20;14;4103
11961;37;2020-09-21;254;4357
11962;37;2020-09-22;204;4561
11963;37;2020-09-23;144;4705
11964;37;2020-09-24;104;4809
11965;37;2020-09-25;154;4963
11966;37;2020-09-26;34;4997
11967;37;2020-09-27;2;4999
11968;37;2020-09-28;194;5193
11969;37;2020-09-29;156;5349
11970;37;2020-09-30;152;5501
11971;37;2020-10-01;184;5685
11972;37;2020-10-02;224;5909
11973;37;2020-10-03;80;5989
11974;37;2020-10-04;26;6015
11975;37;2020-10-05;268;6283
11976;37;2020-10-06;264;6547
11977;37;2020-10-07;212;6759
11978;37;2020-10-08;284;7043
11979;37;2020-10-09;282;7325
11980;37;2020-10-10;192;7517
11981;37;2020-10-11;26;7543
11982;37;2020-10-12;408;7951
11983;37;2020-10-13;406;8357
11984;37;2020-10-14;364;8721
11985;37;2020-10-15;346;9067
11986;37;2020-10-16;438;9505
11987;37;2020-10-17;252;9757
11988;37;2020-10-18;62;9819
11989;37;2020-10-19;624;10443
11990;37;2020-10-20;702;11145
11991;37;2020-10-21;652;11797
11992;37;2020-10-22;780;12577
11993;37;2020-10-23;720;13297
11994;37;2020-10-24;406;13703
11995;37;2020-10-25;50;13753
11996;37;2020-10-26;1008;14761
11997;37;2020-10-27;880;15641
11998;37;2020-10-28;776;16417
11999;37;2020-10-29;794;17211
12000;37;2020-10-30;820;18031
12001;37;2020-10-31;498;18529
12002;37;2020-11-01;80;18609
12003;37;2020-11-02;902;19511
12004;37;2020-11-03;830;20341
12005;37;2020-11-04;700;21041
12006;37;2020-11-05;614;21655
12007;37;2020-11-06;500;22155
12008;37;2020-11-07;262;22417
12009;37;2020-11-08;64;22481
12010;37;2020-11-09;586;23067
12011;37;2020-11-10;492;23559
12012;37;2020-11-11;68;23627
12013;37;2020-11-12;626;24253
12014;37;2020-11-13;332;24585
12015;37;2020-11-14;124;24709
12016;37;2020-11-15;26;24735
12017;37;2020-11-16;382;25117
12018;37;2020-11-17;236;25353
12019;37;2020-11-18;214;25567
12020;37;2020-11-19;190;25757
12021;37;2020-11-20;172;25929
12022;37;2020-11-21;76;26005
12023;37;2020-11-22;10;26015
12024;37;2020-11-23;184;26199
12025;37;2020-11-24;190;26389
12026;37;2020-11-25;140;26529
12027;37;2020-11-26;108;26637
12028;37;2020-11-27;176;26813
12029;37;2020-11-28;72;26885
12030;37;2020-11-29;14;26899
12031;37;2020-11-30;230;27129
12032;37;2020-12-01;144;27273
12033;37;2020-12-02;112;27385
12034;37;2020-12-03;130;27515
12035;37;2020-12-04;160;27675
12036;37;2020-12-05;114;27789
12037;37;2020-12-06;32;27821
12038;37;2020-12-07;222;28043
12039;37;2020-12-08;154;28197
12040;37;2020-12-09;120;28317
12041;37;2020-12-10;186;28503
12042;37;2020-12-11;126;28629
12043;37;2020-12-12;112;28741
12044;37;2020-12-13;12;28753
12045;37;2020-12-14;244;28997
12046;37;2020-12-15;194;29191
12047;37;2020-12-16;290;29481
12048;37;2020-12-17;176;29657
12049;37;2020-12-18;196;29853
12050;37;2020-12-19;118;29971
12051;37;2020-12-20;40;30011
12052;37;2020-12-21;216;30227
12053;37;2020-12-22;256;30483
12054;37;2020-12-23;276;30759
12055;37;2020-12-24;132;30891
12056;37;2020-12-25;24;30915
12057;37;2020-12-26;88;31003
12058;37;2020-12-27;30;31033
12059;37;2020-12-28;308;31341
12060;37;2020-12-29;220;31561
12061;37;2020-12-30;228;31789
12062;37;2020-12-31;230;32019
12063;37;2021-01-01;18;32037
12064;37;2021-01-02;148;32185
12065;37;2021-01-03;28;32213
12066;37;2021-01-04;356;32569
12067;37;2021-01-05;402;32971
12068;37;2021-01-06;298;33269
12069;37;2021-01-07;326;33595
12070;37;2021-01-08;320;33915
12071;37;2021-01-09;184;34099
12072;37;2021-01-10;34;34133
12073;37;2021-01-11;500;34633
12074;37;2021-01-12;359;34992
12075;37;2021-01-13;274;35266
12076;37;2021-01-14;374;35640
12077;37;2021-01-15;416;36056
12078;37;2021-01-16;200;36256
12079;37;2021-01-17;18;36274
12080;37;2021-01-18;520;36794
12081;37;2021-01-19;380;37174
12082;37;2021-01-20;352;37526
12083;37;2021-01-21;342;37868
12084;37;2021-01-22;371;38239
12085;37;2021-01-23;216;38455
12086;37;2021-01-24;18;38473
12087;37;2021-01-25;608;39081
12088;37;2021-01-26;452;39533
12089;37;2021-01-27;400;39933
12090;37;2021-01-28;398;40331
12091;37;2021-01-29;422;40753
12092;37;2021-01-30;212;40965
12093;37;2021-01-31;24;40989
12094;37;2021-02-01;498;41487
12095;37;2021-02-02;360;41847
12096;37;2021-02-03;362;42209
12097;37;2021-02-04;372;42581
12098;37;2021-02-05;406;42987
12099;37;2021-02-06;212;43199
12100;37;2021-02-07;38;43237
12101;37;2021-02-08;450;43687
12102;37;2021-02-09;326;44013
12103;37;2021-02-10;300;44313
12104;37;2021-02-11;272;44585
12105;37;2021-02-12;330;44915
12106;37;2021-02-13;192;45107
12107;37;2021-02-14;26;45133
12108;37;2021-02-15;398;45531
12109;37;2021-02-16;288;45819
12110;37;2021-02-17;364;46183
12111;37;2021-02-18;316;46499
12112;37;2021-02-19;366;46865
12113;37;2021-02-20;180;47045
12114;37;2021-02-21;20;47065
12115;37;2021-02-22;538;47603
12116;37;2021-02-23;468;48071
12117;37;2021-02-24;362;48433
12118;37;2021-02-25;424;48857
12119;37;2021-02-26;370;49227
12120;37;2021-02-27;208;49435
12121;37;2021-02-28;22;49457
12122;37;2021-03-01;486;49943
12123;37;2021-03-02;394;50337
12124;37;2021-03-03;328;50665
12125;37;2021-03-04;418;51083
12126;37;2021-03-05;422;51505
12127;37;2021-03-06;262;51767
12128;37;2021-03-07;44;51811
12129;37;2021-03-08;688;52499
12130;37;2021-03-09;416;52915
12131;37;2021-03-10;396;53311
12132;37;2021-03-11;452;53763
12133;37;2021-03-12;493;54256
12134;37;2021-03-13;274;54530
12135;37;2021-03-14;28;54558
12136;37;2021-03-15;620;55178
12137;37;2021-03-16;628;55806
12138;37;2021-03-17;592;56398
12139;37;2021-03-18;596;56994
12140;37;2021-03-19;606;57600
12141;37;2021-03-20;334;57934
12142;37;2021-03-21;34;57968
12143;37;2021-03-22;660;58628
12144;37;2021-03-23;636;59264
12145;37;2021-03-24;590;59854
12146;37;2021-03-25;692;60546
12147;37;2021-03-26;780;61326
12148;37;2021-03-27;388;61714
12149;37;2021-03-28;62;61776
12150;37;2021-03-29;966;62742
12151;37;2021-03-30;814;63556
12152;37;2021-03-31;702;64258
12153;37;2021-04-01;696;64954
12154;37;2021-04-02;814;65768
12155;37;2021-04-03;496;66264
12156;37;2021-04-04;52;66316
12157;37;2021-04-05;154;66470
12158;37;2021-04-06;892;67362
12159;37;2021-04-07;748;68110
12160;37;2021-04-08;802;68912
12161;37;2021-04-09;742;69654
12162;37;2021-04-10;534;70188
12163;37;2021-04-11;44;70232
12164;37;2021-04-12;1058;71290
12165;37;2021-04-13;654;71944
12166;37;2021-04-14;606;72550
12167;37;2021-04-15;626;73176
12168;38;2020-05-13;10;10
12169;38;2020-05-14;24;34
12170;38;2020-05-15;10;44
12171;38;2020-05-16;4;48
12172;38;2020-05-17;2;50
12173;38;2020-05-18;12;62
12174;38;2020-05-19;20;82
12175;38;2020-05-20;16;98
12176;38;2020-05-21;0;98
12177;38;2020-05-22;10;108
12178;38;2020-05-23;4;112
12179;38;2020-05-24;2;114
12180;38;2020-05-25;12;126
12181;38;2020-05-26;16;142
12182;38;2020-05-27;10;152
12183;38;2020-05-28;20;172
12184;38;2020-05-29;26;198
12185;38;2020-05-30;4;202
12186;38;2020-05-31;0;202
12187;38;2020-06-01;4;206
12188;38;2020-06-02;6;212
12189;38;2020-06-03;6;218
12190;38;2020-06-04;6;224
12191;38;2020-06-05;2;226
12192;38;2020-06-06;6;232
12193;38;2020-06-07;0;232
12194;38;2020-06-08;16;248
12195;38;2020-06-09;6;254
12196;38;2020-06-10;14;268
12197;38;2020-06-11;12;280
12198;38;2020-06-12;4;284
12199;38;2020-06-13;2;286
12200;38;2020-06-14;4;290
12201;38;2020-06-15;4;294
12202;38;2020-06-16;4;298
12203;38;2020-06-17;6;304
12204;38;2020-06-18;2;306
12205;38;2020-06-19;12;318
12206;38;2020-06-20;2;320
12207;38;2020-06-21;0;320
12208;38;2020-06-22;4;324
12209;38;2020-06-23;6;330
12210;38;2020-06-24;4;334
12211;38;2020-06-25;0;334
12212;38;2020-06-26;8;342
12213;38;2020-06-27;0;342
12214;38;2020-06-28;0;342
12215;38;2020-06-29;4;346
12216;38;2020-06-30;8;354
12217;38;2020-07-01;0;354
12218;38;2020-07-02;8;362
12219;38;2020-07-03;4;366
12220;38;2020-07-04;8;374
12221;38;2020-07-05;2;376
12222;38;2020-07-06;6;382
12223;38;2020-07-07;2;384
12224;38;2020-07-08;18;402
12225;38;2020-07-09;10;412
12226;38;2020-07-10;20;432
12227;38;2020-07-11;8;440
12228;38;2020-07-12;2;442
12229;38;2020-07-13;28;470
12230;38;2020-07-14;0;470
12231;38;2020-07-15;22;492
12232;38;2020-07-16;12;504
12233;38;2020-07-17;12;516
12234;38;2020-07-18;8;524
12235;38;2020-07-19;2;526
12236;38;2020-07-20;26;552
12237;38;2020-07-21;20;572
12238;38;2020-07-22;18;590
12239;38;2020-07-23;22;612
12240;38;2020-07-24;16;628
12241;38;2020-07-25;4;632
12242;38;2020-07-26;8;640
12243;38;2020-07-27;42;682
12244;38;2020-07-28;18;700
12245;38;2020-07-29;26;726
12246;38;2020-07-30;14;740
12247;38;2020-07-31;16;756
12248;38;2020-08-01;8;764
12249;38;2020-08-02;2;766
12250;38;2020-08-03;42;808
12251;38;2020-08-04;42;850
12252;38;2020-08-05;24;874
12253;38;2020-08-06;18;892
12254;38;2020-08-07;58;950
12255;38;2020-08-08;12;962
12256;38;2020-08-09;6;968
12257;38;2020-08-10;36;1004
12258;38;2020-08-11;32;1036
12259;38;2020-08-12;80;1116
12260;38;2020-08-13;72;1188
12261;38;2020-08-14;90;1278
12262;38;2020-08-15;10;1288
12263;38;2020-08-16;14;1302
12264;38;2020-08-17;144;1446
12265;38;2020-08-18;146;1592
12266;38;2020-08-19;134;1726
12267;38;2020-08-20;136;1862
12268;38;2020-08-21;154;2016
12269;38;2020-08-22;42;2058
12270;38;2020-08-23;12;2070
12271;38;2020-08-24;160;2230
12272;38;2020-08-25;174;2404
12273;38;2020-08-26;220;2624
12274;38;2020-08-27;160;2784
12275;38;2020-08-28;172;2956
12276;38;2020-08-29;80;3036
12277;38;2020-08-30;28;3064
12278;38;2020-08-31;248;3312
12279;38;2020-09-01;326;3638
12280;38;2020-09-02;328;3966
12281;38;2020-09-03;370;4336
12282;38;2020-09-04;392;4728
12283;38;2020-09-05;148;4876
12284;38;2020-09-06;44;4920
12285;38;2020-09-07;448;5368
12286;38;2020-09-08;590;5958
12287;38;2020-09-09;518;6476
12288;38;2020-09-10;420;6896
12289;38;2020-09-11;434;7330
12290;38;2020-09-12;150;7480
12291;38;2020-09-13;26;7506
12292;38;2020-09-14;582;8088
12293;38;2020-09-15;562;8650
12294;38;2020-09-16;632;9282
12295;38;2020-09-17;632;9914
12296;38;2020-09-18;648;10562
12297;38;2020-09-19;220;10782
12298;38;2020-09-20;48;10830
12299;38;2020-09-21;738;11568
12300;38;2020-09-22;772;12340
12301;38;2020-09-23;704;13044
12302;38;2020-09-24;762;13806
12303;38;2020-09-25;802;14608
12304;38;2020-09-26;246;14854
12305;38;2020-09-27;34;14888
12306;38;2020-09-28;780;15668
12307;38;2020-09-29;834;16502
12308;38;2020-09-30;822;17324
12309;38;2020-10-01;891;18215
12310;38;2020-10-02;993;19208
12311;38;2020-10-03;338;19546
12312;38;2020-10-04;31;19577
12313;38;2020-10-05;1214;20791
12314;38;2020-10-06;1312;22103
12315;38;2020-10-07;1406;23509
12316;38;2020-10-08;1500;25009
12317;38;2020-10-09;1502;26511
12318;38;2020-10-10;500;27011
12319;38;2020-10-11;92;27103
12320;38;2020-10-12;1878;28981
12321;38;2020-10-13;2078;31059
12322;38;2020-10-14;2054;33113
12323;38;2020-10-15;2224;35337
12324;38;2020-10-16;2476;37813
12325;38;2020-10-17;779;38592
12326;38;2020-10-18;208;38800
12327;38;2020-10-19;2944;41744
12328;38;2020-10-20;3064;44808
12329;38;2020-10-21;3400;48208
12330;38;2020-10-22;3678;51886
12331;38;2020-10-23;3756;55642
12332;38;2020-10-24;1280;56922
12333;38;2020-10-25;224;57146
12334;38;2020-10-26;4217;61363
12335;38;2020-10-27;4402;65765
12336;38;2020-10-28;4132;69897
12337;38;2020-10-29;4148;74045
12338;38;2020-10-30;4212;78257
12339;38;2020-10-31;1558;79815
12340;38;2020-11-01;198;80013
12341;38;2020-11-02;4808;84821
12342;38;2020-11-03;4536;89357
12343;38;2020-11-04;4058;93415
12344;38;2020-11-05;3728;97143
12345;38;2020-11-06;3507;100650
12346;38;2020-11-07;1066;101716
12347;38;2020-11-08;174;101890
12348;38;2020-11-09;3504;105394
12349;38;2020-11-10;3082;108476
12350;38;2020-11-11;282;108758
12351;38;2020-11-12;2715;111473
12352;38;2020-11-13;2421;113894
12353;38;2020-11-14;710;114604
12354;38;2020-11-15;104;114708
12355;38;2020-11-16;2272;116980
12356;38;2020-11-17;1762;118742
12357;38;2020-11-18;1210;119952
12358;38;2020-11-19;1334;121286
12359;38;2020-11-20;1107;122393
12360;38;2020-11-21;422;122815
12361;38;2020-11-22;92;122907
12362;38;2020-11-23;1284;124191
12363;38;2020-11-24;976;125167
12364;38;2020-11-25;748;125915
12365;38;2020-11-26;750;126665
12366;38;2020-11-27;836;127501
12367;38;2020-11-28;298;127799
12368;38;2020-11-29;96;127895
12369;38;2020-11-30;938;128833
12370;38;2020-12-01;812;129645
12371;38;2020-12-02;668;130313
12372;38;2020-12-03;712;131025
12373;38;2020-12-04;762;131787
12374;38;2020-12-05;330;132117
12375;38;2020-12-06;54;132171
12376;38;2020-12-07;1098;133269
12377;38;2020-12-08;940;134209
12378;38;2020-12-09;888;135097
12379;38;2020-12-10;840;135937
12380;38;2020-12-11;898;136835
12381;38;2020-12-12;362;137197
12382;38;2020-12-13;92;137289
12383;38;2020-12-14;1228;138517
12384;38;2020-12-15;1035;139552
12385;38;2020-12-16;992;140544
12386;38;2020-12-17;1012;141556
12387;38;2020-12-18;1132;142688
12388;38;2020-12-19;756;143444
12389;38;2020-12-20;643;144087
12390;38;2020-12-21;1136;145223
12391;38;2020-12-22;968;146191
12392;38;2020-12-23;788;146979
12393;38;2020-12-24;634;147613
12394;38;2020-12-25;81;147694
12395;38;2020-12-26;410;148104
12396;38;2020-12-27;104;148208
12397;38;2020-12-28;1052;149260
12398;38;2020-12-29;881;150141
12399;38;2020-12-30;1014;151155
12400;38;2020-12-31;824;151979
12401;38;2021-01-01;62;152041
12402;38;2021-01-02;532;152573
12403;38;2021-01-03;92;152665
12404;38;2021-01-04;1362;154027
12405;38;2021-01-05;1124;155151
12406;38;2021-01-06;918;156069
12407;38;2021-01-07;898;156967
12408;38;2021-01-08;888;157855
12409;38;2021-01-09;442;158297
12410;38;2021-01-10;88;158385
12411;38;2021-01-11;1166;159551
12412;38;2021-01-12;747;160298
12413;38;2021-01-13;764;161062
12414;38;2021-01-14;748;161810
12415;38;2021-01-15;916;162726
12416;38;2021-01-16;498;163224
12417;38;2021-01-17;84;163308
12418;38;2021-01-18;1208;164516
12419;38;2021-01-19;922;165438
12420;38;2021-01-20;976;166414
12421;38;2021-01-21;918;167332
12422;38;2021-01-22;972;168304
12423;38;2021-01-23;508;168812
12424;38;2021-01-24;98;168910
12425;38;2021-01-25;1254;170164
12426;38;2021-01-26;920;171084
12427;38;2021-01-27;848;171932
12428;38;2021-01-28;906;172838
12429;38;2021-01-29;1040;173878
12430;38;2021-01-30;440;174318
12431;38;2021-01-31;130;174448
12432;38;2021-02-01;1246;175694
12433;38;2021-02-02;852;176546
12434;38;2021-02-03;722;177268
12435;38;2021-02-04;822;178090
12436;38;2021-02-05;822;178912
12437;38;2021-02-06;438;179350
12438;38;2021-02-07;104;179454
12439;38;2021-02-08;1028;180482
12440;38;2021-02-09;834;181316
12441;38;2021-02-10;832;182148
12442;38;2021-02-11;780;182928
12443;38;2021-02-12;677;183605
12444;38;2021-02-13;266;183871
12445;38;2021-02-14;78;183949
12446;38;2021-02-15;978;184927
12447;38;2021-02-16;704;185631
12448;38;2021-02-17;735;186366
12449;38;2021-02-18;730;187096
12450;38;2021-02-19;818;187914
12451;38;2021-02-20;388;188302
12452;38;2021-02-21;106;188408
12453;38;2021-02-22;1106;189514
12454;38;2021-02-23;1004;190518
12455;38;2021-02-24;840;191358
12456;38;2021-02-25;814;192172
12457;38;2021-02-26;914;193086
12458;38;2021-02-27;424;193510
12459;38;2021-02-28;60;193570
12460;38;2021-03-01;1054;194624
12461;38;2021-03-02;828;195452
12462;38;2021-03-03;724;196176
12463;38;2021-03-04;864;197040
12464;38;2021-03-05;858;197898
12465;38;2021-03-06;376;198274
12466;38;2021-03-07;100;198374
12467;38;2021-03-08;954;199328
12468;38;2021-03-09;870;200198
12469;38;2021-03-10;826;201024
12470;38;2021-03-11;958;201982
12471;38;2021-03-12;1056;203038
12472;38;2021-03-13;598;203636
12473;38;2021-03-14;104;203740
12474;38;2021-03-15;1504;205244
12475;38;2021-03-16;1117;206361
12476;38;2021-03-17;900;207261
12477;38;2021-03-18;1042;208303
12478;38;2021-03-19;1168;209471
12479;38;2021-03-20;652;210123
12480;38;2021-03-21;150;210273
12481;38;2021-03-22;1674;211947
12482;38;2021-03-23;1452;213399
12483;38;2021-03-24;1420;214819
12484;38;2021-03-25;1556;216375
12485;38;2021-03-26;1650;218025
12486;38;2021-03-27;958;218983
12487;38;2021-03-28;178;219161
12488;38;2021-03-29;2220;221381
12489;38;2021-03-30;2004;223385
12490;38;2021-03-31;1671;225056
12491;38;2021-04-01;1684;226740
12492;38;2021-04-02;1690;228430
12493;38;2021-04-03;792;229222
12494;38;2021-04-04;170;229392
12495;38;2021-04-05;322;229714
12496;38;2021-04-06;2150;231864
12497;38;2021-04-07;1480;233344
12498;38;2021-04-08;1364;234708
12499;38;2021-04-09;1528;236236
12500;38;2021-04-10;774;237010
12501;38;2021-04-11;176;237186
12502;38;2021-04-12;1828;239014
12503;38;2021-04-13;1499;240513
12504;38;2021-04-14;1190;241703
12505;38;2021-04-15;1202;242905
12506;39;2020-05-13;0;0
12507;39;2020-05-14;0;0
12508;39;2020-05-15;12;12
12509;39;2020-05-16;0;12
12510;39;2020-05-17;2;14
12511;39;2020-05-18;0;14
12512;39;2020-05-19;2;16
12513;39;2020-05-20;4;20
12514;39;2020-05-21;4;24
12515;39;2020-05-22;14;38
12516;39;2020-05-23;0;38
12517;39;2020-05-24;0;38
12518;39;2020-05-25;6;44
12519;39;2020-05-26;0;44
12520;39;2020-05-27;0;44
12521;39;2020-05-28;0;44
12522;39;2020-05-29;0;44
12523;39;2020-05-30;0;44
12524;39;2020-05-31;0;44
12525;39;2020-06-01;0;44
12526;39;2020-06-02;0;44
12527;39;2020-06-03;0;44
12528;39;2020-06-04;2;46
12529;39;2020-06-05;0;46
12530;39;2020-06-06;0;46
12531;39;2020-06-07;0;46
12532;39;2020-06-08;2;48
12533;39;2020-06-09;2;50
12534;39;2020-06-10;2;52
12535;39;2020-06-11;2;54
12536;39;2020-06-12;0;54
12537;39;2020-06-13;0;54
12538;39;2020-06-14;0;54
12539;39;2020-06-15;0;54
12540;39;2020-06-16;6;60
12541;39;2020-06-17;4;64
12542;39;2020-06-18;0;64
12543;39;2020-06-19;0;64
12544;39;2020-06-20;0;64
12545;39;2020-06-21;0;64
12546;39;2020-06-22;4;68
12547;39;2020-06-23;4;72
12548;39;2020-06-24;0;72
12549;39;2020-06-25;2;74
12550;39;2020-06-26;2;76
12551;39;2020-06-27;0;76
12552;39;2020-06-28;4;80
12553;39;2020-06-29;4;84
12554;39;2020-06-30;0;84
12555;39;2020-07-01;4;88
12556;39;2020-07-02;2;90
12557;39;2020-07-03;2;92
12558;39;2020-07-04;2;94
12559;39;2020-07-05;2;96
12560;39;2020-07-06;0;96
12561;39;2020-07-07;2;98
12562;39;2020-07-08;4;102
12563;39;2020-07-09;2;104
12564;39;2020-07-10;12;116
12565;39;2020-07-11;0;116
12566;39;2020-07-12;0;116
12567;39;2020-07-13;6;122
12568;39;2020-07-14;0;122
12569;39;2020-07-15;0;122
12570;39;2020-07-16;2;124
12571;39;2020-07-17;14;138
12572;39;2020-07-18;4;142
12573;39;2020-07-19;8;150
12574;39;2020-07-20;6;156
12575;39;2020-07-21;4;160
12576;39;2020-07-22;0;160
12577;39;2020-07-23;8;168
12578;39;2020-07-24;12;180
12579;39;2020-07-25;2;182
12580;39;2020-07-26;2;184
12581;39;2020-07-27;6;190
12582;39;2020-07-28;0;190
12583;39;2020-07-29;4;194
12584;39;2020-07-30;0;194
12585;39;2020-07-31;0;194
12586;39;2020-08-01;2;196
12587;39;2020-08-02;0;196
12588;39;2020-08-03;2;198
12589;39;2020-08-04;2;200
12590;39;2020-08-05;4;204
12591;39;2020-08-06;2;206
12592;39;2020-08-07;12;218
12593;39;2020-08-08;6;224
12594;39;2020-08-09;0;224
12595;39;2020-08-10;4;228
12596;39;2020-08-11;4;232
12597;39;2020-08-12;6;238
12598;39;2020-08-13;4;242
12599;39;2020-08-14;12;254
12600;39;2020-08-15;2;256
12601;39;2020-08-16;4;260
12602;39;2020-08-17;10;270
12603;39;2020-08-18;14;284
12604;39;2020-08-19;6;290
12605;39;2020-08-20;14;304
12606;39;2020-08-21;14;318
12607;39;2020-08-22;8;326
12608;39;2020-08-23;0;326
12609;39;2020-08-24;12;338
12610;39;2020-08-25;10;348
12611;39;2020-08-26;14;362
12612;39;2020-08-27;18;380
12613;39;2020-08-28;24;404
12614;39;2020-08-29;14;418
12615;39;2020-08-30;2;420
12616;39;2020-08-31;12;432
12617;39;2020-09-01;36;468
12618;39;2020-09-02;14;482
12619;39;2020-09-03;10;492
12620;39;2020-09-04;34;526
12621;39;2020-09-05;12;538
12622;39;2020-09-06;6;544
12623;39;2020-09-07;12;556
12624;39;2020-09-08;32;588
12625;39;2020-09-09;20;608
12626;39;2020-09-10;16;624
12627;39;2020-09-11;26;650
12628;39;2020-09-12;32;682
12629;39;2020-09-13;12;694
12630;39;2020-09-14;28;722
12631;39;2020-09-15;20;742
12632;39;2020-09-16;36;778
12633;39;2020-09-17;32;810
12634;39;2020-09-18;28;838
12635;39;2020-09-19;8;846
12636;39;2020-09-20;2;848
12637;39;2020-09-21;44;892
12638;39;2020-09-22;52;944
12639;39;2020-09-23;40;984
12640;39;2020-09-24;52;1036
12641;39;2020-09-25;38;1074
12642;39;2020-09-26;24;1098
12643;39;2020-09-27;4;1102
12644;39;2020-09-28;36;1138
12645;39;2020-09-29;42;1180
12646;39;2020-09-30;30;1210
12647;39;2020-10-01;46;1256
12648;39;2020-10-02;58;1314
12649;39;2020-10-03;56;1370
12650;39;2020-10-04;0;1370
12651;39;2020-10-05;40;1410
12652;39;2020-10-06;64;1474
12653;39;2020-10-07;72;1546
12654;39;2020-10-08;72;1618
12655;39;2020-10-09;152;1770
12656;39;2020-10-10;78;1848
12657;39;2020-10-11;10;1858
12658;39;2020-10-12;138;1996
12659;39;2020-10-13;210;2206
12660;39;2020-10-14;220;2426
12661;39;2020-10-15;234;2660
12662;39;2020-10-16;304;2964
12663;39;2020-10-17;142;3106
12664;39;2020-10-18;28;3134
12665;39;2020-10-19;352;3486
12666;39;2020-10-20;524;4010
12667;39;2020-10-21;514;4524
12668;39;2020-10-22;536;5060
12669;39;2020-10-23;620;5680
12670;39;2020-10-24;330;6010
12671;39;2020-10-25;82;6092
12672;39;2020-10-26;610;6702
12673;39;2020-10-27;700;7402
12674;39;2020-10-28;580;7982
12675;39;2020-10-29;754;8736
12676;39;2020-10-30;592;9328
12677;39;2020-10-31;422;9750
12678;39;2020-11-01;80;9830
12679;39;2020-11-02;760;10590
12680;39;2020-11-03;630;11220
12681;39;2020-11-04;652;11872
12682;39;2020-11-05;546;12418
12683;39;2020-11-06;582;13000
12684;39;2020-11-07;228;13228
12685;39;2020-11-08;68;13296
12686;39;2020-11-09;548;13844
12687;39;2020-11-10;478;14322
12688;39;2020-11-11;78;14400
12689;39;2020-11-12;392;14792
12690;39;2020-11-13;404;15196
12691;39;2020-11-14;164;15360
12692;39;2020-11-15;20;15380
12693;39;2020-11-16;328;15708
12694;39;2020-11-17;228;15936
12695;39;2020-11-18;224;16160
12696;39;2020-11-19;194;16354
12697;39;2020-11-20;176;16530
12698;39;2020-11-21;94;16624
12699;39;2020-11-22;20;16644
12700;39;2020-11-23;192;16836
12701;39;2020-11-24;146;16982
12702;39;2020-11-25;166;17148
12703;39;2020-11-26;170;17318
12704;39;2020-11-27;206;17524
12705;39;2020-11-28;128;17652
12706;39;2020-11-29;16;17668
12707;39;2020-11-30;192;17860
12708;39;2020-12-01;156;18016
12709;39;2020-12-02;186;18202
12710;39;2020-12-03;132;18334
12711;39;2020-12-04;214;18548
12712;39;2020-12-05;102;18650
12713;39;2020-12-06;26;18676
12714;39;2020-12-07;224;18900
12715;39;2020-12-08;252;19152
12716;39;2020-12-09;206;19358
12717;39;2020-12-10;164;19522
12718;39;2020-12-11;208;19730
12719;39;2020-12-12;110;19840
12720;39;2020-12-13;46;19886
12721;39;2020-12-14;288;20174
12722;39;2020-12-15;314;20488
12723;39;2020-12-16;298;20786
12724;39;2020-12-17;228;21014
12725;39;2020-12-18;236;21250
12726;39;2020-12-19;150;21400
12727;39;2020-12-20;38;21438
12728;39;2020-12-21;338;21776
12729;39;2020-12-22;272;22048
12730;39;2020-12-23;264;22312
12731;39;2020-12-24;246;22558
12732;39;2020-12-25;26;22584
12733;39;2020-12-26;154;22738
12734;39;2020-12-27;22;22760
12735;39;2020-12-28;390;23150
12736;39;2020-12-29;324;23474
12737;39;2020-12-30;364;23838
12738;39;2020-12-31;322;24160
12739;39;2021-01-01;34;24194
12740;39;2021-01-02;256;24450
12741;39;2021-01-03;34;24484
12742;39;2021-01-04;453;24937
12743;39;2021-01-05;374;25311
12744;39;2021-01-06;264;25575
12745;39;2021-01-07;280;25855
12746;39;2021-01-08;280;26135
12747;39;2021-01-09;188;26323
12748;39;2021-01-10;26;26349
12749;39;2021-01-11;356;26705
12750;39;2021-01-12;294;26999
12751;39;2021-01-13;236;27235
12752;39;2021-01-14;290;27525
12753;39;2021-01-15;262;27787
12754;39;2021-01-16;190;27977
12755;39;2021-01-17;12;27989
12756;39;2021-01-18;330;28319
12757;39;2021-01-19;270;28589
12758;39;2021-01-20;254;28843
12759;39;2021-01-21;292;29135
12760;39;2021-01-22;278;29413
12761;39;2021-01-23;154;29567
12762;39;2021-01-24;22;29589
12763;39;2021-01-25;372;29961
12764;39;2021-01-26;249;30210
12765;39;2021-01-27;212;30422
12766;39;2021-01-28;274;30696
12767;39;2021-01-29;254;30950
12768;39;2021-01-30;174;31124
12769;39;2021-01-31;18;31142
12770;39;2021-02-01;394;31536
12771;39;2021-02-02;260;31796
12772;39;2021-02-03;190;31986
12773;39;2021-02-04;204;32190
12774;39;2021-02-05;226;32416
12775;39;2021-02-06;134;32550
12776;39;2021-02-07;28;32578
12777;39;2021-02-08;230;32808
12778;39;2021-02-09;250;33058
12779;39;2021-02-10;182;33240
12780;39;2021-02-11;212;33452
12781;39;2021-02-12;180;33632
12782;39;2021-02-13;122;33754
12783;39;2021-02-14;10;33764
12784;39;2021-02-15;216;33980
12785;39;2021-02-16;224;34204
12786;39;2021-02-17;158;34362
12787;39;2021-02-18;214;34576
12788;39;2021-02-19;176;34752
12789;39;2021-02-20;130;34882
12790;39;2021-02-21;30;34912
12791;39;2021-02-22;258;35170
12792;39;2021-02-23;236;35406
12793;39;2021-02-24;120;35526
12794;39;2021-02-25;160;35686
12795;39;2021-02-26;158;35844
12796;39;2021-02-27;82;35926
12797;39;2021-02-28;10;35936
12798;39;2021-03-01;166;36102
12799;39;2021-03-02;132;36234
12800;39;2021-03-03;102;36336
12801;39;2021-03-04;114;36450
12802;39;2021-03-05;114;36564
12803;39;2021-03-06;84;36648
12804;39;2021-03-07;8;36656
12805;39;2021-03-08;182;36838
12806;39;2021-03-09;114;36952
12807;39;2021-03-10;146;37098
12808;39;2021-03-11;202;37300
12809;39;2021-03-12;182;37482
12810;39;2021-03-13;138;37620
12811;39;2021-03-14;12;37632
12812;39;2021-03-15;274;37906
12813;39;2021-03-16;248;38154
12814;39;2021-03-17;234;38388
12815;39;2021-03-18;196;38584
12816;39;2021-03-19;272;38856
12817;39;2021-03-20;136;38992
12818;39;2021-03-21;12;39004
12819;39;2021-03-22;290;39294
12820;39;2021-03-23;318;39612
12821;39;2021-03-24;270;39882
12822;39;2021-03-25;216;40098
12823;39;2021-03-26;380;40478
12824;39;2021-03-27;200;40678
12825;39;2021-03-28;20;40698
12826;39;2021-03-29;380;41078
12827;39;2021-03-30;336;41414
12828;39;2021-03-31;304;41718
12829;39;2021-04-01;338;42056
12830;39;2021-04-02;332;42388
12831;39;2021-04-03;234;42622
12832;39;2021-04-04;22;42644
12833;39;2021-04-05;32;42676
12834;39;2021-04-06;454;43130
12835;39;2021-04-07;332;43462
12836;39;2021-04-08;298;43760
12837;39;2021-04-09;312;44072
12838;39;2021-04-10;174;44246
12839;39;2021-04-11;32;44278
12840;39;2021-04-12;348;44626
12841;39;2021-04-13;342;44968
12842;39;2021-04-14;198;45166
12843;39;2021-04-15;242;45408
12844;40;2020-05-13;0;0
12845;40;2020-05-14;4;4
12846;40;2020-05-15;0;4
12847;40;2020-05-16;0;4
12848;40;2020-05-17;0;4
12849;40;2020-05-18;6;10
12850;40;2020-05-19;10;20
12851;40;2020-05-20;0;20
12852;40;2020-05-21;0;20
12853;40;2020-05-22;0;20
12854;40;2020-05-23;0;20
12855;40;2020-05-24;0;20
12856;40;2020-05-25;0;20
12857;40;2020-05-26;2;22
12858;40;2020-05-27;0;22
12859;40;2020-05-28;2;24
12860;40;2020-05-29;2;26
12861;40;2020-05-30;0;26
12862;40;2020-05-31;0;26
12863;40;2020-06-01;0;26
12864;40;2020-06-02;4;30
12865;40;2020-06-03;2;32
12866;40;2020-06-04;4;36
12867;40;2020-06-05;0;36
12868;40;2020-06-06;2;38
12869;40;2020-06-07;0;38
12870;40;2020-06-08;0;38
12871;40;2020-06-09;0;38
12872;40;2020-06-10;6;44
12873;40;2020-06-11;0;44
12874;40;2020-06-12;0;44
12875;40;2020-06-13;0;44
12876;40;2020-06-14;2;46
12877;40;2020-06-15;2;48
12878;40;2020-06-16;0;48
12879;40;2020-06-17;2;50
12880;40;2020-06-18;0;50
12881;40;2020-06-19;0;50
12882;40;2020-06-20;0;50
12883;40;2020-06-21;0;50
12884;40;2020-06-22;0;50
12885;40;2020-06-23;4;54
12886;40;2020-06-24;0;54
12887;40;2020-06-25;0;54
12888;40;2020-06-26;10;64
12889;40;2020-06-27;0;64
12890;40;2020-06-28;0;64
12891;40;2020-06-29;0;64
12892;40;2020-06-30;0;64
12893;40;2020-07-01;24;88
12894;40;2020-07-02;8;96
12895;40;2020-07-03;0;96
12896;40;2020-07-04;0;96
12897;40;2020-07-05;2;98
12898;40;2020-07-06;0;98
12899;40;2020-07-07;4;102
12900;40;2020-07-08;6;108
12901;40;2020-07-09;4;112
12902;40;2020-07-10;4;116
12903;40;2020-07-11;0;116
12904;40;2020-07-12;0;116
12905;40;2020-07-13;0;116
12906;40;2020-07-14;0;116
12907;40;2020-07-15;18;134
12908;40;2020-07-16;2;136
12909;40;2020-07-17;10;146
12910;40;2020-07-18;0;146
12911;40;2020-07-19;0;146
12912;40;2020-07-20;0;146
12913;40;2020-07-21;2;148
12914;40;2020-07-22;2;150
12915;40;2020-07-23;2;152
12916;40;2020-07-24;0;152
12917;40;2020-07-25;0;152
12918;40;2020-07-26;0;152
12919;40;2020-07-27;4;156
12920;40;2020-07-28;2;158
12921;40;2020-07-29;0;158
12922;40;2020-07-30;0;158
12923;40;2020-07-31;4;162
12924;40;2020-08-01;0;162
12925;40;2020-08-02;0;162
12926;40;2020-08-03;2;164
12927;40;2020-08-04;0;164
12928;40;2020-08-05;4;168
12929;40;2020-08-06;10;178
12930;40;2020-08-07;8;186
12931;40;2020-08-08;2;188
12932;40;2020-08-09;0;188
12933;40;2020-08-10;4;192
12934;40;2020-08-11;10;202
12935;40;2020-08-12;12;214
12936;40;2020-08-13;6;220
12937;40;2020-08-14;6;226
12938;40;2020-08-15;0;226
12939;40;2020-08-16;2;228
12940;40;2020-08-17;10;238
12941;40;2020-08-18;16;254
12942;40;2020-08-19;34;288
12943;40;2020-08-20;16;304
12944;40;2020-08-21;26;330
12945;40;2020-08-22;4;334
12946;40;2020-08-23;2;336
12947;40;2020-08-24;26;362
12948;40;2020-08-25;26;388
12949;40;2020-08-26;48;436
12950;40;2020-08-27;30;466
12951;40;2020-08-28;46;512
12952;40;2020-08-29;16;528
12953;40;2020-08-30;2;530
12954;40;2020-08-31;40;570
12955;40;2020-09-01;44;614
12956;40;2020-09-02;74;688
12957;40;2020-09-03;56;744
12958;40;2020-09-04;84;828
12959;40;2020-09-05;24;852
12960;40;2020-09-06;8;860
12961;40;2020-09-07;80;940
12962;40;2020-09-08;80;1020
12963;40;2020-09-09;138;1158
12964;40;2020-09-10;102;1260
12965;40;2020-09-11;128;1388
12966;40;2020-09-12;16;1404
12967;40;2020-09-13;4;1408
12968;40;2020-09-14;108;1516
12969;40;2020-09-15;122;1638
12970;40;2020-09-16;158;1796
12971;40;2020-09-17;100;1896
12972;40;2020-09-18;182;2078
12973;40;2020-09-19;38;2116
12974;40;2020-09-20;12;2128
12975;40;2020-09-21;148;2276
12976;40;2020-09-22;130;2406
12977;40;2020-09-23;86;2492
12978;40;2020-09-24;104;2596
12979;40;2020-09-25;144;2740
12980;40;2020-09-26;40;2780
12981;40;2020-09-27;4;2784
12982;40;2020-09-28;148;2932
12983;40;2020-09-29;112;3044
12984;40;2020-09-30;132;3176
12985;40;2020-10-01;148;3324
12986;40;2020-10-02;154;3478
12987;40;2020-10-03;16;3494
12988;40;2020-10-04;6;3500
12989;40;2020-10-05;146;3646
12990;40;2020-10-06;132;3778
12991;40;2020-10-07;146;3924
12992;40;2020-10-08;218;4142
12993;40;2020-10-09;172;4314
12994;40;2020-10-10;50;4364
12995;40;2020-10-11;6;4370
12996;40;2020-10-12;348;4718
12997;40;2020-10-13;216;4934
12998;40;2020-10-14;184;5118
12999;40;2020-10-15;248;5366
13000;40;2020-10-16;244;5610
13001;40;2020-10-17;62;5672
13002;40;2020-10-18;14;5686
13003;40;2020-10-19;322;6008
13004;40;2020-10-20;290;6298
13005;40;2020-10-21;306;6604
13006;40;2020-10-22;454;7058
13007;40;2020-10-23;340;7398
13008;40;2020-10-24;164;7562
13009;40;2020-10-25;18;7580
13010;40;2020-10-26;430;8010
13011;40;2020-10-27;470;8480
13012;40;2020-10-28;440;8920
13013;40;2020-10-29;412;9332
13014;40;2020-10-30;432;9764
13015;40;2020-10-31;126;9890
13016;40;2020-11-01;24;9914
13017;40;2020-11-02;594;10508
13018;40;2020-11-03;608;11116
13019;40;2020-11-04;510;11626
13020;40;2020-11-05;506;12132
13021;40;2020-11-06;492;12624
13022;40;2020-11-07;136;12760
13023;40;2020-11-08;22;12782
13024;40;2020-11-09;516;13298
13025;40;2020-11-10;408;13706
13026;40;2020-11-11;24;13730
13027;40;2020-11-12;482;14212
13028;40;2020-11-13;302;14514
13029;40;2020-11-14;48;14562
13030;40;2020-11-15;20;14582
13031;40;2020-11-16;356;14938
13032;40;2020-11-17;228;15166
13033;40;2020-11-18;188;15354
13034;40;2020-11-19;218;15572
13035;40;2020-11-20;128;15700
13036;40;2020-11-21;48;15748
13037;40;2020-11-22;20;15768
13038;40;2020-11-23;224;15992
13039;40;2020-11-24;166;16158
13040;40;2020-11-25;240;16398
13041;40;2020-11-26;156;16554
13042;40;2020-11-27;136;16690
13043;40;2020-11-28;62;16752
13044;40;2020-11-29;22;16774
13045;40;2020-11-30;202;16976
13046;40;2020-12-01;290;17266
13047;40;2020-12-02;338;17604
13048;40;2020-12-03;204;17808
13049;40;2020-12-04;156;17964
13050;40;2020-12-05;40;18004
13051;40;2020-12-06;12;18016
13052;40;2020-12-07;222;18238
13053;40;2020-12-08;143;18381
13054;40;2020-12-09;172;18553
13055;40;2020-12-10;200;18753
13056;40;2020-12-11;193;18946
13057;40;2020-12-12;76;19022
13058;40;2020-12-13;20;19042
13059;40;2020-12-14;220;19262
13060;40;2020-12-15;154;19416
13061;40;2020-12-16;149;19565
13062;40;2020-12-17;152;19717
13063;40;2020-12-18;116;19833
13064;40;2020-12-19;74;19907
13065;40;2020-12-20;16;19923
13066;40;2020-12-21;194;20117
13067;40;2020-12-22;190;20307
13068;40;2020-12-23;196;20503
13069;40;2020-12-24;116;20619
13070;40;2020-12-25;2;20621
13071;40;2020-12-26;86;20707
13072;40;2020-12-27;14;20721
13073;40;2020-12-28;278;20999
13074;40;2020-12-29;286;21285
13075;40;2020-12-30;270;21555
13076;40;2020-12-31;190;21745
13077;40;2021-01-01;12;21757
13078;40;2021-01-02;144;21901
13079;40;2021-01-03;14;21915
13080;40;2021-01-04;344;22259
13081;40;2021-01-05;246;22505
13082;40;2021-01-06;241;22746
13083;40;2021-01-07;220;22966
13084;40;2021-01-08;226;23192
13085;40;2021-01-09;78;23270
13086;40;2021-01-10;18;23288
13087;40;2021-01-11;310;23598
13088;40;2021-01-12;252;23850
13089;40;2021-01-13;254;24104
13090;40;2021-01-14;218;24322
13091;40;2021-01-15;208;24530
13092;40;2021-01-16;136;24666
13093;40;2021-01-17;16;24682
13094;40;2021-01-18;296;24978
13095;40;2021-01-19;350;25328
13096;40;2021-01-20;224;25552
13097;40;2021-01-21;282;25834
13098;40;2021-01-22;364;26198
13099;40;2021-01-23;156;26354
13100;40;2021-01-24;20;26374
13101;40;2021-01-25;480;26854
13102;40;2021-01-26;348;27202
13103;40;2021-01-27;339;27541
13104;40;2021-01-28;344;27885
13105;40;2021-01-29;366;28251
13106;40;2021-01-30;118;28369
13107;40;2021-01-31;22;28391
13108;40;2021-02-01;318;28709
13109;40;2021-02-02;206;28915
13110;40;2021-02-03;198;29113
13111;40;2021-02-04;246;29359
13112;40;2021-02-05;192;29551
13113;40;2021-02-06;82;29633
13114;40;2021-02-07;18;29651
13115;40;2021-02-08;230;29881
13116;40;2021-02-09;172;30053
13117;40;2021-02-10;148;30201
13118;40;2021-02-11;138;30339
13119;40;2021-02-12;118;30457
13120;40;2021-02-13;38;30495
13121;40;2021-02-14;4;30499
13122;40;2021-02-15;162;30661
13123;40;2021-02-16;120;30781
13124;40;2021-02-17;102;30883
13125;40;2021-02-18;144;31027
13126;40;2021-02-19;118;31145
13127;40;2021-02-20;38;31183
13128;40;2021-02-21;6;31189
13129;40;2021-02-22;146;31335
13130;40;2021-02-23;130;31465
13131;40;2021-02-24;124;31589
13132;40;2021-02-25;106;31695
13133;40;2021-02-26;102;31797
13134;40;2021-02-27;18;31815
13135;40;2021-02-28;0;31815
13136;40;2021-03-01;106;31921
13137;40;2021-03-02;74;31995
13138;40;2021-03-03;138;32133
13139;40;2021-03-04;108;32241
13140;40;2021-03-05;104;32345
13141;40;2021-03-06;40;32385
13142;40;2021-03-07;10;32395
13143;40;2021-03-08;106;32501
13144;40;2021-03-09;140;32641
13145;40;2021-03-10;146;32787
13146;40;2021-03-11;132;32919
13147;40;2021-03-12;110;33029
13148;40;2021-03-13;66;33095
13149;40;2021-03-14;8;33103
13150;40;2021-03-15;186;33289
13151;40;2021-03-16;146;33435
13152;40;2021-03-17;118;33553
13153;40;2021-03-18;82;33635
13154;40;2021-03-19;104;33739
13155;40;2021-03-20;48;33787
13156;40;2021-03-21;4;33791
13157;40;2021-03-22;160;33951
13158;40;2021-03-23;126;34077
13159;40;2021-03-24;156;34233
13160;40;2021-03-25;144;34377
13161;40;2021-03-26;152;34529
13162;40;2021-03-27;82;34611
13163;40;2021-03-28;10;34621
13164;40;2021-03-29;180;34801
13165;40;2021-03-30;180;34981
13166;40;2021-03-31;106;35087
13167;40;2021-04-01;130;35217
13168;40;2021-04-02;166;35383
13169;40;2021-04-03;56;35439
13170;40;2021-04-04;8;35447
13171;40;2021-04-05;18;35465
13172;40;2021-04-06;296;35761
13173;40;2021-04-07;128;35889
13174;40;2021-04-08;126;36015
13175;40;2021-04-09;162;36177
13176;40;2021-04-10;118;36295
13177;40;2021-04-11;4;36299
13178;40;2021-04-12;250;36549
13179;40;2021-04-13;176;36725
13180;40;2021-04-14;144;36869
13181;40;2021-04-15;200;37069
13182;41;2020-05-13;4;4
13183;41;2020-05-14;4;8
13184;41;2020-05-15;8;16
13185;41;2020-05-16;2;18
13186;41;2020-05-17;2;20
13187;41;2020-05-18;10;30
13188;41;2020-05-19;0;30
13189;41;2020-05-20;12;42
13190;41;2020-05-21;2;44
13191;41;2020-05-22;4;48
13192;41;2020-05-23;0;48
13193;41;2020-05-24;4;52
13194;41;2020-05-25;6;58
13195;41;2020-05-26;4;62
13196;41;2020-05-27;0;62
13197;41;2020-05-28;0;62
13198;41;2020-05-29;0;62
13199;41;2020-05-30;0;62
13200;41;2020-05-31;2;64
13201;41;2020-06-01;0;64
13202;41;2020-06-02;2;66
13203;41;2020-06-03;2;68
13204;41;2020-06-04;2;70
13205;41;2020-06-05;0;70
13206;41;2020-06-06;0;70
13207;41;2020-06-07;0;70
13208;41;2020-06-08;2;72
13209;41;2020-06-09;0;72
13210;41;2020-06-10;0;72
13211;41;2020-06-11;2;74
13212;41;2020-06-12;2;76
13213;41;2020-06-13;0;76
13214;41;2020-06-14;0;76
13215;41;2020-06-15;4;80
13216;41;2020-06-16;0;80
13217;41;2020-06-17;4;84
13218;41;2020-06-18;0;84
13219;41;2020-06-19;6;90
13220;41;2020-06-20;0;90
13221;41;2020-06-21;0;90
13222;41;2020-06-22;2;92
13223;41;2020-06-23;0;92
13224;41;2020-06-24;2;94
13225;41;2020-06-25;0;94
13226;41;2020-06-26;0;94
13227;41;2020-06-27;0;94
13228;41;2020-06-28;0;94
13229;41;2020-06-29;0;94
13230;41;2020-06-30;6;100
13231;41;2020-07-01;0;100
13232;41;2020-07-02;0;100
13233;41;2020-07-03;0;100
13234;41;2020-07-04;0;100
13235;41;2020-07-05;0;100
13236;41;2020-07-06;0;100
13237;41;2020-07-07;0;100
13238;41;2020-07-08;0;100
13239;41;2020-07-09;0;100
13240;41;2020-07-10;0;100
13241;41;2020-07-11;0;100
13242;41;2020-07-12;2;102
13243;41;2020-07-13;0;102
13244;41;2020-07-14;0;102
13245;41;2020-07-15;0;102
13246;41;2020-07-16;0;102
13247;41;2020-07-17;0;102
13248;41;2020-07-18;0;102
13249;41;2020-07-19;0;102
13250;41;2020-07-20;4;106
13251;41;2020-07-21;6;112
13252;41;2020-07-22;4;116
13253;41;2020-07-23;10;126
13254;41;2020-07-24;2;128
13255;41;2020-07-25;6;134
13256;41;2020-07-26;0;134
13257;41;2020-07-27;4;138
13258;41;2020-07-28;6;144
13259;41;2020-07-29;12;156
13260;41;2020-07-30;10;166
13261;41;2020-07-31;20;186
13262;41;2020-08-01;0;186
13263;41;2020-08-02;0;186
13264;41;2020-08-03;8;194
13265;41;2020-08-04;4;198
13266;41;2020-08-05;10;208
13267;41;2020-08-06;2;210
13268;41;2020-08-07;6;216
13269;41;2020-08-08;4;220
13270;41;2020-08-09;0;220
13271;41;2020-08-10;22;242
13272;41;2020-08-11;8;250
13273;41;2020-08-12;12;262
13274;41;2020-08-13;16;278
13275;41;2020-08-14;10;288
13276;41;2020-08-15;2;290
13277;41;2020-08-16;2;292
13278;41;2020-08-17;16;308
13279;41;2020-08-18;20;328
13280;41;2020-08-19;12;340
13281;41;2020-08-20;26;366
13282;41;2020-08-21;18;384
13283;41;2020-08-22;10;394
13284;41;2020-08-23;6;400
13285;41;2020-08-24;36;436
13286;41;2020-08-25;28;464
13287;41;2020-08-26;26;490
13288;41;2020-08-27;26;516
13289;41;2020-08-28;18;534
13290;41;2020-08-29;12;546
13291;41;2020-08-30;2;548
13292;41;2020-08-31;24;572
13293;41;2020-09-01;28;600
13294;41;2020-09-02;32;632
13295;41;2020-09-03;26;658
13296;41;2020-09-04;34;692
13297;41;2020-09-05;12;704
13298;41;2020-09-06;2;706
13299;41;2020-09-07;28;734
13300;41;2020-09-08;34;768
13301;41;2020-09-09;26;794
13302;41;2020-09-10;28;822
13303;41;2020-09-11;24;846
13304;41;2020-09-12;8;854
13305;41;2020-09-13;0;854
13306;41;2020-09-14;42;896
13307;41;2020-09-15;48;944
13308;41;2020-09-16;46;990
13309;41;2020-09-17;60;1050
13310;41;2020-09-18;70;1120
13311;41;2020-09-19;14;1134
13312;41;2020-09-20;2;1136
13313;41;2020-09-21;96;1232
13314;41;2020-09-22;40;1272
13315;41;2020-09-23;56;1328
13316;41;2020-09-24;40;1368
13317;41;2020-09-25;50;1418
13318;41;2020-09-26;6;1424
13319;41;2020-09-27;0;1424
13320;41;2020-09-28;72;1496
13321;41;2020-09-29;46;1542
13322;41;2020-09-30;74;1616
13323;41;2020-10-01;54;1670
13324;41;2020-10-02;74;1744
13325;41;2020-10-03;32;1776
13326;41;2020-10-04;2;1778
13327;41;2020-10-05;88;1866
13328;41;2020-10-06;94;1960
13329;41;2020-10-07;60;2020
13330;41;2020-10-08;65;2085
13331;41;2020-10-09;82;2167
13332;41;2020-10-10;38;2205
13333;41;2020-10-11;8;2213
13334;41;2020-10-12;120;2333
13335;41;2020-10-13;106;2439
13336;41;2020-10-14;102;2541
13337;41;2020-10-15;160;2701
13338;41;2020-10-16;194;2895
13339;41;2020-10-17;96;2991
13340;41;2020-10-18;20;3011
13341;41;2020-10-19;210;3221
13342;41;2020-10-20;254;3475
13343;41;2020-10-21;268;3743
13344;41;2020-10-22;278;4021
13345;41;2020-10-23;389;4410
13346;41;2020-10-24;118;4528
13347;41;2020-10-25;14;4542
13348;41;2020-10-26;378;4920
13349;41;2020-10-27;384;5304
13350;41;2020-10-28;411;5715
13351;41;2020-10-29;298;6013
13352;41;2020-10-30;364;6377
13353;41;2020-10-31;180;6557
13354;41;2020-11-01;32;6589
13355;41;2020-11-02;382;6971
13356;41;2020-11-03;316;7287
13357;41;2020-11-04;344;7631
13358;41;2020-11-05;340;7971
13359;41;2020-11-06;252;8223
13360;41;2020-11-07;104;8327
13361;41;2020-11-08;20;8347
13362;41;2020-11-09;354;8701
13363;41;2020-11-10;236;8937
13364;41;2020-11-11;46;8983
13365;41;2020-11-12;264;9247
13366;41;2020-11-13;222;9469
13367;41;2020-11-14;82;9551
13368;41;2020-11-15;18;9569
13369;41;2020-11-16;192;9761
13370;41;2020-11-17;160;9921
13371;41;2020-11-18;160;10081
13372;41;2020-11-19;102;10183
13373;41;2020-11-20;76;10259
13374;41;2020-11-21;90;10349
13375;41;2020-11-22;12;10361
13376;41;2020-11-23;202;10563
13377;41;2020-11-24;116;10679
13378;41;2020-11-25;94;10773
13379;41;2020-11-26;128;10901
13380;41;2020-11-27;144;11045
13381;41;2020-11-28;66;11111
13382;41;2020-11-29;10;11121
13383;41;2020-11-30;234;11355
13384;41;2020-12-01;106;11461
13385;41;2020-12-02;144;11605
13386;41;2020-12-03;118;11723
13387;41;2020-12-04;82;11805
13388;41;2020-12-05;62;11867
13389;41;2020-12-06;20;11887
13390;41;2020-12-07;146;12033
13391;41;2020-12-08;186;12219
13392;41;2020-12-09;114;12333
13393;41;2020-12-10;158;12491
13394;41;2020-12-11;140;12631
13395;41;2020-12-12;72;12703
13396;41;2020-12-13;10;12713
13397;41;2020-12-14;206;12919
13398;41;2020-12-15;184;13103
13399;41;2020-12-16;154;13257
13400;41;2020-12-17;150;13407
13401;41;2020-12-18;190;13597
13402;41;2020-12-19;74;13671
13403;41;2020-12-20;18;13689
13404;41;2020-12-21;194;13883
13405;41;2020-12-22;138;14021
13406;41;2020-12-23;156;14177
13407;41;2020-12-24;130;14307
13408;41;2020-12-25;8;14315
13409;41;2020-12-26;68;14383
13410;41;2020-12-27;4;14387
13411;41;2020-12-28;224;14611
13412;41;2020-12-29;174;14785
13413;41;2020-12-30;162;14947
13414;41;2020-12-31;122;15069
13415;41;2021-01-01;6;15075
13416;41;2021-01-02;118;15193
13417;41;2021-01-03;10;15203
13418;41;2021-01-04;204;15407
13419;41;2021-01-05;156;15563
13420;41;2021-01-06;168;15731
13421;41;2021-01-07;120;15851
13422;41;2021-01-08;162;16013
13423;41;2021-01-09;78;16091
13424;41;2021-01-10;6;16097
13425;41;2021-01-11;146;16243
13426;41;2021-01-12;152;16395
13427;41;2021-01-13;152;16547
13428;41;2021-01-14;180;16727
13429;41;2021-01-15;148;16875
13430;41;2021-01-16;84;16959
13431;41;2021-01-17;42;17001
13432;41;2021-01-18;224;17225
13433;41;2021-01-19;168;17393
13434;41;2021-01-20;184;17577
13435;41;2021-01-21;112;17689
13436;41;2021-01-22;178;17867
13437;41;2021-01-23;106;17973
13438;41;2021-01-24;20;17993
13439;41;2021-01-25;180;18173
13440;41;2021-01-26;200;18373
13441;41;2021-01-27;252;18625
13442;41;2021-01-28;130;18755
13443;41;2021-01-29;182;18937
13444;41;2021-01-30;72;19009
13445;41;2021-01-31;6;19015
13446;41;2021-02-01;198;19213
13447;41;2021-02-02;178;19391
13448;41;2021-02-03;167;19558
13449;41;2021-02-04;130;19688
13450;41;2021-02-05;164;19852
13451;41;2021-02-06;78;19930
13452;41;2021-02-07;20;19950
13453;41;2021-02-08;182;20132
13454;41;2021-02-09;178;20310
13455;41;2021-02-10;138;20448
13456;41;2021-02-11;132;20580
13457;41;2021-02-12;168;20748
13458;41;2021-02-13;66;20814
13459;41;2021-02-14;22;20836
13460;41;2021-02-15;268;21104
13461;41;2021-02-16;240;21344
13462;41;2021-02-17;162;21506
13463;41;2021-02-18;170;21676
13464;41;2021-02-19;118;21794
13465;41;2021-02-20;76;21870
13466;41;2021-02-21;28;21898
13467;41;2021-02-22;224;22122
13468;41;2021-02-23;224;22346
13469;41;2021-02-24;172;22518
13470;41;2021-02-25;146;22664
13471;41;2021-02-26;104;22768
13472;41;2021-02-27;94;22862
13473;41;2021-02-28;16;22878
13474;41;2021-03-01;236;23114
13475;41;2021-03-02;200;23314
13476;41;2021-03-03;186;23500
13477;41;2021-03-04;214;23714
13478;41;2021-03-05;196;23910
13479;41;2021-03-06;128;24038
13480;41;2021-03-07;14;24052
13481;41;2021-03-08;302;24354
13482;41;2021-03-09;174;24528
13483;41;2021-03-10;260;24788
13484;41;2021-03-11;286;25074
13485;41;2021-03-12;260;25334
13486;41;2021-03-13;158;25492
13487;41;2021-03-14;16;25508
13488;41;2021-03-15;382;25890
13489;41;2021-03-16;342;26232
13490;41;2021-03-17;330;26562
13491;41;2021-03-18;300;26862
13492;41;2021-03-19;285;27147
13493;41;2021-03-20;150;27297
13494;41;2021-03-21;12;27309
13495;41;2021-03-22;348;27657
13496;41;2021-03-23;312;27969
13497;41;2021-03-24;368;28337
13498;41;2021-03-25;356;28693
13499;41;2021-03-26;416;29109
13500;41;2021-03-27;164;29273
13501;41;2021-03-28;32;29305
13502;41;2021-03-29;504;29809
13503;41;2021-03-30;416;30225
13504;41;2021-03-31;336;30561
13505;41;2021-04-01;360;30921
13506;41;2021-04-02;367;31288
13507;41;2021-04-03;188;31476
13508;41;2021-04-04;26;31502
13509;41;2021-04-05;30;31532
13510;41;2021-04-06;498;32030
13511;41;2021-04-07;380;32410
13512;41;2021-04-08;365;32775
13513;41;2021-04-09;324;33099
13514;41;2021-04-10;194;33293
13515;41;2021-04-11;34;33327
13516;41;2021-04-12;374;33701
13517;41;2021-04-13;332;34033
13518;41;2021-04-14;344;34377
13519;41;2021-04-15;296;34673
13520;42;2020-05-13;8;8
13521;42;2020-05-14;30;38
13522;42;2020-05-15;14;52
13523;42;2020-05-16;2;54
13524;42;2020-05-17;0;54
13525;42;2020-05-18;6;60
13526;42;2020-05-19;4;64
13527;42;2020-05-20;6;70
13528;42;2020-05-21;8;78
13529;42;2020-05-22;10;88
13530;42;2020-05-23;0;88
13531;42;2020-05-24;0;88
13532;42;2020-05-25;8;96
13533;42;2020-05-26;8;104
13534;42;2020-05-27;8;112
13535;42;2020-05-28;2;114
13536;42;2020-05-29;2;116
13537;42;2020-05-30;6;122
13538;42;2020-05-31;0;122
13539;42;2020-06-01;2;124
13540;42;2020-06-02;20;144
13541;42;2020-06-03;4;148
13542;42;2020-06-04;2;150
13543;42;2020-06-05;2;152
13544;42;2020-06-06;4;156
13545;42;2020-06-07;0;156
13546;42;2020-06-08;10;166
13547;42;2020-06-09;4;170
13548;42;2020-06-10;6;176
13549;42;2020-06-11;26;202
13550;42;2020-06-12;6;208
13551;42;2020-06-13;0;208
13552;42;2020-06-14;2;210
13553;42;2020-06-15;2;212
13554;42;2020-06-16;2;214
13555;42;2020-06-17;10;224
13556;42;2020-06-18;14;238
13557;42;2020-06-19;10;248
13558;42;2020-06-20;0;248
13559;42;2020-06-21;2;250
13560;42;2020-06-22;6;256
13561;42;2020-06-23;4;260
13562;42;2020-06-24;8;268
13563;42;2020-06-25;4;272
13564;42;2020-06-26;8;280
13565;42;2020-06-27;6;286
13566;42;2020-06-28;6;292
13567;42;2020-06-29;4;296
13568;42;2020-06-30;4;300
13569;42;2020-07-01;6;306
13570;42;2020-07-02;2;308
13571;42;2020-07-03;6;314
13572;42;2020-07-04;2;316
13573;42;2020-07-05;0;316
13574;42;2020-07-06;8;324
13575;42;2020-07-07;8;332
13576;42;2020-07-08;10;342
13577;42;2020-07-09;10;352
13578;42;2020-07-10;10;362
13579;42;2020-07-11;2;364
13580;42;2020-07-12;0;364
13581;42;2020-07-13;6;370
13582;42;2020-07-14;0;370
13583;42;2020-07-15;12;382
13584;42;2020-07-16;20;402
13585;42;2020-07-17;8;410
13586;42;2020-07-18;6;416
13587;42;2020-07-19;0;416
13588;42;2020-07-20;12;428
13589;42;2020-07-21;10;438
13590;42;2020-07-22;22;460
13591;42;2020-07-23;22;482
13592;42;2020-07-24;36;518
13593;42;2020-07-25;30;548
13594;42;2020-07-26;12;560
13595;42;2020-07-27;32;592
13596;42;2020-07-28;20;612
13597;42;2020-07-29;42;654
13598;42;2020-07-30;50;704
13599;42;2020-07-31;22;726
13600;42;2020-08-01;20;746
13601;42;2020-08-02;4;750
13602;42;2020-08-03;24;774
13603;42;2020-08-04;26;800
13604;42;2020-08-05;28;828
13605;42;2020-08-06;28;856
13606;42;2020-08-07;12;868
13607;42;2020-08-08;30;898
13608;42;2020-08-09;2;900
13609;42;2020-08-10;54;954
13610;42;2020-08-11;40;994
13611;42;2020-08-12;18;1012
13612;42;2020-08-13;44;1056
13613;42;2020-08-14;52;1108
13614;42;2020-08-15;8;1116
13615;42;2020-08-16;12;1128
13616;42;2020-08-17;70;1198
13617;42;2020-08-18;54;1252
13618;42;2020-08-19;44;1296
13619;42;2020-08-20;60;1356
13620;42;2020-08-21;78;1434
13621;42;2020-08-22;28;1462
13622;42;2020-08-23;12;1474
13623;42;2020-08-24;98;1572
13624;42;2020-08-25;104;1676
13625;42;2020-08-26;96;1772
13626;42;2020-08-27;144;1916
13627;42;2020-08-28;149;2065
13628;42;2020-08-29;64;2129
13629;42;2020-08-30;6;2135
13630;42;2020-08-31;124;2259
13631;42;2020-09-01;122;2381
13632;42;2020-09-02;128;2509
13633;42;2020-09-03;202;2711
13634;42;2020-09-04;164;2875
13635;42;2020-09-05;86;2961
13636;42;2020-09-06;26;2987
13637;42;2020-09-07;208;3195
13638;42;2020-09-08;310;3505
13639;42;2020-09-09;240;3745
13640;42;2020-09-10;396;4141
13641;42;2020-09-11;296;4437
13642;42;2020-09-12;156;4593
13643;42;2020-09-13;44;4637
13644;42;2020-09-14;368;5005
13645;42;2020-09-15;376;5381
13646;42;2020-09-16;352;5733
13647;42;2020-09-17;440;6173
13648;42;2020-09-18;416;6589
13649;42;2020-09-19;181;6770
13650;42;2020-09-20;50;6820
13651;42;2020-09-21;514;7334
13652;42;2020-09-22;400;7734
13653;42;2020-09-23;356;8090
13654;42;2020-09-24;500;8590
13655;42;2020-09-25;470;9060
13656;42;2020-09-26;188;9248
13657;42;2020-09-27;56;9304
13658;42;2020-09-28;518;9822
13659;42;2020-09-29;482;10304
13660;42;2020-09-30;626;10930
13661;42;2020-10-01;626;11556
13662;42;2020-10-02;814;12370
13663;42;2020-10-03;386;12756
13664;42;2020-10-04;96;12852
13665;42;2020-10-05;960;13812
13666;42;2020-10-06;985;14797
13667;42;2020-10-07;978;15775
13668;42;2020-10-08;1140;16915
13669;42;2020-10-09;1400;18315
13670;42;2020-10-10;626;18941
13671;42;2020-10-11;200;19141
13672;42;2020-10-12;1712;20853
13673;42;2020-10-13;1777;22630
13674;42;2020-10-14;1756;24386
13675;42;2020-10-15;1834;26220
13676;42;2020-10-16;2086;28306
13677;42;2020-10-17;1014;29320
13678;42;2020-10-18;308;29628
13679;42;2020-10-19;2639;32267
13680;42;2020-10-20;2666;34933
13681;42;2020-10-21;2842;37775
13682;42;2020-10-22;3062;40837
13683;42;2020-10-23;3298;44135
13684;42;2020-10-24;1426;45561
13685;42;2020-10-25;556;46117
13686;42;2020-10-26;3758;49875
13687;42;2020-10-27;3350;53225
13688;42;2020-10-28;3022;56247
13689;42;2020-10-29;3122;59369
13690;42;2020-10-30;3088;62457
13691;42;2020-10-31;1436;63893
13692;42;2020-11-01;428;64321
13693;42;2020-11-02;3548;67869
13694;42;2020-11-03;3334;71203
13695;42;2020-11-04;2834;74037
13696;42;2020-11-05;2440;76477
13697;42;2020-11-06;2280;78757
13698;42;2020-11-07;942;79699
13699;42;2020-11-08;254;79953
13700;42;2020-11-09;2572;82525
13701;42;2020-11-10;1927;84452
13702;42;2020-11-11;366;84818
13703;42;2020-11-12;2060;86878
13704;42;2020-11-13;1422;88300
13705;42;2020-11-14;550;88850
13706;42;2020-11-15;128;88978
13707;42;2020-11-16;1290;90268
13708;42;2020-11-17;912;91180
13709;42;2020-11-18;716;91896
13710;42;2020-11-19;650;92546
13711;42;2020-11-20;652;93198
13712;42;2020-11-21;324;93522
13713;42;2020-11-22;64;93586
13714;42;2020-11-23;854;94440
13715;42;2020-11-24;508;94948
13716;42;2020-11-25;440;95388
13717;42;2020-11-26;436;95824
13718;42;2020-11-27;418;96242
13719;42;2020-11-28;198;96440
13720;42;2020-11-29;76;96516
13721;42;2020-11-30;590;97106
13722;42;2020-12-01;418;97524
13723;42;2020-12-02;316;97840
13724;42;2020-12-03;366;98206
13725;42;2020-12-04;448;98654
13726;42;2020-12-05;168;98822
13727;42;2020-12-06;64;98886
13728;42;2020-12-07;530;99416
13729;42;2020-12-08;376;99792
13730;42;2020-12-09;410;100202
13731;42;2020-12-10;398;100600
13732;42;2020-12-11;448;101048
13733;42;2020-12-12;188;101236
13734;42;2020-12-13;44;101280
13735;42;2020-12-14;624;101904
13736;42;2020-12-15;396;102300
13737;42;2020-12-16;448;102748
13738;42;2020-12-17;554;103302
13739;42;2020-12-18;654;103956
13740;42;2020-12-19;620;104576
13741;42;2020-12-20;304;104880
13742;42;2020-12-21;580;105460
13743;42;2020-12-22;494;105954
13744;42;2020-12-23;484;106438
13745;42;2020-12-24;380;106818
13746;42;2020-12-25;26;106844
13747;42;2020-12-26;296;107140
13748;42;2020-12-27;64;107204
13749;42;2020-12-28;580;107784
13750;42;2020-12-29;580;108364
13751;42;2020-12-30;572;108936
13752;42;2020-12-31;414;109350
13753;42;2021-01-01;18;109368
13754;42;2021-01-02;426;109794
13755;42;2021-01-03;68;109862
13756;42;2021-01-04;754;110616
13757;42;2021-01-05;610;111226
13758;42;2021-01-06;596;111822
13759;42;2021-01-07;472;112294
13760;42;2021-01-08;562;112856
13761;42;2021-01-09;310;113166
13762;42;2021-01-10;46;113212
13763;42;2021-01-11;700;113912
13764;42;2021-01-12;610;114522
13765;42;2021-01-13;648;115170
13766;42;2021-01-14;584;115754
13767;42;2021-01-15;578;116332
13768;42;2021-01-16;406;116738
13769;42;2021-01-17;116;116854
13770;42;2021-01-18;853;117707
13771;42;2021-01-19;648;118355
13772;42;2021-01-20;666;119021
13773;42;2021-01-21;650;119671
13774;42;2021-01-22;612;120283
13775;42;2021-01-23;470;120753
13776;42;2021-01-24;44;120797
13777;42;2021-01-25;822;121619
13778;42;2021-01-26;566;122185
13779;42;2021-01-27;566;122751
13780;42;2021-01-28;572;123323
13781;42;2021-01-29;634;123957
13782;42;2021-01-30;364;124321
13783;42;2021-01-31;40;124361
13784;42;2021-02-01;824;125185
13785;42;2021-02-02;514;125699
13786;42;2021-02-03;534;126233
13787;42;2021-02-04;539;126772
13788;42;2021-02-05;546;127318
13789;42;2021-02-06;340;127658
13790;42;2021-02-07;46;127704
13791;42;2021-02-08;704;128408
13792;42;2021-02-09;469;128877
13793;42;2021-02-10;476;129353
13794;42;2021-02-11;486;129839
13795;42;2021-02-12;486;130325
13796;42;2021-02-13;256;130581
13797;42;2021-02-14;52;130633
13798;42;2021-02-15;582;131215
13799;42;2021-02-16;466;131681
13800;42;2021-02-17;470;132151
13801;42;2021-02-18;412;132563
13802;42;2021-02-19;526;133089
13803;42;2021-02-20;264;133353
13804;42;2021-02-21;38;133391
13805;42;2021-02-22;676;134067
13806;42;2021-02-23;482;134549
13807;42;2021-02-24;468;135017
13808;42;2021-02-25;426;135443
13809;42;2021-02-26;481;135924
13810;42;2021-02-27;296;136220
13811;42;2021-02-28;70;136290
13812;42;2021-03-01;524;136814
13813;42;2021-03-02;444;137258
13814;42;2021-03-03;444;137702
13815;42;2021-03-04;436;138138
13816;42;2021-03-05;450;138588
13817;42;2021-03-06;276;138864
13818;42;2021-03-07;40;138904
13819;42;2021-03-08;614;139518
13820;42;2021-03-09;474;139992
13821;42;2021-03-10;478;140470
13822;42;2021-03-11;514;140984
13823;42;2021-03-12;710;141694
13824;42;2021-03-13;388;142082
13825;42;2021-03-14;88;142170
13826;42;2021-03-15;862;143032
13827;42;2021-03-16;678;143710
13828;42;2021-03-17;678;144388
13829;42;2021-03-18;732;145120
13830;42;2021-03-19;778;145898
13831;42;2021-03-20;548;146446
13832;42;2021-03-21;102;146548
13833;42;2021-03-22;1174;147722
13834;42;2021-03-23;930;148652
13835;42;2021-03-24;958;149610
13836;42;2021-03-25;1016;150626
13837;42;2021-03-26;1126;151752
13838;42;2021-03-27;712;152464
13839;42;2021-03-28;132;152596
13840;42;2021-03-29;1528;154124
13841;42;2021-03-30;1124;155248
13842;42;2021-03-31;1088;156336
13843;42;2021-04-01;1228;157564
13844;42;2021-04-02;1218;158782
13845;42;2021-04-03;698;159480
13846;42;2021-04-04;188;159668
13847;42;2021-04-05;232;159900
13848;42;2021-04-06;1728;161628
13849;42;2021-04-07;1194;162822
13850;42;2021-04-08;1264;164086
13851;42;2021-04-09;1202;165288
13852;42;2021-04-10;874;166162
13853;42;2021-04-11;130;166292
13854;42;2021-04-12;1466;167758
13855;42;2021-04-13;1096;168854
13856;42;2021-04-14;851;169705
13857;42;2021-04-15;1036;170741
13858;43;2020-05-13;0;0
13859;43;2020-05-14;2;2
13860;43;2020-05-15;0;2
13861;43;2020-05-16;2;4
13862;43;2020-05-17;0;4
13863;43;2020-05-18;2;6
13864;43;2020-05-19;2;8
13865;43;2020-05-20;4;12
13866;43;2020-05-21;0;12
13867;43;2020-05-22;4;16
13868;43;2020-05-23;0;16
13869;43;2020-05-24;0;16
13870;43;2020-05-25;6;22
13871;43;2020-05-26;2;24
13872;43;2020-05-27;2;26
13873;43;2020-05-28;2;28
13874;43;2020-05-29;2;30
13875;43;2020-05-30;0;30
13876;43;2020-05-31;0;30
13877;43;2020-06-01;0;30
13878;43;2020-06-02;6;36
13879;43;2020-06-03;10;46
13880;43;2020-06-04;0;46
13881;43;2020-06-05;4;50
13882;43;2020-06-06;4;54
13883;43;2020-06-07;0;54
13884;43;2020-06-08;0;54
13885;43;2020-06-09;0;54
13886;43;2020-06-10;4;58
13887;43;2020-06-11;2;60
13888;43;2020-06-12;0;60
13889;43;2020-06-13;0;60
13890;43;2020-06-14;0;60
13891;43;2020-06-15;0;60
13892;43;2020-06-16;2;62
13893;43;2020-06-17;0;62
13894;43;2020-06-18;0;62
13895;43;2020-06-19;0;62
13896;43;2020-06-20;0;62
13897;43;2020-06-21;0;62
13898;43;2020-06-22;0;62
13899;43;2020-06-23;0;62
13900;43;2020-06-24;0;62
13901;43;2020-06-25;2;64
13902;43;2020-06-26;0;64
13903;43;2020-06-27;0;64
13904;43;2020-06-28;0;64
13905;43;2020-06-29;2;66
13906;43;2020-06-30;0;66
13907;43;2020-07-01;0;66
13908;43;2020-07-02;2;68
13909;43;2020-07-03;0;68
13910;43;2020-07-04;2;70
13911;43;2020-07-05;0;70
13912;43;2020-07-06;0;70
13913;43;2020-07-07;0;70
13914;43;2020-07-08;0;70
13915;43;2020-07-09;0;70
13916;43;2020-07-10;0;70
13917;43;2020-07-11;0;70
13918;43;2020-07-12;0;70
13919;43;2020-07-13;0;70
13920;43;2020-07-14;0;70
13921;43;2020-07-15;0;70
13922;43;2020-07-16;0;70
13923;43;2020-07-17;2;72
13924;43;2020-07-18;0;72
13925;43;2020-07-19;0;72
13926;43;2020-07-20;2;74
13927;43;2020-07-21;4;78
13928;43;2020-07-22;0;78
13929;43;2020-07-23;2;80
13930;43;2020-07-24;0;80
13931;43;2020-07-25;2;82
13932;43;2020-07-26;0;82
13933;43;2020-07-27;2;84
13934;43;2020-07-28;0;84
13935;43;2020-07-29;0;84
13936;43;2020-07-30;2;86
13937;43;2020-07-31;0;86
13938;43;2020-08-01;0;86
13939;43;2020-08-02;0;86
13940;43;2020-08-03;0;86
13941;43;2020-08-04;2;88
13942;43;2020-08-05;0;88
13943;43;2020-08-06;2;90
13944;43;2020-08-07;0;90
13945;43;2020-08-08;2;92
13946;43;2020-08-09;0;92
13947;43;2020-08-10;10;102
13948;43;2020-08-11;2;104
13949;43;2020-08-12;4;108
13950;43;2020-08-13;4;112
13951;43;2020-08-14;6;118
13952;43;2020-08-15;0;118
13953;43;2020-08-16;0;118
13954;43;2020-08-17;8;126
13955;43;2020-08-18;6;132
13956;43;2020-08-19;18;150
13957;43;2020-08-20;12;162
13958;43;2020-08-21;4;166
13959;43;2020-08-22;2;168
13960;43;2020-08-23;2;170
13961;43;2020-08-24;6;176
13962;43;2020-08-25;20;196
13963;43;2020-08-26;26;222
13964;43;2020-08-27;18;240
13965;43;2020-08-28;18;258
13966;43;2020-08-29;6;264
13967;43;2020-08-30;0;264
13968;43;2020-08-31;38;302
13969;43;2020-09-01;26;328
13970;43;2020-09-02;24;352
13971;43;2020-09-03;44;396
13972;43;2020-09-04;38;434
13973;43;2020-09-05;6;440
13974;43;2020-09-06;2;442
13975;43;2020-09-07;30;472
13976;43;2020-09-08;42;514
13977;43;2020-09-09;30;544
13978;43;2020-09-10;60;604
13979;43;2020-09-11;62;666
13980;43;2020-09-12;12;678
13981;43;2020-09-13;6;684
13982;43;2020-09-14;52;736
13983;43;2020-09-15;68;804
13984;43;2020-09-16;34;838
13985;43;2020-09-17;42;880
13986;43;2020-09-18;68;948
13987;43;2020-09-19;12;960
13988;43;2020-09-20;8;968
13989;43;2020-09-21;58;1026
13990;43;2020-09-22;70;1096
13991;43;2020-09-23;32;1128
13992;43;2020-09-24;38;1166
13993;43;2020-09-25;48;1214
13994;43;2020-09-26;28;1242
13995;43;2020-09-27;8;1250
13996;43;2020-09-28;110;1360
13997;43;2020-09-29;84;1444
13998;43;2020-09-30;214;1658
13999;43;2020-10-01;110;1768
14000;43;2020-10-02;104;1872
14001;43;2020-10-03;56;1928
14002;43;2020-10-04;6;1934
14003;43;2020-10-05;250;2184
14004;43;2020-10-06;178;2362
14005;43;2020-10-07;208;2570
14006;43;2020-10-08;194;2764
14007;43;2020-10-09;256;3020
14008;43;2020-10-10;110;3130
14009;43;2020-10-11;8;3138
14010;43;2020-10-12;270;3408
14011;43;2020-10-13;294;3702
14012;43;2020-10-14;296;3998
14013;43;2020-10-15;372;4370
14014;43;2020-10-16;404;4774
14015;43;2020-10-17;218;4992
14016;43;2020-10-18;24;5016
14017;43;2020-10-19;440;5456
14018;43;2020-10-20;628;6084
14019;43;2020-10-21;606;6690
14020;43;2020-10-22;754;7444
14021;43;2020-10-23;926;8370
14022;43;2020-10-24;412;8782
14023;43;2020-10-25;110;8892
14024;43;2020-10-26;973;9865
14025;43;2020-10-27;948;10813
14026;43;2020-10-28;992;11805
14027;43;2020-10-29;984;12789
14028;43;2020-10-30;862;13651
14029;43;2020-10-31;354;14005
14030;43;2020-11-01;72;14077
14031;43;2020-11-02;1004;15081
14032;43;2020-11-03;1052;16133
14033;43;2020-11-04;974;17107
14034;43;2020-11-05;736;17843
14035;43;2020-11-06;698;18541
14036;43;2020-11-07;262;18803
14037;43;2020-11-08;38;18841
14038;43;2020-11-09;664;19505
14039;43;2020-11-10;680;20185
14040;43;2020-11-11;42;20227
14041;43;2020-11-12;702;20929
14042;43;2020-11-13;338;21267
14043;43;2020-11-14;112;21379
14044;43;2020-11-15;24;21403
14045;43;2020-11-16;360;21763
14046;43;2020-11-17;358;22121
14047;43;2020-11-18;180;22301
14048;43;2020-11-19;246;22547
14049;43;2020-11-20;224;22771
14050;43;2020-11-21;84;22855
14051;43;2020-11-22;12;22867
14052;43;2020-11-23;204;23071
14053;43;2020-11-24;168;23239
14054;43;2020-11-25;118;23357
14055;43;2020-11-26;124;23481
14056;43;2020-11-27;124;23605
14057;43;2020-11-28;52;23657
14058;43;2020-11-29;6;23663
14059;43;2020-11-30;116;23779
14060;43;2020-12-01;82;23861
14061;43;2020-12-02;90;23951
14062;43;2020-12-03;92;24043
14063;43;2020-12-04;86;24129
14064;43;2020-12-05;38;24167
14065;43;2020-12-06;14;24181
14066;43;2020-12-07;128;24309
14067;43;2020-12-08;96;24405
14068;43;2020-12-09;70;24475
14069;43;2020-12-10;126;24601
14070;43;2020-12-11;98;24699
14071;43;2020-12-12;52;24751
14072;43;2020-12-13;6;24757
14073;43;2020-12-14;134;24891
14074;43;2020-12-15;116;25007
14075;43;2020-12-16;108;25115
14076;43;2020-12-17;164;25279
14077;43;2020-12-18;226;25505
14078;43;2020-12-19;204;25709
14079;43;2020-12-20;108;25817
14080;43;2020-12-21;132;25949
14081;43;2020-12-22;80;26029
14082;43;2020-12-23;100;26129
14083;43;2020-12-24;120;26249
14084;43;2020-12-25;2;26251
14085;43;2020-12-26;48;26299
14086;43;2020-12-27;10;26309
14087;43;2020-12-28;120;26429
14088;43;2020-12-29;106;26535
14089;43;2020-12-30;118;26653
14090;43;2020-12-31;186;26839
14091;43;2021-01-01;4;26843
14092;43;2021-01-02;120;26963
14093;43;2021-01-03;14;26977
14094;43;2021-01-04;202;27179
14095;43;2021-01-05;192;27371
14096;43;2021-01-06;170;27541
14097;43;2021-01-07;196;27737
14098;43;2021-01-08;194;27931
14099;43;2021-01-09;108;28039
14100;43;2021-01-10;12;28051
14101;43;2021-01-11;234;28285
14102;43;2021-01-12;218;28503
14103;43;2021-01-13;166;28669
14104;43;2021-01-14;166;28835
14105;43;2021-01-15;196;29031
14106;43;2021-01-16;104;29135
14107;43;2021-01-17;8;29143
14108;43;2021-01-18;270;29413
14109;43;2021-01-19;228;29641
14110;43;2021-01-20;186;29827
14111;43;2021-01-21;226;30053
14112;43;2021-01-22;188;30241
14113;43;2021-01-23;104;30345
14114;43;2021-01-24;18;30363
14115;43;2021-01-25;228;30591
14116;43;2021-01-26;154;30745
14117;43;2021-01-27;118;30863
14118;43;2021-01-28;132;30995
14119;43;2021-01-29;170;31165
14120;43;2021-01-30;94;31259
14121;43;2021-01-31;4;31263
14122;43;2021-02-01;204;31467
14123;43;2021-02-02;130;31597
14124;43;2021-02-03;140;31737
14125;43;2021-02-04;120;31857
14126;43;2021-02-05;174;32031
14127;43;2021-02-06;116;32147
14128;43;2021-02-07;14;32161
14129;43;2021-02-08;152;32313
14130;43;2021-02-09;118;32431
14131;43;2021-02-10;102;32533
14132;43;2021-02-11;74;32607
14133;43;2021-02-12;104;32711
14134;43;2021-02-13;60;32771
14135;43;2021-02-14;2;32773
14136;43;2021-02-15;126;32899
14137;43;2021-02-16;104;33003
14138;43;2021-02-17;84;33087
14139;43;2021-02-18;68;33155
14140;43;2021-02-19;118;33273
14141;43;2021-02-20;46;33319
14142;43;2021-02-21;4;33323
14143;43;2021-02-22;104;33427
14144;43;2021-02-23;88;33515
14145;43;2021-02-24;120;33635
14146;43;2021-02-25;92;33727
14147;43;2021-02-26;74;33801
14148;43;2021-02-27;42;33843
14149;43;2021-02-28;2;33845
14150;43;2021-03-01;80;33925
14151;43;2021-03-02;38;33963
14152;43;2021-03-03;52;34015
14153;43;2021-03-04;72;34087
14154;43;2021-03-05;70;34157
14155;43;2021-03-06;58;34215
14156;43;2021-03-07;8;34223
14157;43;2021-03-08;78;34301
14158;43;2021-03-09;46;34347
14159;43;2021-03-10;92;34439
14160;43;2021-03-11;48;34487
14161;43;2021-03-12;114;34601
14162;43;2021-03-13;52;34653
14163;43;2021-03-14;16;34669
14164;43;2021-03-15;122;34791
14165;43;2021-03-16;132;34923
14166;43;2021-03-17;102;35025
14167;43;2021-03-18;104;35129
14168;43;2021-03-19;124;35253
14169;43;2021-03-20;122;35375
14170;43;2021-03-21;6;35381
14171;43;2021-03-22;248;35629
14172;43;2021-03-23;154;35783
14173;43;2021-03-24;186;35969
14174;43;2021-03-25;212;36181
14175;43;2021-03-26;268;36449
14176;43;2021-03-27;202;36651
14177;43;2021-03-28;26;36677
14178;43;2021-03-29;358;37035
14179;43;2021-03-30;222;37257
14180;43;2021-03-31;252;37509
14181;43;2021-04-01;244;37753
14182;43;2021-04-02;262;38015
14183;43;2021-04-03;242;38257
14184;43;2021-04-04;28;38285
14185;43;2021-04-05;80;38365
14186;43;2021-04-06;412;38777
14187;43;2021-04-07;266;39043
14188;43;2021-04-08;320;39363
14189;43;2021-04-09;270;39633
14190;43;2021-04-10;222;39855
14191;43;2021-04-11;32;39887
14192;43;2021-04-12;300;40187
14193;43;2021-04-13;266;40453
14194;43;2021-04-14;248;40701
14195;43;2021-04-15;218;40919
14196;44;2020-05-13;12;12
14197;44;2020-05-14;12;24
14198;44;2020-05-15;22;46
14199;44;2020-05-16;2;48
14200;44;2020-05-17;2;50
14201;44;2020-05-18;24;74
14202;44;2020-05-19;26;100
14203;44;2020-05-20;18;118
14204;44;2020-05-21;10;128
14205;44;2020-05-22;18;146
14206;44;2020-05-23;2;148
14207;44;2020-05-24;4;152
14208;44;2020-05-25;18;170
14209;44;2020-05-26;26;196
14210;44;2020-05-27;60;256
14211;44;2020-05-28;36;292
14212;44;2020-05-29;54;346
14213;44;2020-05-30;12;358
14214;44;2020-05-31;28;386
14215;44;2020-06-01;6;392
14216;44;2020-06-02;26;418
14217;44;2020-06-03;22;440
14218;44;2020-06-04;16;456
14219;44;2020-06-05;40;496
14220;44;2020-06-06;6;502
14221;44;2020-06-07;4;506
14222;44;2020-06-08;28;534
14223;44;2020-06-09;26;560
14224;44;2020-06-10;18;578
14225;44;2020-06-11;6;584
14226;44;2020-06-12;22;606
14227;44;2020-06-13;4;610
14228;44;2020-06-14;2;612
14229;44;2020-06-15;16;628
14230;44;2020-06-16;14;642
14231;44;2020-06-17;10;652
14232;44;2020-06-18;21;673
14233;44;2020-06-19;6;679
14234;44;2020-06-20;6;685
14235;44;2020-06-21;2;687
14236;44;2020-06-22;4;691
14237;44;2020-06-23;12;703
14238;44;2020-06-24;18;721
14239;44;2020-06-25;10;731
14240;44;2020-06-26;10;741
14241;44;2020-06-27;2;743
14242;44;2020-06-28;0;743
14243;44;2020-06-29;6;749
14244;44;2020-06-30;10;759
14245;44;2020-07-01;4;763
14246;44;2020-07-02;4;767
14247;44;2020-07-03;10;777
14248;44;2020-07-04;4;781
14249;44;2020-07-05;2;783
14250;44;2020-07-06;4;787
14251;44;2020-07-07;8;795
14252;44;2020-07-08;10;805
14253;44;2020-07-09;22;827
14254;44;2020-07-10;30;857
14255;44;2020-07-11;14;871
14256;44;2020-07-12;12;883
14257;44;2020-07-13;56;939
14258;44;2020-07-14;10;949
14259;44;2020-07-15;34;983
14260;44;2020-07-16;26;1009
14261;44;2020-07-17;64;1073
14262;44;2020-07-18;14;1087
14263;44;2020-07-19;16;1103
14264;44;2020-07-20;68;1171
14265;44;2020-07-21;18;1189
14266;44;2020-07-22;18;1207
14267;44;2020-07-23;72;1279
14268;44;2020-07-24;36;1315
14269;44;2020-07-25;18;1333
14270;44;2020-07-26;2;1335
14271;44;2020-07-27;28;1363
14272;44;2020-07-28;48;1411
14273;44;2020-07-29;36;1447
14274;44;2020-07-30;44;1491
14275;44;2020-07-31;80;1571
14276;44;2020-08-01;32;1603
14277;44;2020-08-02;10;1613
14278;44;2020-08-03;56;1669
14279;44;2020-08-04;60;1729
14280;44;2020-08-05;52;1781
14281;44;2020-08-06;91;1872
14282;44;2020-08-07;68;1940
14283;44;2020-08-08;22;1962
14284;44;2020-08-09;20;1982
14285;44;2020-08-10;94;2076
14286;44;2020-08-11;62;2138
14287;44;2020-08-12;78;2216
14288;44;2020-08-13;80;2296
14289;44;2020-08-14;102;2398
14290;44;2020-08-15;22;2420
14291;44;2020-08-16;18;2438
14292;44;2020-08-17;90;2528
14293;44;2020-08-18;124;2652
14294;44;2020-08-19;130;2782
14295;44;2020-08-20;94;2876
14296;44;2020-08-21;108;2984
14297;44;2020-08-22;58;3042
14298;44;2020-08-23;40;3082
14299;44;2020-08-24;116;3198
14300;44;2020-08-25;142;3340
14301;44;2020-08-26;138;3478
14302;44;2020-08-27;160;3638
14303;44;2020-08-28;228;3866
14304;44;2020-08-29;80;3946
14305;44;2020-08-30;22;3968
14306;44;2020-08-31;178;4146
14307;44;2020-09-01;256;4402
14308;44;2020-09-02;258;4660
14309;44;2020-09-03;344;5004
14310;44;2020-09-04;370;5374
14311;44;2020-09-05;166;5540
14312;44;2020-09-06;32;5572
14313;44;2020-09-07;286;5858
14314;44;2020-09-08;196;6054
14315;44;2020-09-09;238;6292
14316;44;2020-09-10;284;6576
14317;44;2020-09-11;266;6842
14318;44;2020-09-12;172;7014
14319;44;2020-09-13;32;7046
14320;44;2020-09-14;284;7330
14321;44;2020-09-15;296;7626
14322;44;2020-09-16;352;7978
14323;44;2020-09-17;278;8256
14324;44;2020-09-18;342;8598
14325;44;2020-09-19;108;8706
14326;44;2020-09-20;34;8740
14327;44;2020-09-21;398;9138
14328;44;2020-09-22;360;9498
14329;44;2020-09-23;340;9838
14330;44;2020-09-24;344;10182
14331;44;2020-09-25;340;10522
14332;44;2020-09-26;88;10610
14333;44;2020-09-27;56;10666
14334;44;2020-09-28;366;11032
14335;44;2020-09-29;336;11368
14336;44;2020-09-30;354;11722
14337;44;2020-10-01;424;12146
14338;44;2020-10-02;552;12698
14339;44;2020-10-03;266;12964
14340;44;2020-10-04;52;13016
14341;44;2020-10-05;662;13678
14342;44;2020-10-06;514;14192
14343;44;2020-10-07;556;14748
14344;44;2020-10-08;635;15383
14345;44;2020-10-09;616;15999
14346;44;2020-10-10;332;16331
14347;44;2020-10-11;78;16409
14348;44;2020-10-12;816;17225
14349;44;2020-10-13;730;17955
14350;44;2020-10-14;768;18723
14351;44;2020-10-15;960;19683
14352;44;2020-10-16;1042;20725
14353;44;2020-10-17;514;21239
14354;44;2020-10-18;156;21395
14355;44;2020-10-19;1336;22731
14356;44;2020-10-20;1244;23975
14357;44;2020-10-21;1478;25453
14358;44;2020-10-22;1476;26929
14359;44;2020-10-23;1670;28599
14360;44;2020-10-24;736;29335
14361;44;2020-10-25;256;29591
14362;44;2020-10-26;1914;31505
14363;44;2020-10-27;1970;33475
14364;44;2020-10-28;1868;35343
14365;44;2020-10-29;1742;37085
14366;44;2020-10-30;1868;38953
14367;44;2020-10-31;874;39827
14368;44;2020-11-01;336;40163
14369;44;2020-11-02;1966;42129
14370;44;2020-11-03;1966;44095
14371;44;2020-11-04;1554;45649
14372;44;2020-11-05;1646;47295
14373;44;2020-11-06;1580;48875
14374;44;2020-11-07;622;49497
14375;44;2020-11-08;276;49773
14376;44;2020-11-09;1504;51277
14377;44;2020-11-10;1178;52455
14378;44;2020-11-11;292;52747
14379;44;2020-11-12;1054;53801
14380;44;2020-11-13;706;54507
14381;44;2020-11-14;374;54881
14382;44;2020-11-15;208;55089
14383;44;2020-11-16;790;55879
14384;44;2020-11-17;484;56363
14385;44;2020-11-18;370;56733
14386;44;2020-11-19;448;57181
14387;44;2020-11-20;478;57659
14388;44;2020-11-21;168;57827
14389;44;2020-11-22;76;57903
14390;44;2020-11-23;360;58263
14391;44;2020-11-24;220;58483
14392;44;2020-11-25;272;58755
14393;44;2020-11-26;286;59041
14394;44;2020-11-27;316;59357
14395;44;2020-11-28;128;59485
14396;44;2020-11-29;24;59509
14397;44;2020-11-30;356;59865
14398;44;2020-12-01;304;60169
14399;44;2020-12-02;208;60377
14400;44;2020-12-03;256;60633
14401;44;2020-12-04;260;60893
14402;44;2020-12-05;214;61107
14403;44;2020-12-06;48;61155
14404;44;2020-12-07;258;61413
14405;44;2020-12-08;228;61641
14406;44;2020-12-09;306;61947
14407;44;2020-12-10;262;62209
14408;44;2020-12-11;286;62495
14409;44;2020-12-12;144;62639
14410;44;2020-12-13;56;62695
14411;44;2020-12-14;274;62969
14412;44;2020-12-15;294;63263
14413;44;2020-12-16;364;63627
14414;44;2020-12-17;368;63995
14415;44;2020-12-18;356;64351
14416;44;2020-12-19;220;64571
14417;44;2020-12-20;64;64635
14418;44;2020-12-21;290;64925
14419;44;2020-12-22;360;65285
14420;44;2020-12-23;422;65707
14421;44;2020-12-24;396;66103
14422;44;2020-12-25;48;66151
14423;44;2020-12-26;270;66421
14424;44;2020-12-27;54;66475
14425;44;2020-12-28;522;66997
14426;44;2020-12-29;460;67457
14427;44;2020-12-30;505;67962
14428;44;2020-12-31;514;68476
14429;44;2021-01-01;72;68548
14430;44;2021-01-02;402;68950
14431;44;2021-01-03;144;69094
14432;44;2021-01-04;674;69768
14433;44;2021-01-05;524;70292
14434;44;2021-01-06;550;70842
14435;44;2021-01-07;592;71434
14436;44;2021-01-08;632;72066
14437;44;2021-01-09;368;72434
14438;44;2021-01-10;136;72570
14439;44;2021-01-11;624;73194
14440;44;2021-01-12;620;73814
14441;44;2021-01-13;664;74478
14442;44;2021-01-14;582;75060
14443;44;2021-01-15;702;75762
14444;44;2021-01-16;368;76130
14445;44;2021-01-17;198;76328
14446;44;2021-01-18;944;77272
14447;44;2021-01-19;752;78024
14448;44;2021-01-20;656;78680
14449;44;2021-01-21;616;79296
14450;44;2021-01-22;764;80060
14451;44;2021-01-23;474;80534
14452;44;2021-01-24;152;80686
14453;44;2021-01-25;904;81590
14454;44;2021-01-26;596;82186
14455;44;2021-01-27;692;82878
14456;44;2021-01-28;896;83774
14457;44;2021-01-29;816;84590
14458;44;2021-01-30;446;85036
14459;44;2021-01-31;186;85222
14460;44;2021-02-01;838;86060
14461;44;2021-02-02;518;86578
14462;44;2021-02-03;584;87162
14463;44;2021-02-04;554;87716
14464;44;2021-02-05;576;88292
14465;44;2021-02-06;350;88642
14466;44;2021-02-07;130;88772
14467;44;2021-02-08;559;89331
14468;44;2021-02-09;490;89821
14469;44;2021-02-10;524;90345
14470;44;2021-02-11;440;90785
14471;44;2021-02-12;464;91249
14472;44;2021-02-13;314;91563
14473;44;2021-02-14;102;91665
14474;44;2021-02-15;666;92331
14475;44;2021-02-16;546;92877
14476;44;2021-02-17;690;93567
14477;44;2021-02-18;686;94253
14478;44;2021-02-19;656;94909
14479;44;2021-02-20;478;95387
14480;44;2021-02-21;194;95581
14481;44;2021-02-22;794;96375
14482;44;2021-02-23;692;97067
14483;44;2021-02-24;616;97683
14484;44;2021-02-25;682;98365
14485;44;2021-02-26;648;99013
14486;44;2021-02-27;348;99361
14487;44;2021-02-28;144;99505
14488;44;2021-03-01;764;100269
14489;44;2021-03-02;662;100931
14490;44;2021-03-03;622;101553
14491;44;2021-03-04;656;102209
14492;44;2021-03-05;690;102899
14493;44;2021-03-06;422;103321
14494;44;2021-03-07;168;103489
14495;44;2021-03-08;719;104208
14496;44;2021-03-09;654;104862
14497;44;2021-03-10;826;105688
14498;44;2021-03-11;708;106396
14499;44;2021-03-12;780;107176
14500;44;2021-03-13;612;107788
14501;44;2021-03-14;144;107932
14502;44;2021-03-15;1044;108976
14503;44;2021-03-16;818;109794
14504;44;2021-03-17;802;110596
14505;44;2021-03-18;920;111516
14506;44;2021-03-19;862;112378
14507;44;2021-03-20;586;112964
14508;44;2021-03-21;237;113201
14509;44;2021-03-22;1272;114473
14510;44;2021-03-23;1016;115489
14511;44;2021-03-24;1116;116605
14512;44;2021-03-25;1242;117847
14513;44;2021-03-26;1148;118995
14514;44;2021-03-27;812;119807
14515;44;2021-03-28;356;120163
14516;44;2021-03-29;1512;121675
14517;44;2021-03-30;1364;123039
14518;44;2021-03-31;1290;124329
14519;44;2021-04-01;1350;125679
14520;44;2021-04-02;1280;126959
14521;44;2021-04-03;862;127821
14522;44;2021-04-04;382;128203
14523;44;2021-04-05;432;128635
14524;44;2021-04-06;1464;130099
14525;44;2021-04-07;1197;131296
14526;44;2021-04-08;1250;132546
14527;44;2021-04-09;1262;133808
14528;44;2021-04-10;930;134738
14529;44;2021-04-11;294;135032
14530;44;2021-04-12;1528;136560
14531;44;2021-04-13;1160;137720
14532;44;2021-04-14;1158;138878
14533;44;2021-04-15;1148;140026
14534;45;2020-05-13;28;28
14535;45;2020-05-14;34;62
14536;45;2020-05-15;48;110
14537;45;2020-05-16;62;172
14538;45;2020-05-17;28;200
14539;45;2020-05-18;52;252
14540;45;2020-05-19;54;306
14541;45;2020-05-20;40;346
14542;45;2020-05-21;18;364
14543;45;2020-05-22;20;384
14544;45;2020-05-23;8;392
14545;45;2020-05-24;10;402
14546;45;2020-05-25;40;442
14547;45;2020-05-26;30;472
14548;45;2020-05-27;16;488
14549;45;2020-05-28;70;558
14550;45;2020-05-29;34;592
14551;45;2020-05-30;4;596
14552;45;2020-05-31;8;604
14553;45;2020-06-01;2;606
14554;45;2020-06-02;6;612
14555;45;2020-06-03;18;630
14556;45;2020-06-04;16;646
14557;45;2020-06-05;6;652
14558;45;2020-06-06;2;654
14559;45;2020-06-07;0;654
14560;45;2020-06-08;12;666
14561;45;2020-06-09;24;690
14562;45;2020-06-10;6;696
14563;45;2020-06-11;14;710
14564;45;2020-06-12;6;716
14565;45;2020-06-13;4;720
14566;45;2020-06-14;2;722
14567;45;2020-06-15;14;736
14568;45;2020-06-16;6;742
14569;45;2020-06-17;14;756
14570;45;2020-06-18;14;770
14571;45;2020-06-19;26;796
14572;45;2020-06-20;16;812
14573;45;2020-06-21;2;814
14574;45;2020-06-22;4;818
14575;45;2020-06-23;14;832
14576;45;2020-06-24;6;838
14577;45;2020-06-25;8;846
14578;45;2020-06-26;12;858
14579;45;2020-06-27;4;862
14580;45;2020-06-28;6;868
14581;45;2020-06-29;24;892
14582;45;2020-06-30;8;900
14583;45;2020-07-01;16;916
14584;45;2020-07-02;4;920
14585;45;2020-07-03;8;928
14586;45;2020-07-04;0;928
14587;45;2020-07-05;4;932
14588;45;2020-07-06;8;940
14589;45;2020-07-07;9;949
14590;45;2020-07-08;8;957
14591;45;2020-07-09;8;965
14592;45;2020-07-10;4;969
14593;45;2020-07-11;0;969
14594;45;2020-07-12;0;969
14595;45;2020-07-13;2;971
14596;45;2020-07-14;0;971
14597;45;2020-07-15;6;977
14598;45;2020-07-16;8;985
14599;45;2020-07-17;12;997
14600;45;2020-07-18;2;999
14601;45;2020-07-19;2;1001
14602;45;2020-07-20;12;1013
14603;45;2020-07-21;12;1025
14604;45;2020-07-22;14;1039
14605;45;2020-07-23;20;1059
14606;45;2020-07-24;28;1087
14607;45;2020-07-25;6;1093
14608;45;2020-07-26;2;1095
14609;45;2020-07-27;40;1135
14610;45;2020-07-28;28;1163
14611;45;2020-07-29;22;1185
14612;45;2020-07-30;34;1219
14613;45;2020-07-31;22;1241
14614;45;2020-08-01;14;1255
14615;45;2020-08-02;8;1263
14616;45;2020-08-03;30;1293
14617;45;2020-08-04;42;1335
14618;45;2020-08-05;20;1355
14619;45;2020-08-06;66;1421
14620;45;2020-08-07;64;1485
14621;45;2020-08-08;48;1533
14622;45;2020-08-09;2;1535
14623;45;2020-08-10;70;1605
14624;45;2020-08-11;74;1679
14625;45;2020-08-12;82;1761
14626;45;2020-08-13;112;1873
14627;45;2020-08-14;126;1999
14628;45;2020-08-15;30;2029
14629;45;2020-08-16;24;2053
14630;45;2020-08-17;206;2259
14631;45;2020-08-18;144;2403
14632;45;2020-08-19;72;2475
14633;45;2020-08-20;94;2569
14634;45;2020-08-21;118;2687
14635;45;2020-08-22;60;2747
14636;45;2020-08-23;12;2759
14637;45;2020-08-24;140;2899
14638;45;2020-08-25;108;3007
14639;45;2020-08-26;93;3100
14640;45;2020-08-27;176;3276
14641;45;2020-08-28;156;3432
14642;45;2020-08-29;90;3522
14643;45;2020-08-30;26;3548
14644;45;2020-08-31;180;3728
14645;45;2020-09-01;122;3850
14646;45;2020-09-02;220;4070
14647;45;2020-09-03;132;4202
14648;45;2020-09-04;218;4420
14649;45;2020-09-05;110;4530
14650;45;2020-09-06;14;4544
14651;45;2020-09-07;262;4806
14652;45;2020-09-08;172;4978
14653;45;2020-09-09;144;5122
14654;45;2020-09-10;194;5316
14655;45;2020-09-11;160;5476
14656;45;2020-09-12;98;5574
14657;45;2020-09-13;12;5586
14658;45;2020-09-14;160;5746
14659;45;2020-09-15;204;5950
14660;45;2020-09-16;180;6130
14661;45;2020-09-17;192;6322
14662;45;2020-09-18;186;6508
14663;45;2020-09-19;108;6616
14664;45;2020-09-20;16;6632
14665;45;2020-09-21;176;6808
14666;45;2020-09-22;246;7054
14667;45;2020-09-23;174;7228
14668;45;2020-09-24;216;7444
14669;45;2020-09-25;180;7624
14670;45;2020-09-26;104;7728
14671;45;2020-09-27;30;7758
14672;45;2020-09-28;182;7940
14673;45;2020-09-29;218;8158
14674;45;2020-09-30;184;8342
14675;45;2020-10-01;246;8588
14676;45;2020-10-02;186;8774
14677;45;2020-10-03;170;8944
14678;45;2020-10-04;46;8990
14679;45;2020-10-05;272;9262
14680;45;2020-10-06;290;9552
14681;45;2020-10-07;236;9788
14682;45;2020-10-08;364;10152
14683;45;2020-10-09;404;10556
14684;45;2020-10-10;228;10784
14685;45;2020-10-11;202;10986
14686;45;2020-10-12;284;11270
14687;45;2020-10-13;474;11744
14688;45;2020-10-14;484;12228
14689;45;2020-10-15;408;12636
14690;45;2020-10-16;542;13178
14691;45;2020-10-17;270;13448
14692;45;2020-10-18;286;13734
14693;45;2020-10-19;644;14378
14694;45;2020-10-20;676;15054
14695;45;2020-10-21;898;15952
14696;45;2020-10-22;940;16892
14697;45;2020-10-23;1101;17993
14698;45;2020-10-24;596;18589
14699;45;2020-10-25;461;19050
14700;45;2020-10-26;1122;20172
14701;45;2020-10-27;1220;21392
14702;45;2020-10-28;1128;22520
14703;45;2020-10-29;1024;23544
14704;45;2020-10-30;1254;24798
14705;45;2020-10-31;634;25432
14706;45;2020-11-01;214;25646
14707;45;2020-11-02;1322;26968
14708;45;2020-11-03;1188;28156
14709;45;2020-11-04;1182;29338
14710;45;2020-11-05;972;30310
14711;45;2020-11-06;916;31226
14712;45;2020-11-07;404;31630
14713;45;2020-11-08;236;31866
14714;45;2020-11-09;755;32621
14715;45;2020-11-10;815;33436
14716;45;2020-11-11;273;33709
14717;45;2020-11-12;683;34392
14718;45;2020-11-13;724;35116
14719;45;2020-11-14;370;35486
14720;45;2020-11-15;184;35670
14721;45;2020-11-16;584;36254
14722;45;2020-11-17;424;36678
14723;45;2020-11-18;484;37162
14724;45;2020-11-19;396;37558
14725;45;2020-11-20;392;37950
14726;45;2020-11-21;206;38156
14727;45;2020-11-22;92;38248
14728;45;2020-11-23;348;38596
14729;45;2020-11-24;370;38966
14730;45;2020-11-25;309;39275
14731;45;2020-11-26;312;39587
14732;45;2020-11-27;298;39885
14733;45;2020-11-28;176;40061
14734;45;2020-11-29;80;40141
14735;45;2020-11-30;274;40415
14736;45;2020-12-01;442;40857
14737;45;2020-12-02;238;41095
14738;45;2020-12-03;328;41423
14739;45;2020-12-04;260;41683
14740;45;2020-12-05;186;41869
14741;45;2020-12-06;54;41923
14742;45;2020-12-07;328;42251
14743;45;2020-12-08;336;42587
14744;45;2020-12-09;284;42871
14745;45;2020-12-10;312;43183
14746;45;2020-12-11;338;43521
14747;45;2020-12-12;180;43701
14748;45;2020-12-13;72;43773
14749;45;2020-12-14;352;44125
14750;45;2020-12-15;366;44491
14751;45;2020-12-16;268;44759
14752;45;2020-12-17;448;45207
14753;45;2020-12-18;362;45569
14754;45;2020-12-19;212;45781
14755;45;2020-12-20;78;45859
14756;45;2020-12-21;394;46253
14757;45;2020-12-22;316;46569
14758;45;2020-12-23;258;46827
14759;45;2020-12-24;258;47085
14760;45;2020-12-25;24;47109
14761;45;2020-12-26;186;47295
14762;45;2020-12-27;84;47379
14763;45;2020-12-28;418;47797
14764;45;2020-12-29;320;48117
14765;45;2020-12-30;356;48473
14766;45;2020-12-31;382;48855
14767;45;2021-01-01;44;48899
14768;45;2021-01-02;220;49119
14769;45;2021-01-03;48;49167
14770;45;2021-01-04;572;49739
14771;45;2021-01-05;360;50099
14772;45;2021-01-06;374;50473
14773;45;2021-01-07;412;50885
14774;45;2021-01-08;412;51297
14775;45;2021-01-09;266;51563
14776;45;2021-01-10;50;51613
14777;45;2021-01-11;524;52137
14778;45;2021-01-12;472;52609
14779;45;2021-01-13;420;53029
14780;45;2021-01-14;382;53411
14781;45;2021-01-15;536;53947
14782;45;2021-01-16;278;54225
14783;45;2021-01-17;80;54305
14784;45;2021-01-18;708;55013
14785;45;2021-01-19;655;55668
14786;45;2021-01-20;524;56192
14787;45;2021-01-21;546;56738
14788;45;2021-01-22;511;57249
14789;45;2021-01-23;270;57519
14790;45;2021-01-24;68;57587
14791;45;2021-01-25;725;58312
14792;45;2021-01-26;546;58858
14793;45;2021-01-27;572;59430
14794;45;2021-01-28;512;59942
14795;45;2021-01-29;468;60410
14796;45;2021-01-30;290;60700
14797;45;2021-01-31;124;60824
14798;45;2021-02-01;639;61463
14799;45;2021-02-02;470;61933
14800;45;2021-02-03;354;62287
14801;45;2021-02-04;402;62689
14802;45;2021-02-05;470;63159
14803;45;2021-02-06;264;63423
14804;45;2021-02-07;56;63479
14805;45;2021-02-08;408;63887
14806;45;2021-02-09;468;64355
14807;45;2021-02-10;290;64645
14808;45;2021-02-11;280;64925
14809;45;2021-02-12;282;65207
14810;45;2021-02-13;204;65411
14811;45;2021-02-14;44;65455
14812;45;2021-02-15;402;65857
14813;45;2021-02-16;272;66129
14814;45;2021-02-17;314;66443
14815;45;2021-02-18;328;66771
14816;45;2021-02-19;372;67143
14817;45;2021-02-20;210;67353
14818;45;2021-02-21;46;67399
14819;45;2021-02-22;414;67813
14820;45;2021-02-23;314;68127
14821;45;2021-02-24;322;68449
14822;45;2021-02-25;410;68859
14823;45;2021-02-26;358;69217
14824;45;2021-02-27;240;69457
14825;45;2021-02-28;74;69531
14826;45;2021-03-01;370;69901
14827;45;2021-03-02;266;70167
14828;45;2021-03-03;294;70461
14829;45;2021-03-04;346;70807
14830;45;2021-03-05;354;71161
14831;45;2021-03-06;190;71351
14832;45;2021-03-07;40;71391
14833;45;2021-03-08;362;71753
14834;45;2021-03-09;392;72145
14835;45;2021-03-10;324;72469
14836;45;2021-03-11;418;72887
14837;45;2021-03-12;526;73413
14838;45;2021-03-13;394;73807
14839;45;2021-03-14;40;73847
14840;45;2021-03-15;504;74351
14841;45;2021-03-16;426;74777
14842;45;2021-03-17;438;75215
14843;45;2021-03-18;450;75665
14844;45;2021-03-19;530;76195
14845;45;2021-03-20;334;76529
14846;45;2021-03-21;68;76597
14847;45;2021-03-22;768;77365
14848;45;2021-03-23;588;77953
14849;45;2021-03-24;672;78625
14850;45;2021-03-25;684;79309
14851;45;2021-03-26;718;80027
14852;45;2021-03-27;492;80519
14853;45;2021-03-28;92;80611
14854;45;2021-03-29;854;81465
14855;45;2021-03-30;732;82197
14856;45;2021-03-31;708;82905
14857;45;2021-04-01;889;83794
14858;45;2021-04-02;688;84482
14859;45;2021-04-03;554;85036
14860;45;2021-04-04;116;85152
14861;45;2021-04-05;148;85300
14862;45;2021-04-06;972;86272
14863;45;2021-04-07;750;87022
14864;45;2021-04-08;690;87712
14865;45;2021-04-09;766;88478
14866;45;2021-04-10;569;89047
14867;45;2021-04-11;112;89159
14868;45;2021-04-12;858;90017
14869;45;2021-04-13;744;90761
14870;45;2021-04-14;666;91427
14871;45;2021-04-15;766;92193
14872;46;2020-05-13;2;2
14873;46;2020-05-14;2;4
14874;46;2020-05-15;14;18
14875;46;2020-05-16;0;18
14876;46;2020-05-17;0;18
14877;46;2020-05-18;8;26
14878;46;2020-05-19;0;26
14879;46;2020-05-20;0;26
14880;46;2020-05-21;0;26
14881;46;2020-05-22;0;26
14882;46;2020-05-23;0;26
14883;46;2020-05-24;0;26
14884;46;2020-05-25;0;26
14885;46;2020-05-26;4;30
14886;46;2020-05-27;0;30
14887;46;2020-05-28;0;30
14888;46;2020-05-29;0;30
14889;46;2020-05-30;0;30
14890;46;2020-05-31;0;30
14891;46;2020-06-01;0;30
14892;46;2020-06-02;0;30
14893;46;2020-06-03;0;30
14894;46;2020-06-04;0;30
14895;46;2020-06-05;0;30
14896;46;2020-06-06;0;30
14897;46;2020-06-07;0;30
14898;46;2020-06-08;0;30
14899;46;2020-06-09;0;30
14900;46;2020-06-10;0;30
14901;46;2020-06-11;0;30
14902;46;2020-06-12;0;30
14903;46;2020-06-13;0;30
14904;46;2020-06-14;0;30
14905;46;2020-06-15;0;30
14906;46;2020-06-16;0;30
14907;46;2020-06-17;0;30
14908;46;2020-06-18;0;30
14909;46;2020-06-19;0;30
14910;46;2020-06-20;0;30
14911;46;2020-06-21;0;30
14912;46;2020-06-22;0;30
14913;46;2020-06-23;0;30
14914;46;2020-06-24;0;30
14915;46;2020-06-25;0;30
14916;46;2020-06-26;0;30
14917;46;2020-06-27;0;30
14918;46;2020-06-28;0;30
14919;46;2020-06-29;0;30
14920;46;2020-06-30;0;30
14921;46;2020-07-01;0;30
14922;46;2020-07-02;0;30
14923;46;2020-07-03;0;30
14924;46;2020-07-04;0;30
14925;46;2020-07-05;0;30
14926;46;2020-07-06;0;30
14927;46;2020-07-07;0;30
14928;46;2020-07-08;0;30
14929;46;2020-07-09;0;30
14930;46;2020-07-10;0;30
14931;46;2020-07-11;0;30
14932;46;2020-07-12;0;30
14933;46;2020-07-13;0;30
14934;46;2020-07-14;0;30
14935;46;2020-07-15;0;30
14936;46;2020-07-16;0;30
14937;46;2020-07-17;0;30
14938;46;2020-07-18;0;30
14939;46;2020-07-19;0;30
14940;46;2020-07-20;2;32
14941;46;2020-07-21;0;32
14942;46;2020-07-22;0;32
14943;46;2020-07-23;2;34
14944;46;2020-07-24;4;38
14945;46;2020-07-25;0;38
14946;46;2020-07-26;0;38
14947;46;2020-07-27;0;38
14948;46;2020-07-28;0;38
14949;46;2020-07-29;0;38
14950;46;2020-07-30;0;38
14951;46;2020-07-31;0;38
14952;46;2020-08-01;2;40
14953;46;2020-08-02;0;40
14954;46;2020-08-03;0;40
14955;46;2020-08-04;4;44
14956;46;2020-08-05;0;44
14957;46;2020-08-06;2;46
14958;46;2020-08-07;4;50
14959;46;2020-08-08;0;50
14960;46;2020-08-09;0;50
14961;46;2020-08-10;2;52
14962;46;2020-08-11;2;54
14963;46;2020-08-12;2;56
14964;46;2020-08-13;6;62
14965;46;2020-08-14;12;74
14966;46;2020-08-15;0;74
14967;46;2020-08-16;0;74
14968;46;2020-08-17;14;88
14969;46;2020-08-18;4;92
14970;46;2020-08-19;8;100
14971;46;2020-08-20;14;114
14972;46;2020-08-21;6;120
14973;46;2020-08-22;8;128
14974;46;2020-08-23;0;128
14975;46;2020-08-24;14;142
14976;46;2020-08-25;6;148
14977;46;2020-08-26;4;152
14978;46;2020-08-27;4;156
14979;46;2020-08-28;4;160
14980;46;2020-08-29;0;160
14981;46;2020-08-30;0;160
14982;46;2020-08-31;4;164
14983;46;2020-09-01;8;172
14984;46;2020-09-02;6;178
14985;46;2020-09-03;12;190
14986;46;2020-09-04;12;202
14987;46;2020-09-05;0;202
14988;46;2020-09-06;4;206
14989;46;2020-09-07;2;208
14990;46;2020-09-08;16;224
14991;46;2020-09-09;22;246
14992;46;2020-09-10;22;268
14993;46;2020-09-11;20;288
14994;46;2020-09-12;4;292
14995;46;2020-09-13;0;292
14996;46;2020-09-14;36;328
14997;46;2020-09-15;24;352
14998;46;2020-09-16;28;380
14999;46;2020-09-17;32;412
15000;46;2020-09-18;30;442
15001;46;2020-09-19;2;444
15002;46;2020-09-20;2;446
15003;46;2020-09-21;40;486
15004;46;2020-09-22;52;538
15005;46;2020-09-23;28;566
15006;46;2020-09-24;34;600
15007;46;2020-09-25;24;624
15008;46;2020-09-26;12;636
15009;46;2020-09-27;0;636
15010;46;2020-09-28;24;660
15011;46;2020-09-29;32;692
15012;46;2020-09-30;22;714
15013;46;2020-10-01;28;742
15014;46;2020-10-02;28;770
15015;46;2020-10-03;4;774
15016;46;2020-10-04;4;778
15017;46;2020-10-05;52;830
15018;46;2020-10-06;36;866
15019;46;2020-10-07;54;920
15020;46;2020-10-08;46;966
15021;46;2020-10-09;60;1026
15022;46;2020-10-10;6;1032
15023;46;2020-10-11;0;1032
15024;46;2020-10-12;72;1104
15025;46;2020-10-13;54;1158
15026;46;2020-10-14;56;1214
15027;46;2020-10-15;36;1250
15028;46;2020-10-16;84;1334
15029;46;2020-10-17;6;1340
15030;46;2020-10-18;6;1346
15031;46;2020-10-19;106;1452
15032;46;2020-10-20;102;1554
15033;46;2020-10-21;84;1638
15034;46;2020-10-22;108;1746
15035;46;2020-10-23;118;1864
15036;46;2020-10-24;32;1896
15037;46;2020-10-25;6;1902
15038;46;2020-10-26;140;2042
15039;46;2020-10-27;134;2176
15040;46;2020-10-28;130;2306
15041;46;2020-10-29;80;2386
15042;46;2020-10-30;144;2530
15043;46;2020-10-31;40;2570
15044;46;2020-11-01;12;2582
15045;46;2020-11-02;183;2765
15046;46;2020-11-03;140;2905
15047;46;2020-11-04;132;3037
15048;46;2020-11-05;122;3159
15049;46;2020-11-06;104;3263
15050;46;2020-11-07;44;3307
15051;46;2020-11-08;4;3311
15052;46;2020-11-09;166;3477
15053;46;2020-11-10;130;3607
15054;46;2020-11-11;12;3619
15055;46;2020-11-12;146;3765
15056;46;2020-11-13;118;3883
15057;46;2020-11-14;38;3921
15058;46;2020-11-15;8;3929
15059;46;2020-11-16;118;4047
15060;46;2020-11-17;66;4113
15061;46;2020-11-18;80;4193
15062;46;2020-11-19;66;4259
15063;46;2020-11-20;38;4297
15064;46;2020-11-21;26;4323
15065;46;2020-11-22;0;4323
15066;46;2020-11-23;52;4375
15067;46;2020-11-24;32;4407
15068;46;2020-11-25;24;4431
15069;46;2020-11-26;24;4455
15070;46;2020-11-27;56;4511
15071;46;2020-11-28;8;4519
15072;46;2020-11-29;6;4525
15073;46;2020-11-30;70;4595
15074;46;2020-12-01;24;4619
15075;46;2020-12-02;24;4643
15076;46;2020-12-03;42;4685
15077;46;2020-12-04;30;4715
15078;46;2020-12-05;24;4739
15079;46;2020-12-06;4;4743
15080;46;2020-12-07;60;4803
15081;46;2020-12-08;70;4873
15082;46;2020-12-09;30;4903
15083;46;2020-12-10;20;4923
15084;46;2020-12-11;48;4971
15085;46;2020-12-12;24;4995
15086;46;2020-12-13;2;4997
15087;46;2020-12-14;58;5055
15088;46;2020-12-15;20;5075
15089;46;2020-12-16;42;5117
15090;46;2020-12-17;10;5127
15091;46;2020-12-18;36;5163
15092;46;2020-12-19;8;5171
15093;46;2020-12-20;0;5171
15094;46;2020-12-21;40;5211
15095;46;2020-12-22;32;5243
15096;46;2020-12-23;22;5265
15097;46;2020-12-24;56;5321
15098;46;2020-12-25;10;5331
15099;46;2020-12-26;26;5357
15100;46;2020-12-27;2;5359
15101;46;2020-12-28;34;5393
15102;46;2020-12-29;68;5461
15103;46;2020-12-30;68;5529
15104;46;2020-12-31;44;5573
15105;46;2021-01-01;2;5575
15106;46;2021-01-02;32;5607
15107;46;2021-01-03;10;5617
15108;46;2021-01-04;100;5717
15109;46;2021-01-05;80;5797
15110;46;2021-01-06;54;5851
15111;46;2021-01-07;54;5905
15112;46;2021-01-08;72;5977
15113;46;2021-01-09;20;5997
15114;46;2021-01-10;8;6005
15115;46;2021-01-11;76;6081
15116;46;2021-01-12;64;6145
15117;46;2021-01-13;66;6211
15118;46;2021-01-14;68;6279
15119;46;2021-01-15;70;6349
15120;46;2021-01-16;66;6415
15121;46;2021-01-17;6;6421
15122;46;2021-01-18;122;6543
15123;46;2021-01-19;72;6615
15124;46;2021-01-20;36;6651
15125;46;2021-01-21;44;6695
15126;46;2021-01-22;72;6767
15127;46;2021-01-23;34;6801
15128;46;2021-01-24;4;6805
15129;46;2021-01-25;107;6912
15130;46;2021-01-26;68;6980
15131;46;2021-01-27;54;7034
15132;46;2021-01-28;80;7114
15133;46;2021-01-29;86;7200
15134;46;2021-01-30;62;7262
15135;46;2021-01-31;6;7268
15136;46;2021-02-01;116;7384
15137;46;2021-02-02;82;7466
15138;46;2021-02-03;62;7528
15139;46;2021-02-04;82;7610
15140;46;2021-02-05;90;7700
15141;46;2021-02-06;24;7724
15142;46;2021-02-07;14;7738
15143;46;2021-02-08;110;7848
15144;46;2021-02-09;66;7914
15145;46;2021-02-10;66;7980
15146;46;2021-02-11;68;8048
15147;46;2021-02-12;74;8122
15148;46;2021-02-13;24;8146
15149;46;2021-02-14;2;8148
15150;46;2021-02-15;62;8210
15151;46;2021-02-16;64;8274
15152;46;2021-02-17;68;8342
15153;46;2021-02-18;56;8398
15154;46;2021-02-19;58;8456
15155;46;2021-02-20;14;8470
15156;46;2021-02-21;0;8470
15157;46;2021-02-22;74;8544
15158;46;2021-02-23;40;8584
15159;46;2021-02-24;26;8610
15160;46;2021-02-25;22;8632
15161;46;2021-02-26;42;8674
15162;46;2021-02-27;18;8692
15163;46;2021-02-28;0;8692
15164;46;2021-03-01;58;8750
15165;46;2021-03-02;42;8792
15166;46;2021-03-03;34;8826
15167;46;2021-03-04;26;8852
15168;46;2021-03-05;34;8886
15169;46;2021-03-06;26;8912
15170;46;2021-03-07;0;8912
15171;46;2021-03-08;56;8968
15172;46;2021-03-09;28;8996
15173;46;2021-03-10;26;9022
15174;46;2021-03-11;50;9072
15175;46;2021-03-12;56;9128
15176;46;2021-03-13;42;9170
15177;46;2021-03-14;2;9172
15178;46;2021-03-15;76;9248
15179;46;2021-03-16;88;9336
15180;46;2021-03-17;72;9408
15181;46;2021-03-18;70;9478
15182;46;2021-03-19;90;9568
15183;46;2021-03-20;52;9620
15184;46;2021-03-21;4;9624
15185;46;2021-03-22;114;9738
15186;46;2021-03-23;86;9824
15187;46;2021-03-24;58;9882
15188;46;2021-03-25;90;9972
15189;46;2021-03-26;84;10056
15190;46;2021-03-27;56;10112
15191;46;2021-03-28;6;10118
15192;46;2021-03-29;138;10256
15193;46;2021-03-30;102;10358
15194;46;2021-03-31;110;10468
15195;46;2021-04-01;94;10562
15196;46;2021-04-02;84;10646
15197;46;2021-04-03;58;10704
15198;46;2021-04-04;4;10708
15199;46;2021-04-05;16;10724
15200;46;2021-04-06;174;10898
15201;46;2021-04-07;80;10978
15202;46;2021-04-08;128;11106
15203;46;2021-04-09;106;11212
15204;46;2021-04-10;46;11258
15205;46;2021-04-11;2;11260
15206;46;2021-04-12;176;11436
15207;46;2021-04-13;130;11566
15208;46;2021-04-14;100;11666
15209;46;2021-04-15;74;11740
15210;47;2020-05-13;0;0
15211;47;2020-05-14;2;2
15212;47;2020-05-15;2;4
15213;47;2020-05-16;2;6
15214;47;2020-05-17;0;6
15215;47;2020-05-18;4;10
15216;47;2020-05-19;2;12
15217;47;2020-05-20;0;12
15218;47;2020-05-21;0;12
15219;47;2020-05-22;4;16
15220;47;2020-05-23;0;16
15221;47;2020-05-24;0;16
15222;47;2020-05-25;2;18
15223;47;2020-05-26;2;20
15224;47;2020-05-27;0;20
15225;47;2020-05-28;0;20
15226;47;2020-05-29;2;22
15227;47;2020-05-30;2;24
15228;47;2020-05-31;0;24
15229;47;2020-06-01;0;24
15230;47;2020-06-02;2;26
15231;47;2020-06-03;0;26
15232;47;2020-06-04;0;26
15233;47;2020-06-05;0;26
15234;47;2020-06-06;0;26
15235;47;2020-06-07;0;26
15236;47;2020-06-08;0;26
15237;47;2020-06-09;2;28
15238;47;2020-06-10;4;32
15239;47;2020-06-11;0;32
15240;47;2020-06-12;2;34
15241;47;2020-06-13;2;36
15242;47;2020-06-14;0;36
15243;47;2020-06-15;0;36
15244;47;2020-06-16;0;36
15245;47;2020-06-17;0;36
15246;47;2020-06-18;0;36
15247;47;2020-06-19;0;36
15248;47;2020-06-20;0;36
15249;47;2020-06-21;0;36
15250;47;2020-06-22;0;36
15251;47;2020-06-23;0;36
15252;47;2020-06-24;0;36
15253;47;2020-06-25;0;36
15254;47;2020-06-26;2;38
15255;47;2020-06-27;2;40
15256;47;2020-06-28;2;42
15257;47;2020-06-29;0;42
15258;47;2020-06-30;2;44
15259;47;2020-07-01;0;44
15260;47;2020-07-02;0;44
15261;47;2020-07-03;0;44
15262;47;2020-07-04;0;44
15263;47;2020-07-05;0;44
15264;47;2020-07-06;0;44
15265;47;2020-07-07;0;44
15266;47;2020-07-08;8;52
15267;47;2020-07-09;2;54
15268;47;2020-07-10;8;62
15269;47;2020-07-11;0;62
15270;47;2020-07-12;0;62
15271;47;2020-07-13;0;62
15272;47;2020-07-14;0;62
15273;47;2020-07-15;0;62
15274;47;2020-07-16;2;64
15275;47;2020-07-17;2;66
15276;47;2020-07-18;0;66
15277;47;2020-07-19;0;66
15278;47;2020-07-20;0;66
15279;47;2020-07-21;0;66
15280;47;2020-07-22;2;68
15281;47;2020-07-23;2;70
15282;47;2020-07-24;6;76
15283;47;2020-07-25;2;78
15284;47;2020-07-26;0;78
15285;47;2020-07-27;4;82
15286;47;2020-07-28;0;82
15287;47;2020-07-29;0;82
15288;47;2020-07-30;4;86
15289;47;2020-07-31;0;86
15290;47;2020-08-01;4;90
15291;47;2020-08-02;2;92
15292;47;2020-08-03;10;102
15293;47;2020-08-04;8;110
15294;47;2020-08-05;6;116
15295;47;2020-08-06;2;118
15296;47;2020-08-07;12;130
15297;47;2020-08-08;14;144
15298;47;2020-08-09;2;146
15299;47;2020-08-10;8;154
15300;47;2020-08-11;6;160
15301;47;2020-08-12;10;170
15302;47;2020-08-13;10;180
15303;47;2020-08-14;18;198
15304;47;2020-08-15;4;202
15305;47;2020-08-16;2;204
15306;47;2020-08-17;20;224
15307;47;2020-08-18;34;258
15308;47;2020-08-19;41;299
15309;47;2020-08-20;25;324
15310;47;2020-08-21;52;376
15311;47;2020-08-22;42;418
15312;47;2020-08-23;4;422
15313;47;2020-08-24;74;496
15314;47;2020-08-25;50;546
15315;47;2020-08-26;60;606
15316;47;2020-08-27;50;656
15317;47;2020-08-28;40;696
15318;47;2020-08-29;26;722
15319;47;2020-08-30;14;736
15320;47;2020-08-31;64;800
15321;47;2020-09-01;74;874
15322;47;2020-09-02;81;955
15323;47;2020-09-03;73;1028
15324;47;2020-09-04;92;1120
15325;47;2020-09-05;36;1156
15326;47;2020-09-06;4;1160
15327;47;2020-09-07;72;1232
15328;47;2020-09-08;92;1324
15329;47;2020-09-09;72;1396
15330;47;2020-09-10;68;1464
15331;47;2020-09-11;92;1556
15332;47;2020-09-12;26;1582
15333;47;2020-09-13;6;1588
15334;47;2020-09-14;58;1646
15335;47;2020-09-15;54;1700
15336;47;2020-09-16;70;1770
15337;47;2020-09-17;74;1844
15338;47;2020-09-18;72;1916
15339;47;2020-09-19;36;1952
15340;47;2020-09-20;0;1952
15341;47;2020-09-21;88;2040
15342;47;2020-09-22;105;2145
15343;47;2020-09-23;54;2199
15344;47;2020-09-24;76;2275
15345;47;2020-09-25;78;2353
15346;47;2020-09-26;24;2377
15347;47;2020-09-27;2;2379
15348;47;2020-09-28;84;2463
15349;47;2020-09-29;114;2577
15350;47;2020-09-30;70;2647
15351;47;2020-10-01;92;2739
15352;47;2020-10-02;84;2823
15353;47;2020-10-03;40;2863
15354;47;2020-10-04;14;2877
15355;47;2020-10-05;122;2999
15356;47;2020-10-06;86;3085
15357;47;2020-10-07;98;3183
15358;47;2020-10-08;108;3291
15359;47;2020-10-09;140;3431
15360;47;2020-10-10;68;3499
15361;47;2020-10-11;4;3503
15362;47;2020-10-12;174;3677
15363;47;2020-10-13;140;3817
15364;47;2020-10-14;112;3929
15365;47;2020-10-15;112;4041
15366;47;2020-10-16;186;4227
15367;47;2020-10-17;52;4279
15368;47;2020-10-18;8;4287
15369;47;2020-10-19;214;4501
15370;47;2020-10-20;202;4703
15371;47;2020-10-21;208;4911
15372;47;2020-10-22;273;5184
15373;47;2020-10-23;274;5458
15374;47;2020-10-24;80;5538
15375;47;2020-10-25;14;5552
15376;47;2020-10-26;334;5886
15377;47;2020-10-27;404;6290
15378;47;2020-10-28;263;6553
15379;47;2020-10-29;296;6849
15380;47;2020-10-30;302;7151
15381;47;2020-10-31;154;7305
15382;47;2020-11-01;20;7325
15383;47;2020-11-02;470;7795
15384;47;2020-11-03;384;8179
15385;47;2020-11-04;353;8532
15386;47;2020-11-05;268;8800
15387;47;2020-11-06;354;9154
15388;47;2020-11-07;167;9321
15389;47;2020-11-08;16;9337
15390;47;2020-11-09;442;9779
15391;47;2020-11-10;302;10081
15392;47;2020-11-11;40;10121
15393;47;2020-11-12;282;10403
15394;47;2020-11-13;420;10823
15395;47;2020-11-14;78;10901
15396;47;2020-11-15;26;10927
15397;47;2020-11-16;256;11183
15398;47;2020-11-17;256;11439
15399;47;2020-11-18;168;11607
15400;47;2020-11-19;196;11803
15401;47;2020-11-20;136;11939
15402;47;2020-11-21;68;12007
15403;47;2020-11-22;18;12025
15404;47;2020-11-23;179;12204
15405;47;2020-11-24;230;12434
15406;47;2020-11-25;118;12552
15407;47;2020-11-26;124;12676
15408;47;2020-11-27;142;12818
15409;47;2020-11-28;54;12872
15410;47;2020-11-29;8;12880
15411;47;2020-11-30;332;13212
15412;47;2020-12-01;152;13364
15413;47;2020-12-02;126;13490
15414;47;2020-12-03;172;13662
15415;47;2020-12-04;190;13852
15416;47;2020-12-05;67;13919
15417;47;2020-12-06;18;13937
15418;47;2020-12-07;212;14149
15419;47;2020-12-08;152;14301
15420;47;2020-12-09;153;14454
15421;47;2020-12-10;126;14580
15422;47;2020-12-11;114;14694
15423;47;2020-12-12;112;14806
15424;47;2020-12-13;12;14818
15425;47;2020-12-14;180;14998
15426;47;2020-12-15;154;15152
15427;47;2020-12-16;150;15302
15428;47;2020-12-17;186;15488
15429;47;2020-12-18;200;15688
15430;47;2020-12-19;112;15800
15431;47;2020-12-20;10;15810
15432;47;2020-12-21;200;16010
15433;47;2020-12-22;178;16188
15434;47;2020-12-23;121;16309
15435;47;2020-12-24;120;16429
15436;47;2020-12-25;18;16447
15437;47;2020-12-26;81;16528
15438;47;2020-12-27;4;16532
15439;47;2020-12-28;190;16722
15440;47;2020-12-29;148;16870
15441;47;2020-12-30;118;16988
15442;47;2020-12-31;100;17088
15443;47;2021-01-01;10;17098
15444;47;2021-01-02;68;17166
15445;47;2021-01-03;18;17184
15446;47;2021-01-04;204;17388
15447;47;2021-01-05;142;17530
15448;47;2021-01-06;188;17718
15449;47;2021-01-07;192;17910
15450;47;2021-01-08;132;18042
15451;47;2021-01-09;92;18134
15452;47;2021-01-10;6;18140
15453;47;2021-01-11;258;18398
15454;47;2021-01-12;234;18632
15455;47;2021-01-13;204;18836
15456;47;2021-01-14;196;19032
15457;47;2021-01-15;212;19244
15458;47;2021-01-16;96;19340
15459;47;2021-01-17;8;19348
15460;47;2021-01-18;248;19596
15461;47;2021-01-19;204;19800
15462;47;2021-01-20;160;19960
15463;47;2021-01-21;170;20130
15464;47;2021-01-22;182;20312
15465;47;2021-01-23;96;20408
15466;47;2021-01-24;10;20418
15467;47;2021-01-25;190;20608
15468;47;2021-01-26;166;20774
15469;47;2021-01-27;112;20886
15470;47;2021-01-28;170;21056
15471;47;2021-01-29;120;21176
15472;47;2021-01-30;80;21256
15473;47;2021-01-31;18;21274
15474;47;2021-02-01;206;21480
15475;47;2021-02-02;230;21710
15476;47;2021-02-03;144;21854
15477;47;2021-02-04;163;22017
15478;47;2021-02-05;171;22188
15479;47;2021-02-06;84;22272
15480;47;2021-02-07;14;22286
15481;47;2021-02-08;158;22444
15482;47;2021-02-09;160;22604
15483;47;2021-02-10;86;22690
15484;47;2021-02-11;92;22782
15485;47;2021-02-12;102;22884
15486;47;2021-02-13;58;22942
15487;47;2021-02-14;20;22962
15488;47;2021-02-15;144;23106
15489;47;2021-02-16;84;23190
15490;47;2021-02-17;82;23272
15491;47;2021-02-18;102;23374
15492;47;2021-02-19;102;23476
15493;47;2021-02-20;50;23526
15494;47;2021-02-21;6;23532
15495;47;2021-02-22;150;23682
15496;47;2021-02-23;100;23782
15497;47;2021-02-24;86;23868
15498;47;2021-02-25;108;23976
15499;47;2021-02-26;106;24082
15500;47;2021-02-27;72;24154
15501;47;2021-02-28;10;24164
15502;47;2021-03-01;150;24314
15503;47;2021-03-02;98;24412
15504;47;2021-03-03;120;24532
15505;47;2021-03-04;126;24658
15506;47;2021-03-05;116;24774
15507;47;2021-03-06;82;24856
15508;47;2021-03-07;14;24870
15509;47;2021-03-08;200;25070
15510;47;2021-03-09;145;25215
15511;47;2021-03-10;164;25379
15512;47;2021-03-11;158;25537
15513;47;2021-03-12;141;25678
15514;47;2021-03-13;70;25748
15515;47;2021-03-14;14;25762
15516;47;2021-03-15;166;25928
15517;47;2021-03-16;158;26086
15518;47;2021-03-17;175;26261
15519;47;2021-03-18;146;26407
15520;47;2021-03-19;128;26535
15521;47;2021-03-20;74;26609
15522;47;2021-03-21;22;26631
15523;47;2021-03-22;250;26881
15524;47;2021-03-23;247;27128
15525;47;2021-03-24;210;27338
15526;47;2021-03-25;174;27512
15527;47;2021-03-26;242;27754
15528;47;2021-03-27;144;27898
15529;47;2021-03-28;10;27908
15530;47;2021-03-29;259;28167
15531;47;2021-03-30;237;28404
15532;47;2021-03-31;210;28614
15533;47;2021-04-01;200;28814
15534;47;2021-04-02;228;29042
15535;47;2021-04-03;118;29160
15536;47;2021-04-04;12;29172
15537;47;2021-04-05;24;29196
15538;47;2021-04-06;322;29518
15539;47;2021-04-07;230;29748
15540;47;2021-04-08;184;29932
15541;47;2021-04-09;210;30142
15542;47;2021-04-10;143;30285
15543;47;2021-04-11;12;30297
15544;47;2021-04-12;282;30579
15545;47;2021-04-13;288;30867
15546;47;2021-04-14;172;31039
15547;47;2021-04-15;211;31250
15548;48;2020-05-13;0;0
15549;48;2020-05-14;0;0
15550;48;2020-05-15;0;0
15551;48;2020-05-16;0;0
15552;48;2020-05-17;0;0
15553;48;2020-05-18;0;0
15554;48;2020-05-19;2;2
15555;48;2020-05-20;0;2
15556;48;2020-05-21;0;2
15557;48;2020-05-22;0;2
15558;48;2020-05-23;6;8
15559;48;2020-05-24;0;8
15560;48;2020-05-25;0;8
15561;48;2020-05-26;0;8
15562;48;2020-05-27;0;8
15563;48;2020-05-28;0;8
15564;48;2020-05-29;0;8
15565;48;2020-05-30;0;8
15566;48;2020-05-31;0;8
15567;48;2020-06-01;0;8
15568;48;2020-06-02;0;8
15569;48;2020-06-03;0;8
15570;48;2020-06-04;0;8
15571;48;2020-06-05;0;8
15572;48;2020-06-06;0;8
15573;48;2020-06-07;0;8
15574;48;2020-06-08;0;8
15575;48;2020-06-09;0;8
15576;48;2020-06-10;0;8
15577;48;2020-06-11;0;8
15578;48;2020-06-12;0;8
15579;48;2020-06-13;0;8
15580;48;2020-06-14;0;8
15581;48;2020-06-15;0;8
15582;48;2020-06-16;0;8
15583;48;2020-06-17;0;8
15584;48;2020-06-18;0;8
15585;48;2020-06-19;0;8
15586;48;2020-06-20;0;8
15587;48;2020-06-21;0;8
15588;48;2020-06-22;0;8
15589;48;2020-06-23;0;8
15590;48;2020-06-24;0;8
15591;48;2020-06-25;0;8
15592;48;2020-06-26;0;8
15593;48;2020-06-27;0;8
15594;48;2020-06-28;0;8
15595;48;2020-06-29;0;8
15596;48;2020-06-30;0;8
15597;48;2020-07-01;0;8
15598;48;2020-07-02;0;8
15599;48;2020-07-03;0;8
15600;48;2020-07-04;0;8
15601;48;2020-07-05;0;8
15602;48;2020-07-06;0;8
15603;48;2020-07-07;0;8
15604;48;2020-07-08;0;8
15605;48;2020-07-09;0;8
15606;48;2020-07-10;0;8
15607;48;2020-07-11;0;8
15608;48;2020-07-12;0;8
15609;48;2020-07-13;0;8
15610;48;2020-07-14;0;8
15611;48;2020-07-15;0;8
15612;48;2020-07-16;0;8
15613;48;2020-07-17;0;8
15614;48;2020-07-18;0;8
15615;48;2020-07-19;0;8
15616;48;2020-07-20;0;8
15617;48;2020-07-21;0;8
15618;48;2020-07-22;0;8
15619;48;2020-07-23;0;8
15620;48;2020-07-24;0;8
15621;48;2020-07-25;0;8
15622;48;2020-07-26;0;8
15623;48;2020-07-27;0;8
15624;48;2020-07-28;0;8
15625;48;2020-07-29;0;8
15626;48;2020-07-30;0;8
15627;48;2020-07-31;0;8
15628;48;2020-08-01;0;8
15629;48;2020-08-02;0;8
15630;48;2020-08-03;2;10
15631;48;2020-08-04;0;10
15632;48;2020-08-05;0;10
15633;48;2020-08-06;0;10
15634;48;2020-08-07;0;10
15635;48;2020-08-08;0;10
15636;48;2020-08-09;0;10
15637;48;2020-08-10;0;10
15638;48;2020-08-11;2;12
15639;48;2020-08-12;4;16
15640;48;2020-08-13;0;16
15641;48;2020-08-14;6;22
15642;48;2020-08-15;0;22
15643;48;2020-08-16;2;24
15644;48;2020-08-17;0;24
15645;48;2020-08-18;0;24
15646;48;2020-08-19;4;28
15647;48;2020-08-20;6;34
15648;48;2020-08-21;4;38
15649;48;2020-08-22;0;38
15650;48;2020-08-23;0;38
15651;48;2020-08-24;6;44
15652;48;2020-08-25;4;48
15653;48;2020-08-26;6;54
15654;48;2020-08-27;2;56
15655;48;2020-08-28;8;64
15656;48;2020-08-29;0;64
15657;48;2020-08-30;0;64
15658;48;2020-08-31;14;78
15659;48;2020-09-01;4;82
15660;48;2020-09-02;6;88
15661;48;2020-09-03;16;104
15662;48;2020-09-04;20;124
15663;48;2020-09-05;2;126
15664;48;2020-09-06;0;126
15665;48;2020-09-07;6;132
15666;48;2020-09-08;10;142
15667;48;2020-09-09;6;148
15668;48;2020-09-10;8;156
15669;48;2020-09-11;6;162
15670;48;2020-09-12;4;166
15671;48;2020-09-13;2;168
15672;48;2020-09-14;40;208
15673;48;2020-09-15;8;216
15674;48;2020-09-16;8;224
15675;48;2020-09-17;18;242
15676;48;2020-09-18;22;264
15677;48;2020-09-19;0;264
15678;48;2020-09-20;2;266
15679;48;2020-09-21;36;302
15680;48;2020-09-22;24;326
15681;48;2020-09-23;16;342
15682;48;2020-09-24;14;356
15683;48;2020-09-25;16;372
15684;48;2020-09-26;0;372
15685;48;2020-09-27;0;372
15686;48;2020-09-28;20;392
15687;48;2020-09-29;18;410
15688;48;2020-09-30;30;440
15689;48;2020-10-01;6;446
15690;48;2020-10-02;6;452
15691;48;2020-10-03;6;458
15692;48;2020-10-04;2;460
15693;48;2020-10-05;104;564
15694;48;2020-10-06;34;598
15695;48;2020-10-07;20;618
15696;48;2020-10-08;50;668
15697;48;2020-10-09;38;706
15698;48;2020-10-10;20;726
15699;48;2020-10-11;4;730
15700;48;2020-10-12;42;772
15701;48;2020-10-13;90;862
15702;48;2020-10-14;22;884
15703;48;2020-10-15;56;940
15704;48;2020-10-16;22;962
15705;48;2020-10-17;14;976
15706;48;2020-10-18;4;980
15707;48;2020-10-19;42;1022
15708;48;2020-10-20;226;1248
15709;48;2020-10-21;114;1362
15710;48;2020-10-22;138;1500
15711;48;2020-10-23;244;1744
15712;48;2020-10-24;54;1798
15713;48;2020-10-25;10;1808
15714;48;2020-10-26;132;1940
15715;48;2020-10-27;180;2120
15716;48;2020-10-28;128;2248
15717;48;2020-10-29;172;2420
15718;48;2020-10-30;134;2554
15719;48;2020-10-31;48;2602
15720;48;2020-11-01;2;2604
15721;48;2020-11-02;320;2924
15722;48;2020-11-03;145;3069
15723;48;2020-11-04;174;3243
15724;48;2020-11-05;146;3389
15725;48;2020-11-06;112;3501
15726;48;2020-11-07;52;3553
15727;48;2020-11-08;4;3557
15728;48;2020-11-09;204;3761
15729;48;2020-11-10;74;3835
15730;48;2020-11-11;14;3849
15731;48;2020-11-12;102;3951
15732;48;2020-11-13;123;4074
15733;48;2020-11-14;34;4108
15734;48;2020-11-15;4;4112
15735;48;2020-11-16;142;4254
15736;48;2020-11-17;102;4356
15737;48;2020-11-18;34;4390
15738;48;2020-11-19;32;4422
15739;48;2020-11-20;64;4486
15740;48;2020-11-21;18;4504
15741;48;2020-11-22;4;4508
15742;48;2020-11-23;131;4639
15743;48;2020-11-24;104;4743
15744;48;2020-11-25;18;4761
15745;48;2020-11-26;46;4807
15746;48;2020-11-27;34;4841
15747;48;2020-11-28;34;4875
15748;48;2020-11-29;4;4879
15749;48;2020-11-30;50;4929
15750;48;2020-12-01;86;5015
15751;48;2020-12-02;22;5037
15752;48;2020-12-03;36;5073
15753;48;2020-12-04;54;5127
15754;48;2020-12-05;14;5141
15755;48;2020-12-06;6;5147
15756;48;2020-12-07;74;5221
15757;48;2020-12-08;44;5265
15758;48;2020-12-09;68;5333
15759;48;2020-12-10;16;5349
15760;48;2020-12-11;34;5383
15761;48;2020-12-12;8;5391
15762;48;2020-12-13;2;5393
15763;48;2020-12-14;42;5435
15764;48;2020-12-15;24;5459
15765;48;2020-12-16;24;5483
15766;48;2020-12-17;12;5495
15767;48;2020-12-18;62;5557
15768;48;2020-12-19;30;5587
15769;48;2020-12-20;2;5589
15770;48;2020-12-21;62;5651
15771;48;2020-12-22;66;5717
15772;48;2020-12-23;32;5749
15773;48;2020-12-24;14;5763
15774;48;2020-12-25;8;5771
15775;48;2020-12-26;4;5775
15776;48;2020-12-27;6;5781
15777;48;2020-12-28;30;5811
15778;48;2020-12-29;42;5853
15779;48;2020-12-30;42;5895
15780;48;2020-12-31;54;5949
15781;48;2021-01-01;2;5951
15782;48;2021-01-02;26;5977
15783;48;2021-01-03;12;5989
15784;48;2021-01-04;54;6043
15785;48;2021-01-05;46;6089
15786;48;2021-01-06;88;6177
15787;48;2021-01-07;56;6233
15788;48;2021-01-08;42;6275
15789;48;2021-01-09;32;6307
15790;48;2021-01-10;10;6317
15791;48;2021-01-11;62;6379
15792;48;2021-01-12;64;6443
15793;48;2021-01-13;44;6487
15794;48;2021-01-14;58;6545
15795;48;2021-01-15;110;6655
15796;48;2021-01-16;22;6677
15797;48;2021-01-17;10;6687
15798;48;2021-01-18;92;6779
15799;48;2021-01-19;90;6869
15800;48;2021-01-20;70;6939
15801;48;2021-01-21;110;7049
15802;48;2021-01-22;98;7147
15803;48;2021-01-23;26;7173
15804;48;2021-01-24;4;7177
15805;48;2021-01-25;106;7283
15806;48;2021-01-26;80;7363
15807;48;2021-01-27;68;7431
15808;48;2021-01-28;50;7481
15809;48;2021-01-29;56;7537
15810;48;2021-01-30;16;7553
15811;48;2021-01-31;2;7555
15812;48;2021-02-01;88;7643
15813;48;2021-02-02;58;7701
15814;48;2021-02-03;58;7759
15815;48;2021-02-04;60;7819
15816;48;2021-02-05;70;7889
15817;48;2021-02-06;26;7915
15818;48;2021-02-07;8;7923
15819;48;2021-02-08;68;7991
15820;48;2021-02-09;60;8051
15821;48;2021-02-10;50;8101
15822;48;2021-02-11;32;8133
15823;48;2021-02-12;58;8191
15824;48;2021-02-13;22;8213
15825;48;2021-02-14;0;8213
15826;48;2021-02-15;46;8259
15827;48;2021-02-16;44;8303
15828;48;2021-02-17;24;8327
15829;48;2021-02-18;28;8355
15830;48;2021-02-19;30;8385
15831;48;2021-02-20;10;8395
15832;48;2021-02-21;2;8397
15833;48;2021-02-22;32;8429
15834;48;2021-02-23;40;8469
15835;48;2021-02-24;16;8485
15836;48;2021-02-25;40;8525
15837;48;2021-02-26;32;8557
15838;48;2021-02-27;12;8569
15839;48;2021-02-28;4;8573
15840;48;2021-03-01;104;8677
15841;48;2021-03-02;40;8717
15842;48;2021-03-03;32;8749
15843;48;2021-03-04;26;8775
15844;48;2021-03-05;52;8827
15845;48;2021-03-06;4;8831
15846;48;2021-03-07;4;8835
15847;48;2021-03-08;54;8889
15848;48;2021-03-09;44;8933
15849;48;2021-03-10;18;8951
15850;48;2021-03-11;34;8985
15851;48;2021-03-12;60;9045
15852;48;2021-03-13;30;9075
15853;48;2021-03-14;12;9087
15854;48;2021-03-15;58;9145
15855;48;2021-03-16;60;9205
15856;48;2021-03-17;74;9279
15857;48;2021-03-18;68;9347
15858;48;2021-03-19;116;9463
15859;48;2021-03-20;42;9505
15860;48;2021-03-21;18;9523
15861;48;2021-03-22;126;9649
15862;48;2021-03-23;70;9719
15863;48;2021-03-24;80;9799
15864;48;2021-03-25;86;9885
15865;48;2021-03-26;166;10051
15866;48;2021-03-27;16;10067
15867;48;2021-03-28;4;10071
15868;48;2021-03-29;116;10187
15869;48;2021-03-30;86;10273
15870;48;2021-03-31;100;10373
15871;48;2021-04-01;122;10495
15872;48;2021-04-02;86;10581
15873;48;2021-04-03;52;10633
15874;48;2021-04-04;10;10643
15875;48;2021-04-05;52;10695
15876;48;2021-04-06;162;10857
15877;48;2021-04-07;114;10971
15878;48;2021-04-08;118;11089
15879;48;2021-04-09;94;11183
15880;48;2021-04-10;40;11223
15881;48;2021-04-11;10;11233
15882;48;2021-04-12;94;11327
15883;48;2021-04-13;130;11457
15884;48;2021-04-14;74;11531
15885;48;2021-04-15;72;11603
15886;49;2020-05-13;12;12
15887;49;2020-05-14;22;34
15888;49;2020-05-15;10;44
15889;49;2020-05-16;12;56
15890;49;2020-05-17;0;56
15891;49;2020-05-18;36;92
15892;49;2020-05-19;38;130
15893;49;2020-05-20;62;192
15894;49;2020-05-21;14;206
15895;49;2020-05-22;20;226
15896;49;2020-05-23;6;232
15897;49;2020-05-24;4;236
15898;49;2020-05-25;12;248
15899;49;2020-05-26;26;274
15900;49;2020-05-27;10;284
15901;49;2020-05-28;14;298
15902;49;2020-05-29;8;306
15903;49;2020-05-30;6;312
15904;49;2020-05-31;4;316
15905;49;2020-06-01;2;318
15906;49;2020-06-02;30;348
15907;49;2020-06-03;4;352
15908;49;2020-06-04;12;364
15909;49;2020-06-05;10;374
15910;49;2020-06-06;8;382
15911;49;2020-06-07;4;386
15912;49;2020-06-08;8;394
15913;49;2020-06-09;16;410
15914;49;2020-06-10;22;432
15915;49;2020-06-11;12;444
15916;49;2020-06-12;22;466
15917;49;2020-06-13;14;480
15918;49;2020-06-14;2;482
15919;49;2020-06-15;12;494
15920;49;2020-06-16;14;508
15921;49;2020-06-17;8;516
15922;49;2020-06-18;10;526
15923;49;2020-06-19;12;538
15924;49;2020-06-20;2;540
15925;49;2020-06-21;0;540
15926;49;2020-06-22;8;548
15927;49;2020-06-23;6;554
15928;49;2020-06-24;4;558
15929;49;2020-06-25;4;562
15930;49;2020-06-26;14;576
15931;49;2020-06-27;4;580
15932;49;2020-06-28;0;580
15933;49;2020-06-29;6;586
15934;49;2020-06-30;16;602
15935;49;2020-07-01;6;608
15936;49;2020-07-02;2;610
15937;49;2020-07-03;4;614
15938;49;2020-07-04;2;616
15939;49;2020-07-05;2;618
15940;49;2020-07-06;12;630
15941;49;2020-07-07;10;640
15942;49;2020-07-08;14;654
15943;49;2020-07-09;2;656
15944;49;2020-07-10;4;660
15945;49;2020-07-11;12;672
15946;49;2020-07-12;0;672
15947;49;2020-07-13;54;726
15948;49;2020-07-14;0;726
15949;49;2020-07-15;16;742
15950;49;2020-07-16;4;746
15951;49;2020-07-17;22;768
15952;49;2020-07-18;14;782
15953;49;2020-07-19;2;784
15954;49;2020-07-20;14;798
15955;49;2020-07-21;4;802
15956;49;2020-07-22;32;834
15957;49;2020-07-23;20;854
15958;49;2020-07-24;12;866
15959;49;2020-07-25;4;870
15960;49;2020-07-26;0;870
15961;49;2020-07-27;42;912
15962;49;2020-07-28;22;934
15963;49;2020-07-29;22;956
15964;49;2020-07-30;34;990
15965;49;2020-07-31;20;1010
15966;49;2020-08-01;6;1016
15967;49;2020-08-02;4;1020
15968;49;2020-08-03;26;1046
15969;49;2020-08-04;36;1082
15970;49;2020-08-05;24;1106
15971;49;2020-08-06;28;1134
15972;49;2020-08-07;36;1170
15973;49;2020-08-08;8;1178
15974;49;2020-08-09;2;1180
15975;49;2020-08-10;40;1220
15976;49;2020-08-11;42;1262
15977;49;2020-08-12;46;1308
15978;49;2020-08-13;52;1360
15979;49;2020-08-14;68;1428
15980;49;2020-08-15;14;1442
15981;49;2020-08-16;4;1446
15982;49;2020-08-17;80;1526
15983;49;2020-08-18;94;1620
15984;49;2020-08-19;124;1744
15985;49;2020-08-20;62;1806
15986;49;2020-08-21;76;1882
15987;49;2020-08-22;4;1886
15988;49;2020-08-23;6;1892
15989;49;2020-08-24;76;1968
15990;49;2020-08-25;70;2038
15991;49;2020-08-26;74;2112
15992;49;2020-08-27;74;2186
15993;49;2020-08-28;100;2286
15994;49;2020-08-29;10;2296
15995;49;2020-08-30;6;2302
15996;49;2020-08-31;126;2428
15997;49;2020-09-01;148;2576
15998;49;2020-09-02;170;2746
15999;49;2020-09-03;172;2918
16000;49;2020-09-04;200;3118
16001;49;2020-09-05;66;3184
16002;49;2020-09-06;4;3188
16003;49;2020-09-07;244;3432
16004;49;2020-09-08;242;3674
16005;49;2020-09-09;282;3956
16006;49;2020-09-10;182;4138
16007;49;2020-09-11;209;4347
16008;49;2020-09-12;54;4401
16009;49;2020-09-13;14;4415
16010;49;2020-09-14;220;4635
16011;49;2020-09-15;244;4879
16012;49;2020-09-16;252;5131
16013;49;2020-09-17;246;5377
16014;49;2020-09-18;240;5617
16015;49;2020-09-19;44;5661
16016;49;2020-09-20;8;5669
16017;49;2020-09-21;278;5947
16018;49;2020-09-22;226;6173
16019;49;2020-09-23;228;6401
16020;49;2020-09-24;192;6593
16021;49;2020-09-25;184;6777
16022;49;2020-09-26;48;6825
16023;49;2020-09-27;2;6827
16024;49;2020-09-28;218;7045
16025;49;2020-09-29;130;7175
16026;49;2020-09-30;158;7333
16027;49;2020-10-01;214;7547
16028;49;2020-10-02;216;7763
16029;49;2020-10-03;100;7863
16030;49;2020-10-04;4;7867
16031;49;2020-10-05;376;8243
16032;49;2020-10-06;284;8527
16033;49;2020-10-07;344;8871
16034;49;2020-10-08;372;9243
16035;49;2020-10-09;340;9583
16036;49;2020-10-10;186;9769
16037;49;2020-10-11;14;9783
16038;49;2020-10-12;582;10365
16039;49;2020-10-13;466;10831
16040;49;2020-10-14;516;11347
16041;49;2020-10-15;598;11945
16042;49;2020-10-16;574;12519
16043;49;2020-10-17;280;12799
16044;49;2020-10-18;14;12813
16045;49;2020-10-19;962;13775
16046;49;2020-10-20;888;14663
16047;49;2020-10-21;1026;15689
16048;49;2020-10-22;1038;16727
16049;49;2020-10-23;1196;17923
16050;49;2020-10-24;496;18419
16051;49;2020-10-25;58;18477
16052;49;2020-10-26;1700;20177
16053;49;2020-10-27;1248;21425
16054;49;2020-10-28;1108;22533
16055;49;2020-10-29;1196;23729
16056;49;2020-10-30;1364;25093
16057;49;2020-10-31;508;25601
16058;49;2020-11-01;32;25633
16059;49;2020-11-02;1600;27233
16060;49;2020-11-03;1296;28529
16061;49;2020-11-04;1156;29685
16062;49;2020-11-05;904;30589
16063;49;2020-11-06;950;31539
16064;49;2020-11-07;368;31907
16065;49;2020-11-08;36;31943
16066;49;2020-11-09;1274;33217
16067;49;2020-11-10;814;34031
16068;49;2020-11-11;36;34067
16069;49;2020-11-12;932;34999
16070;49;2020-11-13;538;35537
16071;49;2020-11-14;224;35761
16072;49;2020-11-15;18;35779
16073;49;2020-11-16;622;36401
16074;49;2020-11-17;344;36745
16075;49;2020-11-18;328;37073
16076;49;2020-11-19;248;37321
16077;49;2020-11-20;236;37557
16078;49;2020-11-21;108;37665
16079;49;2020-11-22;12;37677
16080;49;2020-11-23;302;37979
16081;49;2020-11-24;264;38243
16082;49;2020-11-25;190;38433
16083;49;2020-11-26;218;38651
16084;49;2020-11-27;206;38857
16085;49;2020-11-28;94;38951
16086;49;2020-11-29;6;38957
16087;49;2020-11-30;300;39257
16088;49;2020-12-01;278;39535
16089;49;2020-12-02;258;39793
16090;49;2020-12-03;262;40055
16091;49;2020-12-04;232;40287
16092;49;2020-12-05;80;40367
16093;49;2020-12-06;18;40385
16094;49;2020-12-07;363;40748
16095;49;2020-12-08;258;41006
16096;49;2020-12-09;302;41308
16097;49;2020-12-10;344;41652
16098;49;2020-12-11;264;41916
16099;49;2020-12-12;98;42014
16100;49;2020-12-13;36;42050
16101;49;2020-12-14;374;42424
16102;49;2020-12-15;228;42652
16103;49;2020-12-16;272;42924
16104;49;2020-12-17;322;43246
16105;49;2020-12-18;256;43502
16106;49;2020-12-19;150;43652
16107;49;2020-12-20;18;43670
16108;49;2020-12-21;446;44116
16109;49;2020-12-22;318;44434
16110;49;2020-12-23;328;44762
16111;49;2020-12-24;256;45018
16112;49;2020-12-25;8;45026
16113;49;2020-12-26;212;45238
16114;49;2020-12-27;14;45252
16115;49;2020-12-28;432;45684
16116;49;2020-12-29;452;46136
16117;49;2020-12-30;404;46540
16118;49;2020-12-31;240;46780
16119;49;2021-01-01;14;46794
16120;49;2021-01-02;262;47056
16121;49;2021-01-03;26;47082
16122;49;2021-01-04;554;47636
16123;49;2021-01-05;370;48006
16124;49;2021-01-06;258;48264
16125;49;2021-01-07;276;48540
16126;49;2021-01-08;334;48874
16127;49;2021-01-09;128;49002
16128;49;2021-01-10;20;49022
16129;49;2021-01-11;382;49404
16130;49;2021-01-12;468;49872
16131;49;2021-01-13;364;50236
16132;49;2021-01-14;382;50618
16133;49;2021-01-15;380;50998
16134;49;2021-01-16;186;51184
16135;49;2021-01-17;20;51204
16136;49;2021-01-18;554;51758
16137;49;2021-01-19;474;52232
16138;49;2021-01-20;450;52682
16139;49;2021-01-21;442;53124
16140;49;2021-01-22;434;53558
16141;49;2021-01-23;244;53802
16142;49;2021-01-24;38;53840
16143;49;2021-01-25;646;54486
16144;49;2021-01-26;482;54968
16145;49;2021-01-27;588;55556
16146;49;2021-01-28;494;56050
16147;49;2021-01-29;472;56522
16148;49;2021-01-30;230;56752
16149;49;2021-01-31;28;56780
16150;49;2021-02-01;642;57422
16151;49;2021-02-02;476;57898
16152;49;2021-02-03;398;58296
16153;49;2021-02-04;406;58702
16154;49;2021-02-05;454;59156
16155;49;2021-02-06;290;59446
16156;49;2021-02-07;28;59474
16157;49;2021-02-08;528;60002
16158;49;2021-02-09;400;60402
16159;49;2021-02-10;362;60764
16160;49;2021-02-11;402;61166
16161;49;2021-02-12;454;61620
16162;49;2021-02-13;272;61892
16163;49;2021-02-14;30;61922
16164;49;2021-02-15;532;62454
16165;49;2021-02-16;472;62926
16166;49;2021-02-17;488;63414
16167;49;2021-02-18;482;63896
16168;49;2021-02-19;532;64428
16169;49;2021-02-20;342;64770
16170;49;2021-02-21;28;64798
16171;49;2021-02-22;602;65400
16172;49;2021-02-23;502;65902
16173;49;2021-02-24;462;66364
16174;49;2021-02-25;522;66886
16175;49;2021-02-26;520;67406
16176;49;2021-02-27;286;67692
16177;49;2021-02-28;74;67766
16178;49;2021-03-01;680;68446
16179;49;2021-03-02;458;68904
16180;49;2021-03-03;460;69364
16181;49;2021-03-04;576;69940
16182;49;2021-03-05;548;70488
16183;49;2021-03-06;352;70840
16184;49;2021-03-07;62;70902
16185;49;2021-03-08;714;71616
16186;49;2021-03-09;534;72150
16187;49;2021-03-10;564;72714
16188;49;2021-03-11;578;73292
16189;49;2021-03-12;612;73904
16190;49;2021-03-13;364;74268
16191;49;2021-03-14;52;74320
16192;49;2021-03-15;782;75102
16193;49;2021-03-16;672;75774
16194;49;2021-03-17;540;76314
16195;49;2021-03-18;670;76984
16196;49;2021-03-19;716;77700
16197;49;2021-03-20;438;78138
16198;49;2021-03-21;50;78188
16199;49;2021-03-22;884;79072
16200;49;2021-03-23;696;79768
16201;49;2021-03-24;798;80566
16202;49;2021-03-25;748;81314
16203;49;2021-03-26;916;82230
16204;49;2021-03-27;604;82834
16205;49;2021-03-28;84;82918
16206;49;2021-03-29;1239;84157
16207;49;2021-03-30;936;85093
16208;49;2021-03-31;822;85915
16209;49;2021-04-01;888;86803
16210;49;2021-04-02;850;87653
16211;49;2021-04-03;598;88251
16212;49;2021-04-04;72;88323
16213;49;2021-04-05;204;88527
16214;49;2021-04-06;1112;89639
16215;49;2021-04-07;818;90457
16216;49;2021-04-08;842;91299
16217;49;2021-04-09;908;92207
16218;49;2021-04-10;606;92813
16219;49;2021-04-11;68;92881
16220;49;2021-04-12;1054;93935
16221;49;2021-04-13;734;94669
16222;49;2021-04-14;666;95335
16223;49;2021-04-15;662;95997
16224;50;2020-05-13;9;9
16225;50;2020-05-14;2;11
16226;50;2020-05-15;0;11
16227;50;2020-05-16;2;13
16228;50;2020-05-17;0;13
16229;50;2020-05-18;0;13
16230;50;2020-05-19;2;15
16231;50;2020-05-20;0;15
16232;50;2020-05-21;0;15
16233;50;2020-05-22;4;19
16234;50;2020-05-23;0;19
16235;50;2020-05-24;0;19
16236;50;2020-05-25;0;19
16237;50;2020-05-26;2;21
16238;50;2020-05-27;0;21
16239;50;2020-05-28;0;21
16240;50;2020-05-29;2;23
16241;50;2020-05-30;0;23
16242;50;2020-05-31;0;23
16243;50;2020-06-01;0;23
16244;50;2020-06-02;0;23
16245;50;2020-06-03;2;25
16246;50;2020-06-04;2;27
16247;50;2020-06-05;0;27
16248;50;2020-06-06;0;27
16249;50;2020-06-07;0;27
16250;50;2020-06-08;2;29
16251;50;2020-06-09;0;29
16252;50;2020-06-10;0;29
16253;50;2020-06-11;4;33
16254;50;2020-06-12;2;35
16255;50;2020-06-13;0;35
16256;50;2020-06-14;0;35
16257;50;2020-06-15;6;41
16258;50;2020-06-16;0;41
16259;50;2020-06-17;0;41
16260;50;2020-06-18;0;41
16261;50;2020-06-19;0;41
16262;50;2020-06-20;0;41
16263;50;2020-06-21;0;41
16264;50;2020-06-22;2;43
16265;50;2020-06-23;6;49
16266;50;2020-06-24;0;49
16267;50;2020-06-25;0;49
16268;50;2020-06-26;0;49
16269;50;2020-06-27;0;49
16270;50;2020-06-28;0;49
16271;50;2020-06-29;4;53
16272;50;2020-06-30;6;59
16273;50;2020-07-01;0;59
16274;50;2020-07-02;0;59
16275;50;2020-07-03;0;59
16276;50;2020-07-04;0;59
16277;50;2020-07-05;0;59
16278;50;2020-07-06;0;59
16279;50;2020-07-07;0;59
16280;50;2020-07-08;0;59
16281;50;2020-07-09;0;59
16282;50;2020-07-10;2;61
16283;50;2020-07-11;0;61
16284;50;2020-07-12;0;61
16285;50;2020-07-13;0;61
16286;50;2020-07-14;0;61
16287;50;2020-07-15;0;61
16288;50;2020-07-16;4;65
16289;50;2020-07-17;0;65
16290;50;2020-07-18;2;67
16291;50;2020-07-19;0;67
16292;50;2020-07-20;2;69
16293;50;2020-07-21;2;71
16294;50;2020-07-22;2;73
16295;50;2020-07-23;2;75
16296;50;2020-07-24;6;81
16297;50;2020-07-25;0;81
16298;50;2020-07-26;2;83
16299;50;2020-07-27;2;85
16300;50;2020-07-28;4;89
16301;50;2020-07-29;2;91
16302;50;2020-07-30;0;91
16303;50;2020-07-31;6;97
16304;50;2020-08-01;2;99
16305;50;2020-08-02;0;99
16306;50;2020-08-03;4;103
16307;50;2020-08-04;16;119
16308;50;2020-08-05;0;119
16309;50;2020-08-06;2;121
16310;50;2020-08-07;4;125
16311;50;2020-08-08;0;125
16312;50;2020-08-09;2;127
16313;50;2020-08-10;8;135
16314;50;2020-08-11;6;141
16315;50;2020-08-12;8;149
16316;50;2020-08-13;4;153
16317;50;2020-08-14;18;171
16318;50;2020-08-15;2;173
16319;50;2020-08-16;2;175
16320;50;2020-08-17;16;191
16321;50;2020-08-18;16;207
16322;50;2020-08-19;18;225
16323;50;2020-08-20;12;237
16324;50;2020-08-21;8;245
16325;50;2020-08-22;8;253
16326;50;2020-08-23;0;253
16327;50;2020-08-24;20;273
16328;50;2020-08-25;24;297
16329;50;2020-08-26;20;317
16330;50;2020-08-27;34;351
16331;50;2020-08-28;24;375
16332;50;2020-08-29;18;393
16333;50;2020-08-30;2;395
16334;50;2020-08-31;10;405
16335;50;2020-09-01;20;425
16336;50;2020-09-02;22;447
16337;50;2020-09-03;32;479
16338;50;2020-09-04;22;501
16339;50;2020-09-05;12;513
16340;50;2020-09-06;0;513
16341;50;2020-09-07;62;575
16342;50;2020-09-08;56;631
16343;50;2020-09-09;30;661
16344;50;2020-09-10;52;713
16345;50;2020-09-11;50;763
16346;50;2020-09-12;14;777
16347;50;2020-09-13;10;787
16348;50;2020-09-14;64;851
16349;50;2020-09-15;54;905
16350;50;2020-09-16;48;953
16351;50;2020-09-17;53;1006
16352;50;2020-09-18;72;1078
16353;50;2020-09-19;22;1100
16354;50;2020-09-20;4;1104
16355;50;2020-09-21;60;1164
16356;50;2020-09-22;70;1234
16357;50;2020-09-23;60;1294
16358;50;2020-09-24;34;1328
16359;50;2020-09-25;42;1370
16360;50;2020-09-26;26;1396
16361;50;2020-09-27;6;1402
16362;50;2020-09-28;44;1446
16363;50;2020-09-29;34;1480
16364;50;2020-09-30;68;1548
16365;50;2020-10-01;40;1588
16366;50;2020-10-02;52;1640
16367;50;2020-10-03;48;1688
16368;50;2020-10-04;6;1694
16369;50;2020-10-05;118;1812
16370;50;2020-10-06;106;1918
16371;50;2020-10-07;110;2028
16372;50;2020-10-08;122;2150
16373;50;2020-10-09;110;2260
16374;50;2020-10-10;46;2306
16375;50;2020-10-11;12;2318
16376;50;2020-10-12;172;2490
16377;50;2020-10-13;118;2608
16378;50;2020-10-14;152;2760
16379;50;2020-10-15;218;2978
16380;50;2020-10-16;210;3188
16381;50;2020-10-17;88;3276
16382;50;2020-10-18;38;3314
16383;50;2020-10-19;324;3638
16384;50;2020-10-20;252;3890
16385;50;2020-10-21;258;4148
16386;50;2020-10-22;352;4500
16387;50;2020-10-23;438;4938
16388;50;2020-10-24;220;5158
16389;50;2020-10-25;10;5168
16390;50;2020-10-26;352;5520
16391;50;2020-10-27;400;5920
16392;50;2020-10-28;282;6202
16393;50;2020-10-29;340;6542
16394;50;2020-10-30;392;6934
16395;50;2020-10-31;166;7100
16396;50;2020-11-01;54;7154
16397;50;2020-11-02;496;7650
16398;50;2020-11-03;434;8084
16399;50;2020-11-04;346;8430
16400;50;2020-11-05;298;8728
16401;50;2020-11-06;350;9078
16402;50;2020-11-07;142;9220
16403;50;2020-11-08;12;9232
16404;50;2020-11-09;342;9574
16405;50;2020-11-10;272;9846
16406;50;2020-11-11;18;9864
16407;50;2020-11-12;280;10144
16408;50;2020-11-13;224;10368
16409;50;2020-11-14;90;10458
16410;50;2020-11-15;14;10472
16411;50;2020-11-16;314;10786
16412;50;2020-11-17;176;10962
16413;50;2020-11-18;128;11090
16414;50;2020-11-19;152;11242
16415;50;2020-11-20;164;11406
16416;50;2020-11-21;64;11470
16417;50;2020-11-22;14;11484
16418;50;2020-11-23;130;11614
16419;50;2020-11-24;82;11696
16420;50;2020-11-25;94;11790
16421;50;2020-11-26;120;11910
16422;50;2020-11-27;82;11992
16423;50;2020-11-28;28;12020
16424;50;2020-11-29;2;12022
16425;50;2020-11-30;76;12098
16426;50;2020-12-01;46;12144
16427;50;2020-12-02;94;12238
16428;50;2020-12-03;50;12288
16429;50;2020-12-04;42;12330
16430;50;2020-12-05;24;12354
16431;50;2020-12-06;34;12388
16432;50;2020-12-07;82;12470
16433;50;2020-12-08;76;12546
16434;50;2020-12-09;78;12624
16435;50;2020-12-10;64;12688
16436;50;2020-12-11;80;12768
16437;50;2020-12-12;34;12802
16438;50;2020-12-13;4;12806
16439;50;2020-12-14;98;12904
16440;50;2020-12-15;68;12972
16441;50;2020-12-16;76;13048
16442;50;2020-12-17;70;13118
16443;50;2020-12-18;116;13234
16444;50;2020-12-19;60;13294
16445;50;2020-12-20;4;13298
16446;50;2020-12-21;184;13482
16447;50;2020-12-22;94;13576
16448;50;2020-12-23;166;13742
16449;50;2020-12-24;112;13854
16450;50;2020-12-25;6;13860
16451;50;2020-12-26;70;13930
16452;50;2020-12-27;22;13952
16453;50;2020-12-28;202;14154
16454;50;2020-12-29;220;14374
16455;50;2020-12-30;204;14578
16456;50;2020-12-31;142;14720
16457;50;2021-01-01;32;14752
16458;50;2021-01-02;178;14930
16459;50;2021-01-03;14;14944
16460;50;2021-01-04;326;15270
16461;50;2021-01-05;260;15530
16462;50;2021-01-06;280;15810
16463;50;2021-01-07;236;16046
16464;50;2021-01-08;288;16334
16465;50;2021-01-09;164;16498
16466;50;2021-01-10;30;16528
16467;50;2021-01-11;342;16870
16468;50;2021-01-12;336;17206
16469;50;2021-01-13;344;17550
16470;50;2021-01-14;320;17870
16471;50;2021-01-15;372;18242
16472;50;2021-01-16;166;18408
16473;50;2021-01-17;52;18460
16474;50;2021-01-18;576;19036
16475;50;2021-01-19;488;19524
16476;50;2021-01-20;388;19912
16477;50;2021-01-21;326;20238
16478;50;2021-01-22;384;20622
16479;50;2021-01-23;260;20882
16480;50;2021-01-24;14;20896
16481;50;2021-01-25;440;21336
16482;50;2021-01-26;334;21670
16483;50;2021-01-27;320;21990
16484;50;2021-01-28;310;22300
16485;50;2021-01-29;298;22598
16486;50;2021-01-30;216;22814
16487;50;2021-01-31;16;22830
16488;50;2021-02-01;344;23174
16489;50;2021-02-02;334;23508
16490;50;2021-02-03;282;23790
16491;50;2021-02-04;298;24088
16492;50;2021-02-05;246;24334
16493;50;2021-02-06;144;24478
16494;50;2021-02-07;12;24490
16495;50;2021-02-08;282;24772
16496;50;2021-02-09;216;24988
16497;50;2021-02-10;212;25200
16498;50;2021-02-11;246;25446
16499;50;2021-02-12;194;25640
16500;50;2021-02-13;140;25780
16501;50;2021-02-14;20;25800
16502;50;2021-02-15;242;26042
16503;50;2021-02-16;176;26218
16504;50;2021-02-17;192;26410
16505;50;2021-02-18;198;26608
16506;50;2021-02-19;162;26770
16507;50;2021-02-20;120;26890
16508;50;2021-02-21;16;26906
16509;50;2021-02-22;230;27136
16510;50;2021-02-23;168;27304
16511;50;2021-02-24;178;27482
16512;50;2021-02-25;166;27648
16513;50;2021-02-26;160;27808
16514;50;2021-02-27;60;27868
16515;50;2021-02-28;26;27894
16516;50;2021-03-01;218;28112
16517;50;2021-03-02;176;28288
16518;50;2021-03-03;172;28460
16519;50;2021-03-04;162;28622
16520;50;2021-03-05;196;28818
16521;50;2021-03-06;106;28924
16522;50;2021-03-07;16;28940
16523;50;2021-03-08;198;29138
16524;50;2021-03-09;158;29296
16525;50;2021-03-10;170;29466
16526;50;2021-03-11;194;29660
16527;50;2021-03-12;214;29874
16528;50;2021-03-13;130;30004
16529;50;2021-03-14;30;30034
16530;50;2021-03-15;316;30350
16531;50;2021-03-16;212;30562
16532;50;2021-03-17;218;30780
16533;50;2021-03-18;224;31004
16534;50;2021-03-19;268;31272
16535;50;2021-03-20;119;31391
16536;50;2021-03-21;40;31431
16537;50;2021-03-22;380;31811
16538;50;2021-03-23;242;32053
16539;50;2021-03-24;390;32443
16540;50;2021-03-25;310;32753
16541;50;2021-03-26;422;33175
16542;50;2021-03-27;300;33475
16543;50;2021-03-28;22;33497
16544;50;2021-03-29;470;33967
16545;50;2021-03-30;424;34391
16546;50;2021-03-31;478;34869
16547;50;2021-04-01;318;35187
16548;50;2021-04-02;442;35629
16549;50;2021-04-03;276;35905
16550;50;2021-04-04;44;35949
16551;50;2021-04-05;50;35999
16552;50;2021-04-06;652;36651
16553;50;2021-04-07;484;37135
16554;50;2021-04-08;400;37535
16555;50;2021-04-09;446;37981
16556;50;2021-04-10;282;38263
16557;50;2021-04-11;50;38313
16558;50;2021-04-12;578;38891
16559;50;2021-04-13;376;39267
16560;50;2021-04-14;354;39621
16561;50;2021-04-15;384;40005
16562;51;2020-05-13;28;28
16563;51;2020-05-14;22;50
16564;51;2020-05-15;20;70
16565;51;2020-05-16;4;74
16566;51;2020-05-17;0;74
16567;51;2020-05-18;20;94
16568;51;2020-05-19;20;114
16569;51;2020-05-20;14;128
16570;51;2020-05-21;0;128
16571;51;2020-05-22;20;148
16572;51;2020-05-23;4;152
16573;51;2020-05-24;0;152
16574;51;2020-05-25;10;162
16575;51;2020-05-26;28;190
16576;51;2020-05-27;10;200
16577;51;2020-05-28;4;204
16578;51;2020-05-29;24;228
16579;51;2020-05-30;2;230
16580;51;2020-05-31;0;230
16581;51;2020-06-01;0;230
16582;51;2020-06-02;104;334
16583;51;2020-06-03;59;393
16584;51;2020-06-04;34;427
16585;51;2020-06-05;4;431
16586;51;2020-06-06;2;433
16587;51;2020-06-07;2;435
16588;51;2020-06-08;10;445
16589;51;2020-06-09;12;457
16590;51;2020-06-10;6;463
16591;51;2020-06-11;22;485
16592;51;2020-06-12;18;503
16593;51;2020-06-13;0;503
16594;51;2020-06-14;0;503
16595;51;2020-06-15;14;517
16596;51;2020-06-16;4;521
16597;51;2020-06-17;4;525
16598;51;2020-06-18;2;527
16599;51;2020-06-19;2;529
16600;51;2020-06-20;0;529
16601;51;2020-06-21;2;531
16602;51;2020-06-22;4;535
16603;51;2020-06-23;2;537
16604;51;2020-06-24;0;537
16605;51;2020-06-25;0;537
16606;51;2020-06-26;0;537
16607;51;2020-06-27;2;539
16608;51;2020-06-28;2;541
16609;51;2020-06-29;0;541
16610;51;2020-06-30;2;543
16611;51;2020-07-01;0;543
16612;51;2020-07-02;2;545
16613;51;2020-07-03;2;547
16614;51;2020-07-04;6;553
16615;51;2020-07-05;0;553
16616;51;2020-07-06;4;557
16617;51;2020-07-07;6;563
16618;51;2020-07-08;2;565
16619;51;2020-07-09;4;569
16620;51;2020-07-10;6;575
16621;51;2020-07-11;0;575
16622;51;2020-07-12;0;575
16623;51;2020-07-13;4;579
16624;51;2020-07-14;4;583
16625;51;2020-07-15;4;587
16626;51;2020-07-16;6;593
16627;51;2020-07-17;4;597
16628;51;2020-07-18;2;599
16629;51;2020-07-19;0;599
16630;51;2020-07-20;12;611
16631;51;2020-07-21;14;625
16632;51;2020-07-22;20;645
16633;51;2020-07-23;6;651
16634;51;2020-07-24;8;659
16635;51;2020-07-25;16;675
16636;51;2020-07-26;4;679
16637;51;2020-07-27;10;689
16638;51;2020-07-28;12;701
16639;51;2020-07-29;6;707
16640;51;2020-07-30;12;719
16641;51;2020-07-31;24;743
16642;51;2020-08-01;10;753
16643;51;2020-08-02;2;755
16644;51;2020-08-03;18;773
16645;51;2020-08-04;20;793
16646;51;2020-08-05;20;813
16647;51;2020-08-06;20;833
16648;51;2020-08-07;8;841
16649;51;2020-08-08;2;843
16650;51;2020-08-09;2;845
16651;51;2020-08-10;28;873
16652;51;2020-08-11;22;895
16653;51;2020-08-12;26;921
16654;51;2020-08-13;34;955
16655;51;2020-08-14;34;989
16656;51;2020-08-15;4;993
16657;51;2020-08-16;4;997
16658;51;2020-08-17;38;1035
16659;51;2020-08-18;36;1071
16660;51;2020-08-19;28;1099
16661;51;2020-08-20;40;1139
16662;51;2020-08-21;42;1181
16663;51;2020-08-22;22;1203
16664;51;2020-08-23;4;1207
16665;51;2020-08-24;44;1251
16666;51;2020-08-25;62;1313
16667;51;2020-08-26;52;1365
16668;51;2020-08-27;48;1413
16669;51;2020-08-28;74;1487
16670;51;2020-08-29;22;1509
16671;51;2020-08-30;8;1517
16672;51;2020-08-31;90;1607
16673;51;2020-09-01;82;1689
16674;51;2020-09-02;92;1781
16675;51;2020-09-03;80;1861
16676;51;2020-09-04;90;1951
16677;51;2020-09-05;22;1973
16678;51;2020-09-06;10;1983
16679;51;2020-09-07;99;2082
16680;51;2020-09-08;120;2202
16681;51;2020-09-09;102;2304
16682;51;2020-09-10;180;2484
16683;51;2020-09-11;232;2716
16684;51;2020-09-12;70;2786
16685;51;2020-09-13;22;2808
16686;51;2020-09-14;138;2946
16687;51;2020-09-15;288;3234
16688;51;2020-09-16;205;3439
16689;51;2020-09-17;138;3577
16690;51;2020-09-18;136;3713
16691;51;2020-09-19;106;3819
16692;51;2020-09-20;10;3829
16693;51;2020-09-21;168;3997
16694;51;2020-09-22;142;4139
16695;51;2020-09-23;102;4241
16696;51;2020-09-24;144;4385
16697;51;2020-09-25;132;4517
16698;51;2020-09-26;82;4599
16699;51;2020-09-27;14;4613
16700;51;2020-09-28;150;4763
16701;51;2020-09-29;116;4879
16702;51;2020-09-30;150;5029
16703;51;2020-10-01;160;5189
16704;51;2020-10-02;208;5397
16705;51;2020-10-03;100;5497
16706;51;2020-10-04;14;5511
16707;51;2020-10-05;299;5810
16708;51;2020-10-06;258;6068
16709;51;2020-10-07;214;6282
16710;51;2020-10-08;262;6544
16711;51;2020-10-09;260;6804
16712;51;2020-10-10;126;6930
16713;51;2020-10-11;20;6950
16714;51;2020-10-12;386;7336
16715;51;2020-10-13;264;7600
16716;51;2020-10-14;344;7944
16717;51;2020-10-15;374;8318
16718;51;2020-10-16;406;8724
16719;51;2020-10-17;204;8928
16720;51;2020-10-18;40;8968
16721;51;2020-10-19;616;9584
16722;51;2020-10-20;512;10096
16723;51;2020-10-21;532;10628
16724;51;2020-10-22;594;11222
16725;51;2020-10-23;732;11954
16726;51;2020-10-24;280;12234
16727;51;2020-10-25;52;12286
16728;51;2020-10-26;948;13234
16729;51;2020-10-27;710;13944
16730;51;2020-10-28;808;14752
16731;51;2020-10-29;786;15538
16732;51;2020-10-30;807;16345
16733;51;2020-10-31;350;16695
16734;51;2020-11-01;68;16763
16735;51;2020-11-02;850;17613
16736;51;2020-11-03;716;18329
16737;51;2020-11-04;494;18823
16738;51;2020-11-05;500;19323
16739;51;2020-11-06;544;19867
16740;51;2020-11-07;164;20031
16741;51;2020-11-08;24;20055
16742;51;2020-11-09;543;20598
16743;51;2020-11-10;476;21074
16744;51;2020-11-11;38;21112
16745;51;2020-11-12;394;21506
16746;51;2020-11-13;416;21922
16747;51;2020-11-14;132;22054
16748;51;2020-11-15;20;22074
16749;51;2020-11-16;448;22522
16750;51;2020-11-17;236;22758
16751;51;2020-11-18;212;22970
16752;51;2020-11-19;216;23186
16753;51;2020-11-20;218;23404
16754;51;2020-11-21;82;23486
16755;51;2020-11-22;16;23502
16756;51;2020-11-23;248;23750
16757;51;2020-11-24;138;23888
16758;51;2020-11-25;104;23992
16759;51;2020-11-26;114;24106
16760;51;2020-11-27;160;24266
16761;51;2020-11-28;54;24320
16762;51;2020-11-29;34;24354
16763;51;2020-11-30;156;24510
16764;51;2020-12-01;124;24634
16765;51;2020-12-02;116;24750
16766;51;2020-12-03;156;24906
16767;51;2020-12-04;134;25040
16768;51;2020-12-05;66;25106
16769;51;2020-12-06;10;25116
16770;51;2020-12-07;196;25312
16771;51;2020-12-08;228;25540
16772;51;2020-12-09;192;25732
16773;51;2020-12-10;214;25946
16774;51;2020-12-11;240;26186
16775;51;2020-12-12;138;26324
16776;51;2020-12-13;42;26366
16777;51;2020-12-14;436;26802
16778;51;2020-12-15;398;27200
16779;51;2020-12-16;358;27558
16780;51;2020-12-17;234;27792
16781;51;2020-12-18;420;28212
16782;51;2020-12-19;210;28422
16783;51;2020-12-20;46;28468
16784;51;2020-12-21;526;28994
16785;51;2020-12-22;566;29560
16786;51;2020-12-23;516;30076
16787;51;2020-12-24;306;30382
16788;51;2020-12-25;30;30412
16789;51;2020-12-26;250;30662
16790;51;2020-12-27;36;30698
16791;51;2020-12-28;534;31232
16792;51;2020-12-29;530;31762
16793;51;2020-12-30;494;32256
16794;51;2020-12-31;492;32748
16795;51;2021-01-01;20;32768
16796;51;2021-01-02;250;33018
16797;51;2021-01-03;40;33058
16798;51;2021-01-04;644;33702
16799;51;2021-01-05;502;34204
16800;51;2021-01-06;472;34676
16801;51;2021-01-07;416;35092
16802;51;2021-01-08;408;35500
16803;51;2021-01-09;222;35722
16804;51;2021-01-10;16;35738
16805;51;2021-01-11;490;36228
16806;51;2021-01-12;484;36712
16807;51;2021-01-13;376;37088
16808;51;2021-01-14;362;37450
16809;51;2021-01-15;476;37926
16810;51;2021-01-16;192;38118
16811;51;2021-01-17;32;38150
16812;51;2021-01-18;626;38776
16813;51;2021-01-19;338;39114
16814;51;2021-01-20;382;39496
16815;51;2021-01-21;362;39858
16816;51;2021-01-22;499;40357
16817;51;2021-01-23;274;40631
16818;51;2021-01-24;16;40647
16819;51;2021-01-25;586;41233
16820;51;2021-01-26;438;41671
16821;51;2021-01-27;418;42089
16822;51;2021-01-28;392;42481
16823;51;2021-01-29;372;42853
16824;51;2021-01-30;156;43009
16825;51;2021-01-31;40;43049
16826;51;2021-02-01;531;43580
16827;51;2021-02-02;384;43964
16828;51;2021-02-03;300;44264
16829;51;2021-02-04;314;44578
16830;51;2021-02-05;374;44952
16831;51;2021-02-06;156;45108
16832;51;2021-02-07;16;45124
16833;51;2021-02-08;352;45476
16834;51;2021-02-09;270;45746
16835;51;2021-02-10;332;46078
16836;51;2021-02-11;255;46333
16837;51;2021-02-12;268;46601
16838;51;2021-02-13;162;46763
16839;51;2021-02-14;16;46779
16840;51;2021-02-15;368;47147
16841;51;2021-02-16;294;47441
16842;51;2021-02-17;246;47687
16843;51;2021-02-18;324;48011
16844;51;2021-02-19;348;48359
16845;51;2021-02-20;192;48551
16846;51;2021-02-21;24;48575
16847;51;2021-02-22;424;48999
16848;51;2021-02-23;336;49335
16849;51;2021-02-24;346;49681
16850;51;2021-02-25;298;49979
16851;51;2021-02-26;338;50317
16852;51;2021-02-27;198;50515
16853;51;2021-02-28;32;50547
16854;51;2021-03-01;380;50927
16855;51;2021-03-02;312;51239
16856;51;2021-03-03;278;51517
16857;51;2021-03-04;312;51829
16858;51;2021-03-05;342;52171
16859;51;2021-03-06;216;52387
16860;51;2021-03-07;68;52455
16861;51;2021-03-08;520;52975
16862;51;2021-03-09;430;53405
16863;51;2021-03-10;368;53773
16864;51;2021-03-11;521;54294
16865;51;2021-03-12;518;54812
16866;51;2021-03-13;392;55204
16867;51;2021-03-14;16;55220
16868;51;2021-03-15;628;55848
16869;51;2021-03-16;526;56374
16870;51;2021-03-17;416;56790
16871;51;2021-03-18;470;57260
16872;51;2021-03-19;530;57790
16873;51;2021-03-20;330;58120
16874;51;2021-03-21;46;58166
16875;51;2021-03-22;752;58918
16876;51;2021-03-23;538;59456
16877;51;2021-03-24;628;60084
16878;51;2021-03-25;636;60720
16879;51;2021-03-26;714;61434
16880;51;2021-03-27;392;61826
16881;51;2021-03-28;46;61872
16882;51;2021-03-29;918;62790
16883;51;2021-03-30;744;63534
16884;51;2021-03-31;710;64244
16885;51;2021-04-01;746;64990
16886;51;2021-04-02;732;65722
16887;51;2021-04-03;420;66142
16888;51;2021-04-04;64;66206
16889;51;2021-04-05;112;66318
16890;51;2021-04-06;906;67224
16891;51;2021-04-07;624;67848
16892;51;2021-04-08;644;68492
16893;51;2021-04-09;758;69250
16894;51;2021-04-10;426;69676
16895;51;2021-04-11;50;69726
16896;51;2021-04-12;896;70622
16897;51;2021-04-13;752;71374
16898;51;2021-04-14;652;72026
16899;51;2021-04-15;590;72616
16900;52;2020-05-13;4;4
16901;52;2020-05-14;2;6
16902;52;2020-05-15;0;6
16903;52;2020-05-16;2;8
16904;52;2020-05-17;0;8
16905;52;2020-05-18;4;12
16906;52;2020-05-19;6;18
16907;52;2020-05-20;2;20
16908;52;2020-05-21;0;20
16909;52;2020-05-22;2;22
16910;52;2020-05-23;0;22
16911;52;2020-05-24;0;22
16912;52;2020-05-25;4;26
16913;52;2020-05-26;0;26
16914;52;2020-05-27;2;28
16915;52;2020-05-28;0;28
16916;52;2020-05-29;2;30
16917;52;2020-05-30;2;32
16918;52;2020-05-31;0;32
16919;52;2020-06-01;0;32
16920;52;2020-06-02;0;32
16921;52;2020-06-03;0;32
16922;52;2020-06-04;0;32
16923;52;2020-06-05;6;38
16924;52;2020-06-06;0;38
16925;52;2020-06-07;2;40
16926;52;2020-06-08;2;42
16927;52;2020-06-09;2;44
16928;52;2020-06-10;4;48
16929;52;2020-06-11;4;52
16930;52;2020-06-12;4;56
16931;52;2020-06-13;0;56
16932;52;2020-06-14;0;56
16933;52;2020-06-15;0;56
16934;52;2020-06-16;6;62
16935;52;2020-06-17;0;62
16936;52;2020-06-18;2;64
16937;52;2020-06-19;6;70
16938;52;2020-06-20;0;70
16939;52;2020-06-21;0;70
16940;52;2020-06-22;4;74
16941;52;2020-06-23;2;76
16942;52;2020-06-24;0;76
16943;52;2020-06-25;2;78
16944;52;2020-06-26;0;78
16945;52;2020-06-27;0;78
16946;52;2020-06-28;0;78
16947;52;2020-06-29;2;80
16948;52;2020-06-30;2;82
16949;52;2020-07-01;0;82
16950;52;2020-07-02;0;82
16951;52;2020-07-03;2;84
16952;52;2020-07-04;0;84
16953;52;2020-07-05;0;84
16954;52;2020-07-06;0;84
16955;52;2020-07-07;0;84
16956;52;2020-07-08;2;86
16957;52;2020-07-09;2;88
16958;52;2020-07-10;2;90
16959;52;2020-07-11;0;90
16960;52;2020-07-12;0;90
16961;52;2020-07-13;2;92
16962;52;2020-07-14;0;92
16963;52;2020-07-15;0;92
16964;52;2020-07-16;0;92
16965;52;2020-07-17;8;100
16966;52;2020-07-18;0;100
16967;52;2020-07-19;0;100
16968;52;2020-07-20;0;100
16969;52;2020-07-21;2;102
16970;52;2020-07-22;0;102
16971;52;2020-07-23;4;106
16972;52;2020-07-24;2;108
16973;52;2020-07-25;0;108
16974;52;2020-07-26;0;108
16975;52;2020-07-27;4;112
16976;52;2020-07-28;0;112
16977;52;2020-07-29;0;112
16978;52;2020-07-30;2;114
16979;52;2020-07-31;0;114
16980;52;2020-08-01;0;114
16981;52;2020-08-02;0;114
16982;52;2020-08-03;4;118
16983;52;2020-08-04;6;124
16984;52;2020-08-05;4;128
16985;52;2020-08-06;2;130
16986;52;2020-08-07;6;136
16987;52;2020-08-08;2;138
16988;52;2020-08-09;0;138
16989;52;2020-08-10;0;138
16990;52;2020-08-11;6;144
16991;52;2020-08-12;4;148
16992;52;2020-08-13;4;152
16993;52;2020-08-14;2;154
16994;52;2020-08-15;0;154
16995;52;2020-08-16;0;154
16996;52;2020-08-17;8;162
16997;52;2020-08-18;8;170
16998;52;2020-08-19;4;174
16999;52;2020-08-20;4;178
17000;52;2020-08-21;10;188
17001;52;2020-08-22;4;192
17002;52;2020-08-23;8;200
17003;52;2020-08-24;16;216
17004;52;2020-08-25;2;218
17005;52;2020-08-26;10;228
17006;52;2020-08-27;12;240
17007;52;2020-08-28;8;248
17008;52;2020-08-29;6;254
17009;52;2020-08-30;2;256
17010;52;2020-08-31;14;270
17011;52;2020-09-01;8;278
17012;52;2020-09-02;28;306
17013;52;2020-09-03;20;326
17014;52;2020-09-04;14;340
17015;52;2020-09-05;10;350
17016;52;2020-09-06;4;354
17017;52;2020-09-07;50;404
17018;52;2020-09-08;56;460
17019;52;2020-09-09;34;494
17020;52;2020-09-10;46;540
17021;52;2020-09-11;22;562
17022;52;2020-09-12;14;576
17023;52;2020-09-13;0;576
17024;52;2020-09-14;10;586
17025;52;2020-09-15;30;616
17026;52;2020-09-16;12;628
17027;52;2020-09-17;20;648
17028;52;2020-09-18;14;662
17029;52;2020-09-19;8;670
17030;52;2020-09-20;2;672
17031;52;2020-09-21;12;684
17032;52;2020-09-22;12;696
17033;52;2020-09-23;22;718
17034;52;2020-09-24;14;732
17035;52;2020-09-25;12;744
17036;52;2020-09-26;8;752
17037;52;2020-09-27;0;752
17038;52;2020-09-28;22;774
17039;52;2020-09-29;22;796
17040;52;2020-09-30;30;826
17041;52;2020-10-01;20;846
17042;52;2020-10-02;30;876
17043;52;2020-10-03;18;894
17044;52;2020-10-04;0;894
17045;52;2020-10-05;62;956
17046;52;2020-10-06;36;992
17047;52;2020-10-07;58;1050
17048;52;2020-10-08;78;1128
17049;52;2020-10-09;58;1186
17050;52;2020-10-10;38;1224
17051;52;2020-10-11;2;1226
17052;52;2020-10-12;62;1288
17053;52;2020-10-13;84;1372
17054;52;2020-10-14;52;1424
17055;52;2020-10-15;74;1498
17056;52;2020-10-16;102;1600
17057;52;2020-10-17;36;1636
17058;52;2020-10-18;2;1638
17059;52;2020-10-19;182;1820
17060;52;2020-10-20;150;1970
17061;52;2020-10-21;148;2118
17062;52;2020-10-22;192;2310
17063;52;2020-10-23;192;2502
17064;52;2020-10-24;128;2630
17065;52;2020-10-25;24;2654
17066;52;2020-10-26;324;2978
17067;52;2020-10-27;280;3258
17068;52;2020-10-28;250;3508
17069;52;2020-10-29;258;3766
17070;52;2020-10-30;320;4086
17071;52;2020-10-31;206;4292
17072;52;2020-11-01;20;4312
17073;52;2020-11-02;406;4718
17074;52;2020-11-03;426;5144
17075;52;2020-11-04;330;5474
17076;52;2020-11-05;276;5750
17077;52;2020-11-06;320;6070
17078;52;2020-11-07;100;6170
17079;52;2020-11-08;8;6178
17080;52;2020-11-09;404;6582
17081;52;2020-11-10;300;6882
17082;52;2020-11-11;18;6900
17083;52;2020-11-12;344;7244
17084;52;2020-11-13;288;7532
17085;52;2020-11-14;106;7638
17086;52;2020-11-15;10;7648
17087;52;2020-11-16;242;7890
17088;52;2020-11-17;110;8000
17089;52;2020-11-18;78;8078
17090;52;2020-11-19;114;8192
17091;52;2020-11-20;124;8316
17092;52;2020-11-21;52;8368
17093;52;2020-11-22;4;8372
17094;52;2020-11-23;136;8508
17095;52;2020-11-24;134;8642
17096;52;2020-11-25;62;8704
17097;52;2020-11-26;64;8768
17098;52;2020-11-27;58;8826
17099;52;2020-11-28;28;8854
17100;52;2020-11-29;8;8862
17101;52;2020-11-30;104;8966
17102;52;2020-12-01;118;9084
17103;52;2020-12-02;110;9194
17104;52;2020-12-03;96;9290
17105;52;2020-12-04;114;9404
17106;52;2020-12-05;38;9442
17107;52;2020-12-06;6;9448
17108;52;2020-12-07;174;9622
17109;52;2020-12-08;126;9748
17110;52;2020-12-09;138;9886
17111;52;2020-12-10;166;10052
17112;52;2020-12-11;160;10212
17113;52;2020-12-12;70;10282
17114;52;2020-12-13;6;10288
17115;52;2020-12-14;216;10504
17116;52;2020-12-15;184;10688
17117;52;2020-12-16;222;10910
17118;52;2020-12-17;232;11142
17119;52;2020-12-18;166;11308
17120;52;2020-12-19;116;11424
17121;52;2020-12-20;10;11434
17122;52;2020-12-21;192;11626
17123;52;2020-12-22;154;11780
17124;52;2020-12-23;200;11980
17125;52;2020-12-24;134;12114
17126;52;2020-12-25;10;12124
17127;52;2020-12-26;110;12234
17128;52;2020-12-27;2;12236
17129;52;2020-12-28;202;12438
17130;52;2020-12-29;244;12682
17131;52;2020-12-30;170;12852
17132;52;2020-12-31;144;12996
17133;52;2021-01-01;10;13006
17134;52;2021-01-02;168;13174
17135;52;2021-01-03;14;13188
17136;52;2021-01-04;260;13448
17137;52;2021-01-05;290;13738
17138;52;2021-01-06;146;13884
17139;52;2021-01-07;146;14030
17140;52;2021-01-08;168;14198
17141;52;2021-01-09;110;14308
17142;52;2021-01-10;10;14318
17143;52;2021-01-11;186;14504
17144;52;2021-01-12;136;14640
17145;52;2021-01-13;96;14736
17146;52;2021-01-14;146;14882
17147;52;2021-01-15;132;15014
17148;52;2021-01-16;88;15102
17149;52;2021-01-17;14;15116
17150;52;2021-01-18;232;15348
17151;52;2021-01-19;162;15510
17152;52;2021-01-20;122;15632
17153;52;2021-01-21;136;15768
17154;52;2021-01-22;144;15912
17155;52;2021-01-23;96;16008
17156;52;2021-01-24;2;16010
17157;52;2021-01-25;142;16152
17158;52;2021-01-26;194;16346
17159;52;2021-01-27;100;16446
17160;52;2021-01-28;114;16560
17161;52;2021-01-29;112;16672
17162;52;2021-01-30;56;16728
17163;52;2021-01-31;10;16738
17164;52;2021-02-01;152;16890
17165;52;2021-02-02;90;16980
17166;52;2021-02-03;82;17062
17167;52;2021-02-04;74;17136
17168;52;2021-02-05;92;17228
17169;52;2021-02-06;70;17298
17170;52;2021-02-07;6;17304
17171;52;2021-02-08;106;17410
17172;52;2021-02-09;64;17474
17173;52;2021-02-10;100;17574
17174;52;2021-02-11;58;17632
17175;52;2021-02-12;104;17736
17176;52;2021-02-13;74;17810
17177;52;2021-02-14;4;17814
17178;52;2021-02-15;116;17930
17179;52;2021-02-16;68;17998
17180;52;2021-02-17;132;18130
17181;52;2021-02-18;98;18228
17182;52;2021-02-19;90;18318
17183;52;2021-02-20;48;18366
17184;52;2021-02-21;6;18372
17185;52;2021-02-22;106;18478
17186;52;2021-02-23;44;18522
17187;52;2021-02-24;40;18562
17188;52;2021-02-25;58;18620
17189;52;2021-02-26;54;18674
17190;52;2021-02-27;50;18724
17191;52;2021-02-28;2;18726
17192;52;2021-03-01;110;18836
17193;52;2021-03-02;72;18908
17194;52;2021-03-03;72;18980
17195;52;2021-03-04;68;19048
17196;52;2021-03-05;74;19122
17197;52;2021-03-06;74;19196
17198;52;2021-03-07;0;19196
17199;52;2021-03-08;82;19278
17200;52;2021-03-09;94;19372
17201;52;2021-03-10;76;19448
17202;52;2021-03-11;104;19552
17203;52;2021-03-12;80;19632
17204;52;2021-03-13;102;19734
17205;52;2021-03-14;24;19758
17206;52;2021-03-15;146;19904
17207;52;2021-03-16;88;19992
17208;52;2021-03-17;98;20090
17209;52;2021-03-18;120;20210
17210;52;2021-03-19;132;20342
17211;52;2021-03-20;104;20446
17212;52;2021-03-21;6;20452
17213;52;2021-03-22;220;20672
17214;52;2021-03-23;160;20832
17215;52;2021-03-24;118;20950
17216;52;2021-03-25;166;21116
17217;52;2021-03-26;196;21312
17218;52;2021-03-27;196;21508
17219;52;2021-03-28;16;21524
17220;52;2021-03-29;258;21782
17221;52;2021-03-30;194;21976
17222;52;2021-03-31;234;22210
17223;52;2021-04-01;140;22350
17224;52;2021-04-02;196;22546
17225;52;2021-04-03;152;22698
17226;52;2021-04-04;0;22698
17227;52;2021-04-05;34;22732
17228;52;2021-04-06;304;23036
17229;52;2021-04-07;192;23228
17230;52;2021-04-08;182;23410
17231;52;2021-04-09;194;23604
17232;52;2021-04-10;186;23790
17233;52;2021-04-11;22;23812
17234;52;2021-04-12;304;24116
17235;52;2021-04-13;156;24272
17236;52;2021-04-14;148;24420
17237;52;2021-04-15;178;24598
17238;53;2020-05-13;4;4
17239;53;2020-05-14;4;8
17240;53;2020-05-15;6;14
17241;53;2020-05-16;2;16
17242;53;2020-05-17;0;16
17243;53;2020-05-18;2;18
17244;53;2020-05-19;0;18
17245;53;2020-05-20;4;22
17246;53;2020-05-21;2;24
17247;53;2020-05-22;3;27
17248;53;2020-05-23;2;29
17249;53;2020-05-24;0;29
17250;53;2020-05-25;0;29
17251;53;2020-05-26;4;33
17252;53;2020-05-27;0;33
17253;53;2020-05-28;0;33
17254;53;2020-05-29;4;37
17255;53;2020-05-30;4;41
17256;53;2020-05-31;2;43
17257;53;2020-06-01;2;45
17258;53;2020-06-02;4;49
17259;53;2020-06-03;4;53
17260;53;2020-06-04;2;55
17261;53;2020-06-05;6;61
17262;53;2020-06-06;8;69
17263;53;2020-06-07;2;71
17264;53;2020-06-08;0;71
17265;53;2020-06-09;2;73
17266;53;2020-06-10;2;75
17267;53;2020-06-11;2;77
17268;53;2020-06-12;2;79
17269;53;2020-06-13;0;79
17270;53;2020-06-14;0;79
17271;53;2020-06-15;2;81
17272;53;2020-06-16;0;81
17273;53;2020-06-17;4;85
17274;53;2020-06-18;0;85
17275;53;2020-06-19;2;87
17276;53;2020-06-20;2;89
17277;53;2020-06-21;0;89
17278;53;2020-06-22;2;91
17279;53;2020-06-23;4;95
17280;53;2020-06-24;0;95
17281;53;2020-06-25;4;99
17282;53;2020-06-26;8;107
17283;53;2020-06-27;16;123
17284;53;2020-06-28;6;129
17285;53;2020-06-29;70;199
17286;53;2020-06-30;64;263
17287;53;2020-07-01;34;297
17288;53;2020-07-02;44;341
17289;53;2020-07-03;26;367
17290;53;2020-07-04;28;395
17291;53;2020-07-05;4;399
17292;53;2020-07-06;22;421
17293;53;2020-07-07;18;439
17294;53;2020-07-08;56;495
17295;53;2020-07-09;44;539
17296;53;2020-07-10;108;647
17297;53;2020-07-11;74;721
17298;53;2020-07-12;20;741
17299;53;2020-07-13;48;789
17300;53;2020-07-14;18;807
17301;53;2020-07-15;70;877
17302;53;2020-07-16;86;963
17303;53;2020-07-17;106;1069
17304;53;2020-07-18;86;1155
17305;53;2020-07-19;30;1185
17306;53;2020-07-20;138;1323
17307;53;2020-07-21;208;1531
17308;53;2020-07-22;162;1693
17309;53;2020-07-23;158;1851
17310;53;2020-07-24;158;2009
17311;53;2020-07-25;68;2077
17312;53;2020-07-26;16;2093
17313;53;2020-07-27;58;2151
17314;53;2020-07-28;68;2219
17315;53;2020-07-29;62;2281
17316;53;2020-07-30;50;2331
17317;53;2020-07-31;20;2351
17318;53;2020-08-01;28;2379
17319;53;2020-08-02;6;2385
17320;53;2020-08-03;34;2419
17321;53;2020-08-04;24;2443
17322;53;2020-08-05;26;2469
17323;53;2020-08-06;34;2503
17324;53;2020-08-07;24;2527
17325;53;2020-08-08;16;2543
17326;53;2020-08-09;10;2553
17327;53;2020-08-10;18;2571
17328;53;2020-08-11;20;2591
17329;53;2020-08-12;22;2613
17330;53;2020-08-13;20;2633
17331;53;2020-08-14;34;2667
17332;53;2020-08-15;12;2679
17333;53;2020-08-16;12;2691
17334;53;2020-08-17;32;2723
17335;53;2020-08-18;12;2735
17336;53;2020-08-19;39;2774
17337;53;2020-08-20;26;2800
17338;53;2020-08-21;10;2810
17339;53;2020-08-22;12;2822
17340;53;2020-08-23;2;2824
17341;53;2020-08-24;28;2852
17342;53;2020-08-25;16;2868
17343;53;2020-08-26;20;2888
17344;53;2020-08-27;18;2906
17345;53;2020-08-28;16;2922
17346;53;2020-08-29;14;2936
17347;53;2020-08-30;10;2946
17348;53;2020-08-31;24;2970
17349;53;2020-09-01;42;3012
17350;53;2020-09-02;36;3048
17351;53;2020-09-03;36;3084
17352;53;2020-09-04;56;3140
17353;53;2020-09-05;20;3160
17354;53;2020-09-06;2;3162
17355;53;2020-09-07;48;3210
17356;53;2020-09-08;44;3254
17357;53;2020-09-09;50;3304
17358;53;2020-09-10;40;3344
17359;53;2020-09-11;66;3410
17360;53;2020-09-12;18;3428
17361;53;2020-09-13;4;3432
17362;53;2020-09-14;56;3488
17363;53;2020-09-15;54;3542
17364;53;2020-09-16;52;3594
17365;53;2020-09-17;66;3660
17366;53;2020-09-18;48;3708
17367;53;2020-09-19;24;3732
17368;53;2020-09-20;4;3736
17369;53;2020-09-21;54;3790
17370;53;2020-09-22;70;3860
17371;53;2020-09-23;38;3898
17372;53;2020-09-24;56;3954
17373;53;2020-09-25;74;4028
17374;53;2020-09-26;60;4088
17375;53;2020-09-27;2;4090
17376;53;2020-09-28;62;4152
17377;53;2020-09-29;62;4214
17378;53;2020-09-30;50;4264
17379;53;2020-10-01;72;4336
17380;53;2020-10-02;138;4474
17381;53;2020-10-03;64;4538
17382;53;2020-10-04;0;4538
17383;53;2020-10-05;82;4620
17384;53;2020-10-06;74;4694
17385;53;2020-10-07;50;4744
17386;53;2020-10-08;82;4826
17387;53;2020-10-09;150;4976
17388;53;2020-10-10;64;5040
17389;53;2020-10-11;44;5084
17390;53;2020-10-12;114;5198
17391;53;2020-10-13;116;5314
17392;53;2020-10-14;116;5430
17393;53;2020-10-15;134;5564
17394;53;2020-10-16;178;5742
17395;53;2020-10-17;130;5872
17396;53;2020-10-18;38;5910
17397;53;2020-10-19;202;6112
17398;53;2020-10-20;192;6304
17399;53;2020-10-21;166;6470
17400;53;2020-10-22;224;6694
17401;53;2020-10-23;240;6934
17402;53;2020-10-24;118;7052
17403;53;2020-10-25;10;7062
17404;53;2020-10-26;306;7368
17405;53;2020-10-27;448;7816
17406;53;2020-10-28;564;8380
17407;53;2020-10-29;408;8788
17408;53;2020-10-30;464;9252
17409;53;2020-10-31;236;9488
17410;53;2020-11-01;48;9536
17411;53;2020-11-02;360;9896
17412;53;2020-11-03;336;10232
17413;53;2020-11-04;364;10596
17414;53;2020-11-05;320;10916
17415;53;2020-11-06;352;11268
17416;53;2020-11-07;176;11444
17417;53;2020-11-08;22;11466
17418;53;2020-11-09;354;11820
17419;53;2020-11-10;378;12198
17420;53;2020-11-11;64;12262
17421;53;2020-11-12;300;12562
17422;53;2020-11-13;254;12816
17423;53;2020-11-14;170;12986
17424;53;2020-11-15;72;13058
17425;53;2020-11-16;226;13284
17426;53;2020-11-17;202;13486
17427;53;2020-11-18;142;13628
17428;53;2020-11-19;148;13776
17429;53;2020-11-20;144;13920
17430;53;2020-11-21;68;13988
17431;53;2020-11-22;32;14020
17432;53;2020-11-23;156;14176
17433;53;2020-11-24;126;14302
17434;53;2020-11-25;84;14386
17435;53;2020-11-26;56;14442
17436;53;2020-11-27;98;14540
17437;53;2020-11-28;84;14624
17438;53;2020-11-29;6;14630
17439;53;2020-11-30;120;14750
17440;53;2020-12-01;144;14894
17441;53;2020-12-02;92;14986
17442;53;2020-12-03;98;15084
17443;53;2020-12-04;102;15186
17444;53;2020-12-05;54;15240
17445;53;2020-12-06;8;15248
17446;53;2020-12-07;134;15382
17447;53;2020-12-08;106;15488
17448;53;2020-12-09;170;15658
17449;53;2020-12-10;88;15746
17450;53;2020-12-11;150;15896
17451;53;2020-12-12;72;15968
17452;53;2020-12-13;24;15992
17453;53;2020-12-14;126;16118
17454;53;2020-12-15;124;16242
17455;53;2020-12-16;144;16386
17456;53;2020-12-17;126;16512
17457;53;2020-12-18;140;16652
17458;53;2020-12-19;60;16712
17459;53;2020-12-20;38;16750
17460;53;2020-12-21;134;16884
17461;53;2020-12-22;118;17002
17462;53;2020-12-23;106;17108
17463;53;2020-12-24;106;17214
17464;53;2020-12-25;6;17220
17465;53;2020-12-26;64;17284
17466;53;2020-12-27;6;17290
17467;53;2020-12-28;82;17372
17468;53;2020-12-29;88;17460
17469;53;2020-12-30;158;17618
17470;53;2020-12-31;100;17718
17471;53;2021-01-01;20;17738
17472;53;2021-01-02;68;17806
17473;53;2021-01-03;76;17882
17474;53;2021-01-04;188;18070
17475;53;2021-01-05;138;18208
17476;53;2021-01-06;146;18354
17477;53;2021-01-07;152;18506
17478;53;2021-01-08;158;18664
17479;53;2021-01-09;94;18758
17480;53;2021-01-10;34;18792
17481;53;2021-01-11;186;18978
17482;53;2021-01-12;130;19108
17483;53;2021-01-13;250;19358
17484;53;2021-01-14;214;19572
17485;53;2021-01-15;150;19722
17486;53;2021-01-16;98;19820
17487;53;2021-01-17;32;19852
17488;53;2021-01-18;134;19986
17489;53;2021-01-19;176;20162
17490;53;2021-01-20;132;20294
17491;53;2021-01-21;120;20414
17492;53;2021-01-22;136;20550
17493;53;2021-01-23;96;20646
17494;53;2021-01-24;20;20666
17495;53;2021-01-25;212;20878
17496;53;2021-01-26;210;21088
17497;53;2021-01-27;156;21244
17498;53;2021-01-28;156;21400
17499;53;2021-01-29;188;21588
17500;53;2021-01-30;138;21726
17501;53;2021-01-31;24;21750
17502;53;2021-02-01;156;21906
17503;53;2021-02-02;144;22050
17504;53;2021-02-03;128;22178
17505;53;2021-02-04;132;22310
17506;53;2021-02-05;168;22478
17507;53;2021-02-06;98;22576
17508;53;2021-02-07;46;22622
17509;53;2021-02-08;104;22726
17510;53;2021-02-09;124;22850
17511;53;2021-02-10;78;22928
17512;53;2021-02-11;62;22990
17513;53;2021-02-12;108;23098
17514;53;2021-02-13;70;23168
17515;53;2021-02-14;18;23186
17516;53;2021-02-15;114;23300
17517;53;2021-02-16;94;23394
17518;53;2021-02-17;98;23492
17519;53;2021-02-18;146;23638
17520;53;2021-02-19;118;23756
17521;53;2021-02-20;86;23842
17522;53;2021-02-21;6;23848
17523;53;2021-02-22;126;23974
17524;53;2021-02-23;98;24072
17525;53;2021-02-24;94;24166
17526;53;2021-02-25;74;24240
17527;53;2021-02-26;114;24354
17528;53;2021-02-27;82;24436
17529;53;2021-02-28;26;24462
17530;53;2021-03-01;136;24598
17531;53;2021-03-02;80;24678
17532;53;2021-03-03;126;24804
17533;53;2021-03-04;138;24942
17534;53;2021-03-05;120;25062
17535;53;2021-03-06;100;25162
17536;53;2021-03-07;6;25168
17537;53;2021-03-08;144;25312
17538;53;2021-03-09;130;25442
17539;53;2021-03-10;132;25574
17540;53;2021-03-11;170;25744
17541;53;2021-03-12;154;25898
17542;53;2021-03-13;128;26026
17543;53;2021-03-14;8;26034
17544;53;2021-03-15;274;26308
17545;53;2021-03-16;186;26494
17546;53;2021-03-17;136;26630
17547;53;2021-03-18;184;26814
17548;53;2021-03-19;198;27012
17549;53;2021-03-20;134;27146
17550;53;2021-03-21;12;27158
17551;53;2021-03-22;294;27452
17552;53;2021-03-23;194;27646
17553;53;2021-03-24;224;27870
17554;53;2021-03-25;276;28146
17555;53;2021-03-26;190;28336
17556;53;2021-03-27;132;28468
17557;53;2021-03-28;14;28482
17558;53;2021-03-29;232;28714
17559;53;2021-03-30;276;28990
17560;53;2021-03-31;212;29202
17561;53;2021-04-01;248;29450
17562;53;2021-04-02;276;29726
17563;53;2021-04-03;132;29858
17564;53;2021-04-04;14;29872
17565;53;2021-04-05;20;29892
17566;53;2021-04-06;322;30214
17567;53;2021-04-07;196;30410
17568;53;2021-04-08;236;30646
17569;53;2021-04-09;228;30874
17570;53;2021-04-10;200;31074
17571;53;2021-04-11;8;31082
17572;53;2021-04-12;324;31406
17573;53;2021-04-13;292;31698
17574;53;2021-04-14;270;31968
17575;53;2021-04-15;248;32216
17576;54;2020-05-13;46;46
17577;54;2020-05-14;18;64
17578;54;2020-05-15;40;104
17579;54;2020-05-16;2;106
17580;54;2020-05-17;6;112
17581;54;2020-05-18;64;176
17582;54;2020-05-19;38;214
17583;54;2020-05-20;74;288
17584;54;2020-05-21;14;302
17585;54;2020-05-22;32;334
17586;54;2020-05-23;6;340
17587;54;2020-05-24;2;342
17588;54;2020-05-25;24;366
17589;54;2020-05-26;28;394
17590;54;2020-05-27;22;416
17591;54;2020-05-28;16;432
17592;54;2020-05-29;14;446
17593;54;2020-05-30;8;454
17594;54;2020-05-31;6;460
17595;54;2020-06-01;10;470
17596;54;2020-06-02;56;526
17597;54;2020-06-03;82;608
17598;54;2020-06-04;60;668
17599;54;2020-06-05;72;740
17600;54;2020-06-06;32;772
17601;54;2020-06-07;24;796
17602;54;2020-06-08;72;868
17603;54;2020-06-09;84;952
17604;54;2020-06-10;58;1010
17605;54;2020-06-11;42;1052
17606;54;2020-06-12;42;1094
17607;54;2020-06-13;8;1102
17608;54;2020-06-14;2;1104
17609;54;2020-06-15;30;1134
17610;54;2020-06-16;54;1188
17611;54;2020-06-17;44;1232
17612;54;2020-06-18;24;1256
17613;54;2020-06-19;54;1310
17614;54;2020-06-20;10;1320
17615;54;2020-06-21;2;1322
17616;54;2020-06-22;6;1328
17617;54;2020-06-23;18;1346
17618;54;2020-06-24;14;1360
17619;54;2020-06-25;20;1380
17620;54;2020-06-26;12;1392
17621;54;2020-06-27;8;1400
17622;54;2020-06-28;2;1402
17623;54;2020-06-29;6;1408
17624;54;2020-06-30;4;1412
17625;54;2020-07-01;14;1426
17626;54;2020-07-02;12;1438
17627;54;2020-07-03;10;1448
17628;54;2020-07-04;10;1458
17629;54;2020-07-05;0;1458
17630;54;2020-07-06;12;1470
17631;54;2020-07-07;4;1474
17632;54;2020-07-08;6;1480
17633;54;2020-07-09;12;1492
17634;54;2020-07-10;16;1508
17635;54;2020-07-11;10;1518
17636;54;2020-07-12;2;1520
17637;54;2020-07-13;26;1546
17638;54;2020-07-14;4;1550
17639;54;2020-07-15;20;1570
17640;54;2020-07-16;26;1596
17641;54;2020-07-17;26;1622
17642;54;2020-07-18;12;1634
17643;54;2020-07-19;2;1636
17644;54;2020-07-20;26;1662
17645;54;2020-07-21;22;1684
17646;54;2020-07-22;24;1708
17647;54;2020-07-23;28;1736
17648;54;2020-07-24;44;1780
17649;54;2020-07-25;20;1800
17650;54;2020-07-26;0;1800
17651;54;2020-07-27;44;1844
17652;54;2020-07-28;54;1898
17653;54;2020-07-29;34;1932
17654;54;2020-07-30;42;1974
17655;54;2020-07-31;46;2020
17656;54;2020-08-01;18;2038
17657;54;2020-08-02;6;2044
17658;54;2020-08-03;50;2094
17659;54;2020-08-04;50;2144
17660;54;2020-08-05;45;2189
17661;54;2020-08-06;86;2275
17662;54;2020-08-07;40;2315
17663;54;2020-08-08;32;2347
17664;54;2020-08-09;0;2347
17665;54;2020-08-10;26;2373
17666;54;2020-08-11;22;2395
17667;54;2020-08-12;40;2435
17668;54;2020-08-13;74;2509
17669;54;2020-08-14;28;2537
17670;54;2020-08-15;8;2545
17671;54;2020-08-16;4;2549
17672;54;2020-08-17;46;2595
17673;54;2020-08-18;48;2643
17674;54;2020-08-19;40;2683
17675;54;2020-08-20;42;2725
17676;54;2020-08-21;36;2761
17677;54;2020-08-22;32;2793
17678;54;2020-08-23;4;2797
17679;54;2020-08-24;76;2873
17680;54;2020-08-25;76;2949
17681;54;2020-08-26;62;3011
17682;54;2020-08-27;100;3111
17683;54;2020-08-28;98;3209
17684;54;2020-08-29;56;3265
17685;54;2020-08-30;4;3269
17686;54;2020-08-31;96;3365
17687;54;2020-09-01;86;3451
17688;54;2020-09-02;116;3567
17689;54;2020-09-03;78;3645
17690;54;2020-09-04;94;3739
17691;54;2020-09-05;60;3799
17692;54;2020-09-06;8;3807
17693;54;2020-09-07;156;3963
17694;54;2020-09-08;122;4085
17695;54;2020-09-09;165;4250
17696;54;2020-09-10;138;4388
17697;54;2020-09-11;128;4516
17698;54;2020-09-12;102;4618
17699;54;2020-09-13;14;4632
17700;54;2020-09-14;210;4842
17701;54;2020-09-15;100;4942
17702;54;2020-09-16;128;5070
17703;54;2020-09-17;122;5192
17704;54;2020-09-18;130;5322
17705;54;2020-09-19;74;5396
17706;54;2020-09-20;4;5400
17707;54;2020-09-21;152;5552
17708;54;2020-09-22;74;5626
17709;54;2020-09-23;110;5736
17710;54;2020-09-24;116;5852
17711;54;2020-09-25;90;5942
17712;54;2020-09-26;68;6010
17713;54;2020-09-27;8;6018
17714;54;2020-09-28;154;6172
17715;54;2020-09-29;134;6306
17716;54;2020-09-30;174;6480
17717;54;2020-10-01;172;6652
17718;54;2020-10-02;138;6790
17719;54;2020-10-03;106;6896
17720;54;2020-10-04;22;6918
17721;54;2020-10-05;312;7230
17722;54;2020-10-06;246;7476
17723;54;2020-10-07;296;7772
17724;54;2020-10-08;324;8096
17725;54;2020-10-09;354;8450
17726;54;2020-10-10;134;8584
17727;54;2020-10-11;22;8606
17728;54;2020-10-12;524;9130
17729;54;2020-10-13;426;9556
17730;54;2020-10-14;470;10026
17731;54;2020-10-15;398;10424
17732;54;2020-10-16;436;10860
17733;54;2020-10-17;254;11114
17734;54;2020-10-18;36;11150
17735;54;2020-10-19;732;11882
17736;54;2020-10-20;692;12574
17737;54;2020-10-21;710;13284
17738;54;2020-10-22;892;14176
17739;54;2020-10-23;895;15071
17740;54;2020-10-24;446;15517
17741;54;2020-10-25;84;15601
17742;54;2020-10-26;1376;16977
17743;54;2020-10-27;1120;18097
17744;54;2020-10-28;1036;19133
17745;54;2020-10-29;990;20123
17746;54;2020-10-30;1056;21179
17747;54;2020-10-31;704;21883
17748;54;2020-11-01;94;21977
17749;54;2020-11-02;1466;23443
17750;54;2020-11-03;1018;24461
17751;54;2020-11-04;931;25392
17752;54;2020-11-05;720;26112
17753;54;2020-11-06;704;26816
17754;54;2020-11-07;373;27189
17755;54;2020-11-08;60;27249
17756;54;2020-11-09;938;28187
17757;54;2020-11-10;657;28844
17758;54;2020-11-11;56;28900
17759;54;2020-11-12;734;29634
17760;54;2020-11-13;598;30232
17761;54;2020-11-14;284;30516
17762;54;2020-11-15;30;30546
17763;54;2020-11-16;654;31200
17764;54;2020-11-17;444;31644
17765;54;2020-11-18;400;32044
17766;54;2020-11-19;428;32472
17767;54;2020-11-20;378;32850
17768;54;2020-11-21;180;33030
17769;54;2020-11-22;24;33054
17770;54;2020-11-23;468;33522
17771;54;2020-11-24;384;33906
17772;54;2020-11-25;290;34196
17773;54;2020-11-26;302;34498
17774;54;2020-11-27;322;34820
17775;54;2020-11-28;142;34962
17776;54;2020-11-29;32;34994
17777;54;2020-11-30;442;35436
17778;54;2020-12-01;412;35848
17779;54;2020-12-02;358;36206
17780;54;2020-12-03;492;36698
17781;54;2020-12-04;404;37102
17782;54;2020-12-05;234;37336
17783;54;2020-12-06;54;37390
17784;54;2020-12-07;644;38034
17785;54;2020-12-08;558;38592
17786;54;2020-12-09;562;39154
17787;54;2020-12-10;658;39812
17788;54;2020-12-11;636;40448
17789;54;2020-12-12;390;40838
17790;54;2020-12-13;86;40924
17791;54;2020-12-14;832;41756
17792;54;2020-12-15;666;42422
17793;54;2020-12-16;606;43028
17794;54;2020-12-17;808;43836
17795;54;2020-12-18;857;44693
17796;54;2020-12-19;468;45161
17797;54;2020-12-20;106;45267
17798;54;2020-12-21;1049;46316
17799;54;2020-12-22;838;47154
17800;54;2020-12-23;794;47948
17801;54;2020-12-24;438;48386
17802;54;2020-12-25;32;48418
17803;54;2020-12-26;464;48882
17804;54;2020-12-27;92;48974
17805;54;2020-12-28;958;49932
17806;54;2020-12-29;756;50688
17807;54;2020-12-30;778;51466
17808;54;2020-12-31;522;51988
17809;54;2021-01-01;60;52048
17810;54;2021-01-02;622;52670
17811;54;2021-01-03;64;52734
17812;54;2021-01-04;858;53592
17813;54;2021-01-05;758;54350
17814;54;2021-01-06;736;55086
17815;54;2021-01-07;552;55638
17816;54;2021-01-08;630;56268
17817;54;2021-01-09;358;56626
17818;54;2021-01-10;28;56654
17819;54;2021-01-11;790;57444
17820;54;2021-01-12;548;57992
17821;54;2021-01-13;504;58496
17822;54;2021-01-14;520;59016
17823;54;2021-01-15;548;59564
17824;54;2021-01-16;386;59950
17825;54;2021-01-17;48;59998
17826;54;2021-01-18;816;60814
17827;54;2021-01-19;610;61424
17828;54;2021-01-20;524;61948
17829;54;2021-01-21;592;62540
17830;54;2021-01-22;596;63136
17831;54;2021-01-23;440;63576
17832;54;2021-01-24;74;63650
17833;54;2021-01-25;910;64560
17834;54;2021-01-26;646;65206
17835;54;2021-01-27;596;65802
17836;54;2021-01-28;624;66426
17837;54;2021-01-29;472;66898
17838;54;2021-01-30;340;67238
17839;54;2021-01-31;62;67300
17840;54;2021-02-01;728;68028
17841;54;2021-02-02;550;68578
17842;54;2021-02-03;422;69000
17843;54;2021-02-04;388;69388
17844;54;2021-02-05;475;69863
17845;54;2021-02-06;348;70211
17846;54;2021-02-07;62;70273
17847;54;2021-02-08;636;70909
17848;54;2021-02-09;500;71409
17849;54;2021-02-10;418;71827
17850;54;2021-02-11;382;72209
17851;54;2021-02-12;400;72609
17852;54;2021-02-13;222;72831
17853;54;2021-02-14;42;72873
17854;54;2021-02-15;745;73618
17855;54;2021-02-16;428;74046
17856;54;2021-02-17;456;74502
17857;54;2021-02-18;546;75048
17858;54;2021-02-19;558;75606
17859;54;2021-02-20;264;75870
17860;54;2021-02-21;54;75924
17861;54;2021-02-22;696;76620
17862;54;2021-02-23;518;77138
17863;54;2021-02-24;562;77700
17864;54;2021-02-25;530;78230
17865;54;2021-02-26;554;78784
17866;54;2021-02-27;294;79078
17867;54;2021-02-28;40;79118
17868;54;2021-03-01;708;79826
17869;54;2021-03-02;486;80312
17870;54;2021-03-03;452;80764
17871;54;2021-03-04;482;81246
17872;54;2021-03-05;556;81802
17873;54;2021-03-06;286;82088
17874;54;2021-03-07;48;82136
17875;54;2021-03-08;614;82750
17876;54;2021-03-09;474;83224
17877;54;2021-03-10;542;83766
17878;54;2021-03-11;658;84424
17879;54;2021-03-12;662;85086
17880;54;2021-03-13;418;85504
17881;54;2021-03-14;72;85576
17882;54;2021-03-15;970;86546
17883;54;2021-03-16;680;87226
17884;54;2021-03-17;646;87872
17885;54;2021-03-18;628;88500
17886;54;2021-03-19;698;89198
17887;54;2021-03-20;378;89576
17888;54;2021-03-21;82;89658
17889;54;2021-03-22;984;90642
17890;54;2021-03-23;700;91342
17891;54;2021-03-24;640;91982
17892;54;2021-03-25;752;92734
17893;54;2021-03-26;807;93541
17894;54;2021-03-27;468;94009
17895;54;2021-03-28;84;94093
17896;54;2021-03-29;1070;95163
17897;54;2021-03-30;923;96086
17898;54;2021-03-31;734;96820
17899;54;2021-04-01;704;97524
17900;54;2021-04-02;776;98300
17901;54;2021-04-03;514;98814
17902;54;2021-04-04;80;98894
17903;54;2021-04-05;182;99076
17904;54;2021-04-06;1356;100432
17905;54;2021-04-07;800;101232
17906;54;2021-04-08;708;101940
17907;54;2021-04-09;894;102834
17908;54;2021-04-10;556;103390
17909;54;2021-04-11;93;103483
17910;54;2021-04-12;1127;104610
17911;54;2021-04-13;884;105494
17912;54;2021-04-14;712;106206
17913;54;2021-04-15;708;106914
17914;55;2020-05-13;30;30
17915;55;2020-05-14;16;46
17916;55;2020-05-15;41;87
17917;55;2020-05-16;8;95
17918;55;2020-05-17;0;95
17919;55;2020-05-18;28;123
17920;55;2020-05-19;14;137
17921;55;2020-05-20;38;175
17922;55;2020-05-21;0;175
17923;55;2020-05-22;2;177
17924;55;2020-05-23;0;177
17925;55;2020-05-24;0;177
17926;55;2020-05-25;4;181
17927;55;2020-05-26;8;189
17928;55;2020-05-27;8;197
17929;55;2020-05-28;0;197
17930;55;2020-05-29;12;209
17931;55;2020-05-30;2;211
17932;55;2020-05-31;0;211
17933;55;2020-06-01;0;211
17934;55;2020-06-02;6;217
17935;55;2020-06-03;50;267
17936;55;2020-06-04;18;285
17937;55;2020-06-05;20;305
17938;55;2020-06-06;2;307
17939;55;2020-06-07;2;309
17940;55;2020-06-08;14;323
17941;55;2020-06-09;10;333
17942;55;2020-06-10;10;343
17943;55;2020-06-11;8;351
17944;55;2020-06-12;20;371
17945;55;2020-06-13;0;371
17946;55;2020-06-14;0;371
17947;55;2020-06-15;6;377
17948;55;2020-06-16;10;387
17949;55;2020-06-17;2;389
17950;55;2020-06-18;4;393
17951;55;2020-06-19;10;403
17952;55;2020-06-20;2;405
17953;55;2020-06-21;0;405
17954;55;2020-06-22;6;411
17955;55;2020-06-23;0;411
17956;55;2020-06-24;0;411
17957;55;2020-06-25;2;413
17958;55;2020-06-26;0;413
17959;55;2020-06-27;0;413
17960;55;2020-06-28;0;413
17961;55;2020-06-29;2;415
17962;55;2020-06-30;2;417
17963;55;2020-07-01;0;417
17964;55;2020-07-02;2;419
17965;55;2020-07-03;0;419
17966;55;2020-07-04;2;421
17967;55;2020-07-05;0;421
17968;55;2020-07-06;4;425
17969;55;2020-07-07;2;427
17970;55;2020-07-08;0;427
17971;55;2020-07-09;0;427
17972;55;2020-07-10;0;427
17973;55;2020-07-11;0;427
17974;55;2020-07-12;0;427
17975;55;2020-07-13;0;427
17976;55;2020-07-14;2;429
17977;55;2020-07-15;0;429
17978;55;2020-07-16;4;433
17979;55;2020-07-17;2;435
17980;55;2020-07-18;0;435
17981;55;2020-07-19;0;435
17982;55;2020-07-20;2;437
17983;55;2020-07-21;0;437
17984;55;2020-07-22;0;437
17985;55;2020-07-23;0;437
17986;55;2020-07-24;4;441
17987;55;2020-07-25;0;441
17988;55;2020-07-26;0;441
17989;55;2020-07-27;4;445
17990;55;2020-07-28;2;447
17991;55;2020-07-29;2;449
17992;55;2020-07-30;2;451
17993;55;2020-07-31;0;451
17994;55;2020-08-01;0;451
17995;55;2020-08-02;0;451
17996;55;2020-08-03;2;453
17997;55;2020-08-04;4;457
17998;55;2020-08-05;2;459
17999;55;2020-08-06;2;461
18000;55;2020-08-07;2;463
18001;55;2020-08-08;0;463
18002;55;2020-08-09;0;463
18003;55;2020-08-10;4;467
18004;55;2020-08-11;10;477
18005;55;2020-08-12;12;489
18006;55;2020-08-13;4;493
18007;55;2020-08-14;6;499
18008;55;2020-08-15;0;499
18009;55;2020-08-16;0;499
18010;55;2020-08-17;6;505
18011;55;2020-08-18;4;509
18012;55;2020-08-19;0;509
18013;55;2020-08-20;0;509
18014;55;2020-08-21;4;513
18015;55;2020-08-22;0;513
18016;55;2020-08-23;0;513
18017;55;2020-08-24;10;523
18018;55;2020-08-25;6;529
18019;55;2020-08-26;20;549
18020;55;2020-08-27;14;563
18021;55;2020-08-28;8;571
18022;55;2020-08-29;6;577
18023;55;2020-08-30;0;577
18024;55;2020-08-31;4;581
18025;55;2020-09-01;4;585
18026;55;2020-09-02;6;591
18027;55;2020-09-03;6;597
18028;55;2020-09-04;8;605
18029;55;2020-09-05;8;613
18030;55;2020-09-06;2;615
18031;55;2020-09-07;12;627
18032;55;2020-09-08;12;639
18033;55;2020-09-09;26;665
18034;55;2020-09-10;24;689
18035;55;2020-09-11;10;699
18036;55;2020-09-12;12;711
18037;55;2020-09-13;0;711
18038;55;2020-09-14;12;723
18039;55;2020-09-15;36;759
18040;55;2020-09-16;14;773
18041;55;2020-09-17;18;791
18042;55;2020-09-18;18;809
18043;55;2020-09-19;12;821
18044;55;2020-09-20;0;821
18045;55;2020-09-21;18;839
18046;55;2020-09-22;8;847
18047;55;2020-09-23;18;865
18048;55;2020-09-24;22;887
18049;55;2020-09-25;14;901
18050;55;2020-09-26;10;911
18051;55;2020-09-27;0;911
18052;55;2020-09-28;24;935
18053;55;2020-09-29;12;947
18054;55;2020-09-30;54;1001
18055;55;2020-10-01;52;1053
18056;55;2020-10-02;18;1071
18057;55;2020-10-03;28;1099
18058;55;2020-10-04;2;1101
18059;55;2020-10-05;28;1129
18060;55;2020-10-06;34;1163
18061;55;2020-10-07;30;1193
18062;55;2020-10-08;30;1223
18063;55;2020-10-09;50;1273
18064;55;2020-10-10;16;1289
18065;55;2020-10-11;2;1291
18066;55;2020-10-12;54;1345
18067;55;2020-10-13;46;1391
18068;55;2020-10-14;38;1429
18069;55;2020-10-15;80;1509
18070;55;2020-10-16;84;1593
18071;55;2020-10-17;36;1629
18072;55;2020-10-18;4;1633
18073;55;2020-10-19;106;1739
18074;55;2020-10-20;66;1805
18075;55;2020-10-21;118;1923
18076;55;2020-10-22;122;2045
18077;55;2020-10-23;168;2213
18078;55;2020-10-24;96;2309
18079;55;2020-10-25;14;2323
18080;55;2020-10-26;220;2543
18081;55;2020-10-27;238;2781
18082;55;2020-10-28;192;2973
18083;55;2020-10-29;152;3125
18084;55;2020-10-30;222;3347
18085;55;2020-10-31;158;3505
18086;55;2020-11-01;18;3523
18087;55;2020-11-02;314;3837
18088;55;2020-11-03;275;4112
18089;55;2020-11-04;200;4312
18090;55;2020-11-05;233;4545
18091;55;2020-11-06;246;4791
18092;55;2020-11-07;100;4891
18093;55;2020-11-08;22;4913
18094;55;2020-11-09;228;5141
18095;55;2020-11-10;162;5303
18096;55;2020-11-11;12;5315
18097;55;2020-11-12;148;5463
18098;55;2020-11-13;138;5601
18099;55;2020-11-14;66;5667
18100;55;2020-11-15;4;5671
18101;55;2020-11-16;160;5831
18102;55;2020-11-17;122;5953
18103;55;2020-11-18;96;6049
18104;55;2020-11-19;112;6161
18105;55;2020-11-20;100;6261
18106;55;2020-11-21;68;6329
18107;55;2020-11-22;10;6339
18108;55;2020-11-23;138;6477
18109;55;2020-11-24;86;6563
18110;55;2020-11-25;104;6667
18111;55;2020-11-26;88;6755
18112;55;2020-11-27;112;6867
18113;55;2020-11-28;38;6905
18114;55;2020-11-29;8;6913
18115;55;2020-11-30;120;7033
18116;55;2020-12-01;106;7139
18117;55;2020-12-02;94;7233
18118;55;2020-12-03;104;7337
18119;55;2020-12-04;140;7477
18120;55;2020-12-05;84;7561
18121;55;2020-12-06;10;7571
18122;55;2020-12-07;172;7743
18123;55;2020-12-08;178;7921
18124;55;2020-12-09;90;8011
18125;55;2020-12-10;126;8137
18126;55;2020-12-11;230;8367
18127;55;2020-12-12;132;8499
18128;55;2020-12-13;22;8521
18129;55;2020-12-14;228;8749
18130;55;2020-12-15;266;9015
18131;55;2020-12-16;180;9195
18132;55;2020-12-17;224;9419
18133;55;2020-12-18;178;9597
18134;55;2020-12-19;90;9687
18135;55;2020-12-20;12;9699
18136;55;2020-12-21;254;9953
18137;55;2020-12-22;226;10179
18138;55;2020-12-23;203;10382
18139;55;2020-12-24;104;10486
18140;55;2020-12-25;14;10500
18141;55;2020-12-26;126;10626
18142;55;2020-12-27;18;10644
18143;55;2020-12-28;218;10862
18144;55;2020-12-29;242;11104
18145;55;2020-12-30;188;11292
18146;55;2020-12-31;110;11402
18147;55;2021-01-01;24;11426
18148;55;2021-01-02;166;11592
18149;55;2021-01-03;12;11604
18150;55;2021-01-04;266;11870
18151;55;2021-01-05;258;12128
18152;55;2021-01-06;168;12296
18153;55;2021-01-07;118;12414
18154;55;2021-01-08;156;12570
18155;55;2021-01-09;100;12670
18156;55;2021-01-10;18;12688
18157;55;2021-01-11;218;12906
18158;55;2021-01-12;230;13136
18159;55;2021-01-13;122;13258
18160;55;2021-01-14;144;13402
18161;55;2021-01-15;128;13530
18162;55;2021-01-16;72;13602
18163;55;2021-01-17;8;13610
18164;55;2021-01-18;226;13836
18165;55;2021-01-19;214;14050
18166;55;2021-01-20;188;14238
18167;55;2021-01-21;136;14374
18168;55;2021-01-22;136;14510
18169;55;2021-01-23;70;14580
18170;55;2021-01-24;10;14590
18171;55;2021-01-25;218;14808
18172;55;2021-01-26;90;14898
18173;55;2021-01-27;82;14980
18174;55;2021-01-28;106;15086
18175;55;2021-01-29;110;15196
18176;55;2021-01-30;66;15262
18177;55;2021-01-31;12;15274
18178;55;2021-02-01;116;15390
18179;55;2021-02-02;76;15466
18180;55;2021-02-03;78;15544
18181;55;2021-02-04;90;15634
18182;55;2021-02-05;84;15718
18183;55;2021-02-06;108;15826
18184;55;2021-02-07;0;15826
18185;55;2021-02-08;130;15956
18186;55;2021-02-09;78;16034
18187;55;2021-02-10;92;16126
18188;55;2021-02-11;66;16192
18189;55;2021-02-12;94;16286
18190;55;2021-02-13;42;16328
18191;55;2021-02-14;2;16330
18192;55;2021-02-15;142;16472
18193;55;2021-02-16;60;16532
18194;55;2021-02-17;44;16576
18195;55;2021-02-18;92;16668
18196;55;2021-02-19;60;16728
18197;55;2021-02-20;44;16772
18198;55;2021-02-21;6;16778
18199;55;2021-02-22;152;16930
18200;55;2021-02-23;66;16996
18201;55;2021-02-24;46;17042
18202;55;2021-02-25;60;17102
18203;55;2021-02-26;94;17196
18204;55;2021-02-27;56;17252
18205;55;2021-02-28;12;17264
18206;55;2021-03-01;118;17382
18207;55;2021-03-02;106;17488
18208;55;2021-03-03;82;17570
18209;55;2021-03-04;98;17668
18210;55;2021-03-05;106;17774
18211;55;2021-03-06;78;17852
18212;55;2021-03-07;38;17890
18213;55;2021-03-08;194;18084
18214;55;2021-03-09;108;18192
18215;55;2021-03-10;148;18340
18216;55;2021-03-11;112;18452
18217;55;2021-03-12;128;18580
18218;55;2021-03-13;104;18684
18219;55;2021-03-14;20;18704
18220;55;2021-03-15;256;18960
18221;55;2021-03-16;182;19142
18222;55;2021-03-17;176;19318
18223;55;2021-03-18;162;19480
18224;55;2021-03-19;180;19660
18225;55;2021-03-20;90;19750
18226;55;2021-03-21;14;19764
18227;55;2021-03-22;274;20038
18228;55;2021-03-23;207;20245
18229;55;2021-03-24;184;20429
18230;55;2021-03-25;196;20625
18231;55;2021-03-26;258;20883
18232;55;2021-03-27;122;21005
18233;55;2021-03-28;6;21011
18234;55;2021-03-29;364;21375
18235;55;2021-03-30;238;21613
18236;55;2021-03-31;214;21827
18237;55;2021-04-01;158;21985
18238;55;2021-04-02;222;22207
18239;55;2021-04-03;152;22359
18240;55;2021-04-04;40;22399
18241;55;2021-04-05;38;22437
18242;55;2021-04-06;380;22817
18243;55;2021-04-07;218;23035
18244;55;2021-04-08;226;23261
18245;55;2021-04-09;232;23493
18246;55;2021-04-10;110;23603
18247;55;2021-04-11;16;23619
18248;55;2021-04-12;276;23895
18249;55;2021-04-13;200;24095
18250;55;2021-04-14;168;24263
18251;55;2021-04-15;150;24413
18252;56;2020-05-13;0;0
18253;56;2020-05-14;4;4
18254;56;2020-05-15;4;8
18255;56;2020-05-16;2;10
18256;56;2020-05-17;0;10
18257;56;2020-05-18;6;16
18258;56;2020-05-19;12;28
18259;56;2020-05-20;4;32
18260;56;2020-05-21;4;36
18261;56;2020-05-22;12;48
18262;56;2020-05-23;0;48
18263;56;2020-05-24;6;54
18264;56;2020-05-25;16;70
18265;56;2020-05-26;6;76
18266;56;2020-05-27;6;82
18267;56;2020-05-28;16;98
18268;56;2020-05-29;4;102
18269;56;2020-05-30;2;104
18270;56;2020-05-31;0;104
18271;56;2020-06-01;0;104
18272;56;2020-06-02;2;106
18273;56;2020-06-03;2;108
18274;56;2020-06-04;2;110
18275;56;2020-06-05;0;110
18276;56;2020-06-06;4;114
18277;56;2020-06-07;2;116
18278;56;2020-06-08;0;116
18279;56;2020-06-09;2;118
18280;56;2020-06-10;0;118
18281;56;2020-06-11;0;118
18282;56;2020-06-12;0;118
18283;56;2020-06-13;0;118
18284;56;2020-06-14;0;118
18285;56;2020-06-15;0;118
18286;56;2020-06-16;8;126
18287;56;2020-06-17;8;134
18288;56;2020-06-18;0;134
18289;56;2020-06-19;2;136
18290;56;2020-06-20;0;136
18291;56;2020-06-21;0;136
18292;56;2020-06-22;8;144
18293;56;2020-06-23;6;150
18294;56;2020-06-24;0;150
18295;56;2020-06-25;6;156
18296;56;2020-06-26;6;162
18297;56;2020-06-27;2;164
18298;56;2020-06-28;2;166
18299;56;2020-06-29;4;170
18300;56;2020-06-30;2;172
18301;56;2020-07-01;4;176
18302;56;2020-07-02;2;178
18303;56;2020-07-03;1;179
18304;56;2020-07-04;0;179
18305;56;2020-07-05;0;179
18306;56;2020-07-06;4;183
18307;56;2020-07-07;0;183
18308;56;2020-07-08;2;185
18309;56;2020-07-09;4;189
18310;56;2020-07-10;2;191
18311;56;2020-07-11;0;191
18312;56;2020-07-12;2;193
18313;56;2020-07-13;2;195
18314;56;2020-07-14;0;195
18315;56;2020-07-15;8;203
18316;56;2020-07-16;0;203
18317;56;2020-07-17;8;211
18318;56;2020-07-18;2;213
18319;56;2020-07-19;0;213
18320;56;2020-07-20;8;221
18321;56;2020-07-21;2;223
18322;56;2020-07-22;0;223
18323;56;2020-07-23;0;223
18324;56;2020-07-24;14;237
18325;56;2020-07-25;34;271
18326;56;2020-07-26;6;277
18327;56;2020-07-27;20;297
18328;56;2020-07-28;16;313
18329;56;2020-07-29;10;323
18330;56;2020-07-30;6;329
18331;56;2020-07-31;16;345
18332;56;2020-08-01;6;351
18333;56;2020-08-02;12;363
18334;56;2020-08-03;20;383
18335;56;2020-08-04;18;401
18336;56;2020-08-05;24;425
18337;56;2020-08-06;16;441
18338;56;2020-08-07;50;491
18339;56;2020-08-08;26;517
18340;56;2020-08-09;2;519
18341;56;2020-08-10;20;539
18342;56;2020-08-11;16;555
18343;56;2020-08-12;12;567
18344;56;2020-08-13;14;581
18345;56;2020-08-14;34;615
18346;56;2020-08-15;6;621
18347;56;2020-08-16;6;627
18348;56;2020-08-17;36;663
18349;56;2020-08-18;22;685
18350;56;2020-08-19;20;705
18351;56;2020-08-20;30;735
18352;56;2020-08-21;14;749
18353;56;2020-08-22;36;785
18354;56;2020-08-23;18;803
18355;56;2020-08-24;42;845
18356;56;2020-08-25;28;873
18357;56;2020-08-26;34;907
18358;56;2020-08-27;48;955
18359;56;2020-08-28;50;1005
18360;56;2020-08-29;52;1057
18361;56;2020-08-30;14;1071
18362;56;2020-08-31;90;1161
18363;56;2020-09-01;90;1251
18364;56;2020-09-02;78;1329
18365;56;2020-09-03;134;1463
18366;56;2020-09-04;156;1619
18367;56;2020-09-05;56;1675
18368;56;2020-09-06;18;1693
18369;56;2020-09-07;104;1797
18370;56;2020-09-08;76;1873
18371;56;2020-09-09;114;1987
18372;56;2020-09-10;102;2089
18373;56;2020-09-11;108;2197
18374;56;2020-09-12;68;2265
18375;56;2020-09-13;30;2295
18376;56;2020-09-14;136;2431
18377;56;2020-09-15;144;2575
18378;56;2020-09-16;112;2687
18379;56;2020-09-17;136;2823
18380;56;2020-09-18;142;2965
18381;56;2020-09-19;52;3017
18382;56;2020-09-20;32;3049
18383;56;2020-09-21;114;3163
18384;56;2020-09-22;124;3287
18385;56;2020-09-23;104;3391
18386;56;2020-09-24;64;3455
18387;56;2020-09-25;86;3541
18388;56;2020-09-26;40;3581
18389;56;2020-09-27;22;3603
18390;56;2020-09-28;118;3721
18391;56;2020-09-29;118;3839
18392;56;2020-09-30;86;3925
18393;56;2020-10-01;86;4011
18394;56;2020-10-02;82;4093
18395;56;2020-10-03;56;4149
18396;56;2020-10-04;24;4173
18397;56;2020-10-05;140;4313
18398;56;2020-10-06;138;4451
18399;56;2020-10-07;104;4555
18400;56;2020-10-08;118;4673
18401;56;2020-10-09;158;4831
18402;56;2020-10-10;136;4967
18403;56;2020-10-11;34;5001
18404;56;2020-10-12;232;5233
18405;56;2020-10-13;148;5381
18406;56;2020-10-14;176;5557
18407;56;2020-10-15;220;5777
18408;56;2020-10-16;274;6051
18409;56;2020-10-17;154;6205
18410;56;2020-10-18;50;6255
18411;56;2020-10-19;416;6671
18412;56;2020-10-20;348;7019
18413;56;2020-10-21;352;7371
18414;56;2020-10-22;378;7749
18415;56;2020-10-23;398;8147
18416;56;2020-10-24;274;8421
18417;56;2020-10-25;106;8527
18418;56;2020-10-26;576;9103
18419;56;2020-10-27;442;9545
18420;56;2020-10-28;464;10009
18421;56;2020-10-29;460;10469
18422;56;2020-10-30;580;11049
18423;56;2020-10-31;342;11391
18424;56;2020-11-01;74;11465
18425;56;2020-11-02;716;12181
18426;56;2020-11-03;514;12695
18427;56;2020-11-04;468;13163
18428;56;2020-11-05;436;13599
18429;56;2020-11-06;462;14061
18430;56;2020-11-07;322;14383
18431;56;2020-11-08;84;14467
18432;56;2020-11-09;450;14917
18433;56;2020-11-10;412;15329
18434;56;2020-11-11;84;15413
18435;56;2020-11-12;370;15783
18436;56;2020-11-13;312;16095
18437;56;2020-11-14;178;16273
18438;56;2020-11-15;52;16325
18439;56;2020-11-16;430;16755
18440;56;2020-11-17;222;16977
18441;56;2020-11-18;156;17133
18442;56;2020-11-19;114;17247
18443;56;2020-11-20;180;17427
18444;56;2020-11-21;66;17493
18445;56;2020-11-22;24;17517
18446;56;2020-11-23;226;17743
18447;56;2020-11-24;134;17877
18448;56;2020-11-25;108;17985
18449;56;2020-11-26;74;18059
18450;56;2020-11-27;68;18127
18451;56;2020-11-28;62;18189
18452;56;2020-11-29;12;18201
18453;56;2020-11-30;100;18301
18454;56;2020-12-01;124;18425
18455;56;2020-12-02;68;18493
18456;56;2020-12-03;84;18577
18457;56;2020-12-04;84;18661
18458;56;2020-12-05;58;18719
18459;56;2020-12-06;12;18731
18460;56;2020-12-07;118;18849
18461;56;2020-12-08;92;18941
18462;56;2020-12-09;96;19037
18463;56;2020-12-10;108;19145
18464;56;2020-12-11;180;19325
18465;56;2020-12-12;62;19387
18466;56;2020-12-13;22;19409
18467;56;2020-12-14;150;19559
18468;56;2020-12-15;82;19641
18469;56;2020-12-16;106;19747
18470;56;2020-12-17;126;19873
18471;56;2020-12-18;120;19993
18472;56;2020-12-19;74;20067
18473;56;2020-12-20;38;20105
18474;56;2020-12-21;198;20303
18475;56;2020-12-22;142;20445
18476;56;2020-12-23;152;20597
18477;56;2020-12-24;96;20693
18478;56;2020-12-25;6;20699
18479;56;2020-12-26;104;20803
18480;56;2020-12-27;14;20817
18481;56;2020-12-28;200;21017
18482;56;2020-12-29;154;21171
18483;56;2020-12-30;192;21363
18484;56;2020-12-31;210;21573
18485;56;2021-01-01;34;21607
18486;56;2021-01-02;158;21765
18487;56;2021-01-03;20;21785
18488;56;2021-01-04;238;22023
18489;56;2021-01-05;184;22207
18490;56;2021-01-06;164;22371
18491;56;2021-01-07;150;22521
18492;56;2021-01-08;186;22707
18493;56;2021-01-09;110;22817
18494;56;2021-01-10;34;22851
18495;56;2021-01-11;316;23167
18496;56;2021-01-12;188;23355
18497;56;2021-01-13;256;23611
18498;56;2021-01-14;236;23847
18499;56;2021-01-15;290;24137
18500;56;2021-01-16;148;24285
18501;56;2021-01-17;26;24311
18502;56;2021-01-18;302;24613
18503;56;2021-01-19;292;24905
18504;56;2021-01-20;246;25151
18505;56;2021-01-21;226;25377
18506;56;2021-01-22;234;25611
18507;56;2021-01-23;168;25779
18508;56;2021-01-24;36;25815
18509;56;2021-01-25;336;26151
18510;56;2021-01-26;220;26371
18511;56;2021-01-27;292;26663
18512;56;2021-01-28;370;27033
18513;56;2021-01-29;284;27317
18514;56;2021-01-30;194;27511
18515;56;2021-01-31;38;27549
18516;56;2021-02-01;383;27932
18517;56;2021-02-02;310;28242
18518;56;2021-02-03;278;28520
18519;56;2021-02-04;256;28776
18520;56;2021-02-05;242;29018
18521;56;2021-02-06;200;29218
18522;56;2021-02-07;28;29246
18523;56;2021-02-08;266;29512
18524;56;2021-02-09;172;29684
18525;56;2021-02-10;236;29920
18526;56;2021-02-11;242;30162
18527;56;2021-02-12;196;30358
18528;56;2021-02-13;180;30538
18529;56;2021-02-14;22;30560
18530;56;2021-02-15;368;30928
18531;56;2021-02-16;242;31170
18532;56;2021-02-17;284;31454
18533;56;2021-02-18;268;31722
18534;56;2021-02-19;352;32074
18535;56;2021-02-20;168;32242
18536;56;2021-02-21;36;32278
18537;56;2021-02-22;450;32728
18538;56;2021-02-23;290;33018
18539;56;2021-02-24;316;33334
18540;56;2021-02-25;378;33712
18541;56;2021-02-26;248;33960
18542;56;2021-02-27;160;34120
18543;56;2021-02-28;26;34146
18544;56;2021-03-01;320;34466
18545;56;2021-03-02;244;34710
18546;56;2021-03-03;282;34992
18547;56;2021-03-04;293;35285
18548;56;2021-03-05;244;35529
18549;56;2021-03-06;172;35701
18550;56;2021-03-07;26;35727
18551;56;2021-03-08;472;36199
18552;56;2021-03-09;330;36529
18553;56;2021-03-10;326;36855
18554;56;2021-03-11;332;37187
18555;56;2021-03-12;356;37543
18556;56;2021-03-13;236;37779
18557;56;2021-03-14;26;37805
18558;56;2021-03-15;438;38243
18559;56;2021-03-16;374;38617
18560;56;2021-03-17;438;39055
18561;56;2021-03-18;348;39403
18562;56;2021-03-19;353;39756
18563;56;2021-03-20;304;40060
18564;56;2021-03-21;32;40092
18565;56;2021-03-22;521;40613
18566;56;2021-03-23;434;41047
18567;56;2021-03-24;526;41573
18568;56;2021-03-25;476;42049
18569;56;2021-03-26;397;42446
18570;56;2021-03-27;418;42864
18571;56;2021-03-28;60;42924
18572;56;2021-03-29;645;43569
18573;56;2021-03-30;532;44101
18574;56;2021-03-31;608;44709
18575;56;2021-04-01;507;45216
18576;56;2021-04-02;566;45782
18577;56;2021-04-03;322;46104
18578;56;2021-04-04;50;46154
18579;56;2021-04-05;142;46296
18580;56;2021-04-06;681;46977
18581;56;2021-04-07;530;47507
18582;56;2021-04-08;546;48053
18583;56;2021-04-09;490;48543
18584;56;2021-04-10;378;48921
18585;56;2021-04-11;46;48967
18586;56;2021-04-12;578;49545
18587;56;2021-04-13;508;50053
18588;56;2021-04-14;508;50561
18589;56;2021-04-15;404;50965
18590;57;2020-05-13;70;70
18591;57;2020-05-14;68;138
18592;57;2020-05-15;90;228
18593;57;2020-05-16;10;238
18594;57;2020-05-17;4;242
18595;57;2020-05-18;114;356
18596;57;2020-05-19;84;440
18597;57;2020-05-20;130;570
18598;57;2020-05-21;10;580
18599;57;2020-05-22;42;622
18600;57;2020-05-23;8;630
18601;57;2020-05-24;2;632
18602;57;2020-05-25;40;672
18603;57;2020-05-26;26;698
18604;57;2020-05-27;30;728
18605;57;2020-05-28;30;758
18606;57;2020-05-29;36;794
18607;57;2020-05-30;12;806
18608;57;2020-05-31;2;808
18609;57;2020-06-01;4;812
18610;57;2020-06-02;50;862
18611;57;2020-06-03;30;892
18612;57;2020-06-04;10;902
18613;57;2020-06-05;26;928
18614;57;2020-06-06;4;932
18615;57;2020-06-07;4;936
18616;57;2020-06-08;14;950
18617;57;2020-06-09;14;964
18618;57;2020-06-10;18;982
18619;57;2020-06-11;12;994
18620;57;2020-06-12;16;1010
18621;57;2020-06-13;4;1014
18622;57;2020-06-14;0;1014
18623;57;2020-06-15;6;1020
18624;57;2020-06-16;20;1040
18625;57;2020-06-17;6;1046
18626;57;2020-06-18;12;1058
18627;57;2020-06-19;6;1064
18628;57;2020-06-20;10;1074
18629;57;2020-06-21;4;1078
18630;57;2020-06-22;16;1094
18631;57;2020-06-23;12;1106
18632;57;2020-06-24;16;1122
18633;57;2020-06-25;2;1124
18634;57;2020-06-26;16;1140
18635;57;2020-06-27;6;1146
18636;57;2020-06-28;0;1146
18637;57;2020-06-29;6;1152
18638;57;2020-06-30;4;1156
18639;57;2020-07-01;16;1172
18640;57;2020-07-02;10;1182
18641;57;2020-07-03;12;1194
18642;57;2020-07-04;8;1202
18643;57;2020-07-05;0;1202
18644;57;2020-07-06;4;1206
18645;57;2020-07-07;8;1214
18646;57;2020-07-08;10;1224
18647;57;2020-07-09;8;1232
18648;57;2020-07-10;2;1234
18649;57;2020-07-11;0;1234
18650;57;2020-07-12;6;1240
18651;57;2020-07-13;20;1260
18652;57;2020-07-14;0;1260
18653;57;2020-07-15;16;1276
18654;57;2020-07-16;18;1294
18655;57;2020-07-17;34;1328
18656;57;2020-07-18;16;1344
18657;57;2020-07-19;0;1344
18658;57;2020-07-20;8;1352
18659;57;2020-07-21;26;1378
18660;57;2020-07-22;24;1402
18661;57;2020-07-23;14;1416
18662;57;2020-07-24;34;1450
18663;57;2020-07-25;10;1460
18664;57;2020-07-26;0;1460
18665;57;2020-07-27;20;1480
18666;57;2020-07-28;16;1496
18667;57;2020-07-29;32;1528
18668;57;2020-07-30;34;1562
18669;57;2020-07-31;50;1612
18670;57;2020-08-01;18;1630
18671;57;2020-08-02;6;1636
18672;57;2020-08-03;30;1666
18673;57;2020-08-04;36;1702
18674;57;2020-08-05;36;1738
18675;57;2020-08-06;88;1826
18676;57;2020-08-07;62;1888
18677;57;2020-08-08;12;1900
18678;57;2020-08-09;0;1900
18679;57;2020-08-10;28;1928
18680;57;2020-08-11;46;1974
18681;57;2020-08-12;96;2070
18682;57;2020-08-13;38;2108
18683;57;2020-08-14;62;2170
18684;57;2020-08-15;6;2176
18685;57;2020-08-16;4;2180
18686;57;2020-08-17;92;2272
18687;57;2020-08-18;80;2352
18688;57;2020-08-19;84;2436
18689;57;2020-08-20;54;2490
18690;57;2020-08-21;50;2540
18691;57;2020-08-22;46;2586
18692;57;2020-08-23;0;2586
18693;57;2020-08-24;138;2724
18694;57;2020-08-25;130;2854
18695;57;2020-08-26;114;2968
18696;57;2020-08-27;102;3070
18697;57;2020-08-28;116;3186
18698;57;2020-08-29;76;3262
18699;57;2020-08-30;6;3268
18700;57;2020-08-31;112;3380
18701;57;2020-09-01;86;3466
18702;57;2020-09-02;92;3558
18703;57;2020-09-03;92;3650
18704;57;2020-09-04;102;3752
18705;57;2020-09-05;44;3796
18706;57;2020-09-06;4;3800
18707;57;2020-09-07;80;3880
18708;57;2020-09-08;96;3976
18709;57;2020-09-09;120;4096
18710;57;2020-09-10;130;4226
18711;57;2020-09-11;118;4344
18712;57;2020-09-12;58;4402
18713;57;2020-09-13;14;4416
18714;57;2020-09-14;172;4588
18715;57;2020-09-15;152;4740
18716;57;2020-09-16;132;4872
18717;57;2020-09-17;113;4985
18718;57;2020-09-18;142;5127
18719;57;2020-09-19;26;5153
18720;57;2020-09-20;6;5159
18721;57;2020-09-21;138;5297
18722;57;2020-09-22;100;5397
18723;57;2020-09-23;116;5513
18724;57;2020-09-24;128;5641
18725;57;2020-09-25;106;5747
18726;57;2020-09-26;26;5773
18727;57;2020-09-27;4;5777
18728;57;2020-09-28;122;5899
18729;57;2020-09-29;104;6003
18730;57;2020-09-30;118;6121
18731;57;2020-10-01;172;6293
18732;57;2020-10-02;156;6449
18733;57;2020-10-03;88;6537
18734;57;2020-10-04;2;6539
18735;57;2020-10-05;214;6753
18736;57;2020-10-06;256;7009
18737;57;2020-10-07;240;7249
18738;57;2020-10-08;314;7563
18739;57;2020-10-09;338;7901
18740;57;2020-10-10;192;8093
18741;57;2020-10-11;26;8119
18742;57;2020-10-12;514;8633
18743;57;2020-10-13;370;9003
18744;57;2020-10-14;494;9497
18745;57;2020-10-15;502;9999
18746;57;2020-10-16;656;10655
18747;57;2020-10-17;324;10979
18748;57;2020-10-18;52;11031
18749;57;2020-10-19;1002;12033
18750;57;2020-10-20;902;12935
18751;57;2020-10-21;1064;13999
18752;57;2020-10-22;1296;15295
18753;57;2020-10-23;1584;16879
18754;57;2020-10-24;702;17581
18755;57;2020-10-25;88;17669
18756;57;2020-10-26;1898;19567
18757;57;2020-10-27;1310;20877
18758;57;2020-10-28;1524;22401
18759;57;2020-10-29;1464;23865
18760;57;2020-10-30;1836;25701
18761;57;2020-10-31;752;26453
18762;57;2020-11-01;90;26543
18763;57;2020-11-02;2186;28729
18764;57;2020-11-03;1852;30581
18765;57;2020-11-04;1526;32107
18766;57;2020-11-05;1394;33501
18767;57;2020-11-06;1404;34905
18768;57;2020-11-07;562;35467
18769;57;2020-11-08;86;35553
18770;57;2020-11-09;1698;37251
18771;57;2020-11-10;1314;38565
18772;57;2020-11-11;78;38643
18773;57;2020-11-12;1240;39883
18774;57;2020-11-13;1104;40987
18775;57;2020-11-14;424;41411
18776;57;2020-11-15;40;41451
18777;57;2020-11-16;1154;42605
18778;57;2020-11-17;918;43523
18779;57;2020-11-18;716;44239
18780;57;2020-11-19;678;44917
18781;57;2020-11-20;674;45591
18782;57;2020-11-21;290;45881
18783;57;2020-11-22;36;45917
18784;57;2020-11-23;808;46725
18785;57;2020-11-24;566;47291
18786;57;2020-11-25;538;47829
18787;57;2020-11-26;606;48435
18788;57;2020-11-27;526;48961
18789;57;2020-11-28;222;49183
18790;57;2020-11-29;42;49225
18791;57;2020-11-30;754;49979
18792;57;2020-12-01;442;50421
18793;57;2020-12-02;548;50969
18794;57;2020-12-03;576;51545
18795;57;2020-12-04;648;52193
18796;57;2020-12-05;344;52537
18797;57;2020-12-06;64;52601
18798;57;2020-12-07;818;53419
18799;57;2020-12-08;608;54027
18800;57;2020-12-09;660;54687
18801;57;2020-12-10;734;55421
18802;57;2020-12-11;718;56139
18803;57;2020-12-12;452;56591
18804;57;2020-12-13;100;56691
18805;57;2020-12-14;1072;57763
18806;57;2020-12-15;788;58551
18807;57;2020-12-16;814;59365
18808;57;2020-12-17;804;60169
18809;57;2020-12-18;794;60963
18810;57;2020-12-19;574;61537
18811;57;2020-12-20;80;61617
18812;57;2020-12-21;1156;62773
18813;57;2020-12-22;972;63745
18814;57;2020-12-23;866;64611
18815;57;2020-12-24;608;65219
18816;57;2020-12-25;84;65303
18817;57;2020-12-26;146;65449
18818;57;2020-12-27;92;65541
18819;57;2020-12-28;1292;66833
18820;57;2020-12-29;990;67823
18821;57;2020-12-30;972;68795
18822;57;2020-12-31;698;69493
18823;57;2021-01-01;52;69545
18824;57;2021-01-02;820;70365
18825;57;2021-01-03;90;70455
18826;57;2021-01-04;1258;71713
18827;57;2021-01-05;972;72685
18828;57;2021-01-06;790;73475
18829;57;2021-01-07;720;74195
18830;57;2021-01-08;712;74907
18831;57;2021-01-09;536;75443
18832;57;2021-01-10;76;75519
18833;57;2021-01-11;1064;76583
18834;57;2021-01-12;676;77259
18835;57;2021-01-13;594;77853
18836;57;2021-01-14;680;78533
18837;57;2021-01-15;618;79151
18838;57;2021-01-16;434;79585
18839;57;2021-01-17;70;79655
18840;57;2021-01-18;1030;80685
18841;57;2021-01-19;700;81385
18842;57;2021-01-20;756;82141
18843;57;2021-01-21;794;82935
18844;57;2021-01-22;794;83729
18845;57;2021-01-23;514;84243
18846;57;2021-01-24;92;84335
18847;57;2021-01-25;1308;85643
18848;57;2021-01-26;992;86635
18849;57;2021-01-27;890;87525
18850;57;2021-01-28;876;88401
18851;57;2021-01-29;1044;89445
18852;57;2021-01-30;524;89969
18853;57;2021-01-31;94;90063
18854;57;2021-02-01;1286;91349
18855;57;2021-02-02;994;92343
18856;57;2021-02-03;942;93285
18857;57;2021-02-04;883;94168
18858;57;2021-02-05;1000;95168
18859;57;2021-02-06;676;95844
18860;57;2021-02-07;120;95964
18861;57;2021-02-08;1414;97378
18862;57;2021-02-09;1000;98378
18863;57;2021-02-10;964;99342
18864;57;2021-02-11;856;100198
18865;57;2021-02-12;832;101030
18866;57;2021-02-13;628;101658
18867;57;2021-02-14;152;101810
18868;57;2021-02-15;1476;103286
18869;57;2021-02-16;1076;104362
18870;57;2021-02-17;1058;105420
18871;57;2021-02-18;1128;106548
18872;57;2021-02-19;1034;107582
18873;57;2021-02-20;554;108136
18874;57;2021-02-21;120;108256
18875;57;2021-02-22;1430;109686
18876;57;2021-02-23;1018;110704
18877;57;2021-02-24;878;111582
18878;57;2021-02-25;892;112474
18879;57;2021-02-26;1006;113480
18880;57;2021-02-27;636;114116
18881;57;2021-02-28;96;114212
18882;57;2021-03-01;1270;115482
18883;57;2021-03-02;924;116406
18884;57;2021-03-03;802;117208
18885;57;2021-03-04;720;117928
18886;57;2021-03-05;854;118782
18887;57;2021-03-06;596;119378
18888;57;2021-03-07;96;119474
18889;57;2021-03-08;1197;120671
18890;57;2021-03-09;926;121597
18891;57;2021-03-10;924;122521
18892;57;2021-03-11;996;123517
18893;57;2021-03-12;1074;124591
18894;57;2021-03-13;608;125199
18895;57;2021-03-14;208;125407
18896;57;2021-03-15;1398;126805
18897;57;2021-03-16;976;127781
18898;57;2021-03-17;894;128675
18899;57;2021-03-18;968;129643
18900;57;2021-03-19;992;130635
18901;57;2021-03-20;706;131341
18902;57;2021-03-21;144;131485
18903;57;2021-03-22;1402;132887
18904;57;2021-03-23;994;133881
18905;57;2021-03-24;890;134771
18906;57;2021-03-25;1058;135829
18907;57;2021-03-26;1142;136971
18908;57;2021-03-27;784;137755
18909;57;2021-03-28;156;137911
18910;57;2021-03-29;1642;139553
18911;57;2021-03-30;1200;140753
18912;57;2021-03-31;972;141725
18913;57;2021-04-01;1018;142743
18914;57;2021-04-02;274;143017
18915;57;2021-04-03;1008;144025
18916;57;2021-04-04;112;144137
18917;57;2021-04-05;252;144389
18918;57;2021-04-06;1674;146063
18919;57;2021-04-07;1104;147167
18920;57;2021-04-08;938;148105
18921;57;2021-04-09;1078;149183
18922;57;2021-04-10;700;149883
18923;57;2021-04-11;132;150015
18924;57;2021-04-12;1362;151377
18925;57;2021-04-13;824;152201
18926;57;2021-04-14;712;152913
18927;57;2021-04-15;788;153701
18928;58;2020-05-13;0;0
18929;58;2020-05-14;0;0
18930;58;2020-05-15;57;57
18931;58;2020-05-16;2;59
18932;58;2020-05-17;0;59
18933;58;2020-05-18;2;61
18934;58;2020-05-19;0;61
18935;58;2020-05-20;4;65
18936;58;2020-05-21;0;65
18937;58;2020-05-22;0;65
18938;58;2020-05-23;4;69
18939;58;2020-05-24;0;69
18940;58;2020-05-25;2;71
18941;58;2020-05-26;2;73
18942;58;2020-05-27;0;73
18943;58;2020-05-28;2;75
18944;58;2020-05-29;3;78
18945;58;2020-05-30;2;80
18946;58;2020-05-31;0;80
18947;58;2020-06-01;0;80
18948;58;2020-06-02;2;82
18949;58;2020-06-03;0;82
18950;58;2020-06-04;2;84
18951;58;2020-06-05;0;84
18952;58;2020-06-06;0;84
18953;58;2020-06-07;0;84
18954;58;2020-06-08;0;84
18955;58;2020-06-09;0;84
18956;58;2020-06-10;4;88
18957;58;2020-06-11;0;88
18958;58;2020-06-12;0;88
18959;58;2020-06-13;0;88
18960;58;2020-06-14;0;88
18961;58;2020-06-15;0;88
18962;58;2020-06-16;0;88
18963;58;2020-06-17;0;88
18964;58;2020-06-18;0;88
18965;58;2020-06-19;2;90
18966;58;2020-06-20;0;90
18967;58;2020-06-21;2;92
18968;58;2020-06-22;0;92
18969;58;2020-06-23;0;92
18970;58;2020-06-24;0;92
18971;58;2020-06-25;0;92
18972;58;2020-06-26;2;94
18973;58;2020-06-27;0;94
18974;58;2020-06-28;0;94
18975;58;2020-06-29;6;100
18976;58;2020-06-30;0;100
18977;58;2020-07-01;16;116
18978;58;2020-07-02;2;118
18979;58;2020-07-03;0;118
18980;58;2020-07-04;14;132
18981;58;2020-07-05;0;132
18982;58;2020-07-06;2;134
18983;58;2020-07-07;0;134
18984;58;2020-07-08;4;138
18985;58;2020-07-09;6;144
18986;58;2020-07-10;0;144
18987;58;2020-07-11;0;144
18988;58;2020-07-12;0;144
18989;58;2020-07-13;2;146
18990;58;2020-07-14;0;146
18991;58;2020-07-15;4;150
18992;58;2020-07-16;2;152
18993;58;2020-07-17;4;156
18994;58;2020-07-18;0;156
18995;58;2020-07-19;2;158
18996;58;2020-07-20;0;158
18997;58;2020-07-21;0;158
18998;58;2020-07-22;0;158
18999;58;2020-07-23;2;160
19000;58;2020-07-24;0;160
19001;58;2020-07-25;2;162
19002;58;2020-07-26;2;164
19003;58;2020-07-27;0;164
19004;58;2020-07-28;2;166
19005;58;2020-07-29;0;166
19006;58;2020-07-30;2;168
19007;58;2020-07-31;0;168
19008;58;2020-08-01;0;168
19009;58;2020-08-02;0;168
19010;58;2020-08-03;4;172
19011;58;2020-08-04;0;172
19012;58;2020-08-05;2;174
19013;58;2020-08-06;2;176
19014;58;2020-08-07;4;180
19015;58;2020-08-08;4;184
19016;58;2020-08-09;0;184
19017;58;2020-08-10;0;184
19018;58;2020-08-11;8;192
19019;58;2020-08-12;4;196
19020;58;2020-08-13;0;196
19021;58;2020-08-14;2;198
19022;58;2020-08-15;4;202
19023;58;2020-08-16;2;204
19024;58;2020-08-17;6;210
19025;58;2020-08-18;4;214
19026;58;2020-08-19;8;222
19027;58;2020-08-20;6;228
19028;58;2020-08-21;10;238
19029;58;2020-08-22;0;238
19030;58;2020-08-23;0;238
19031;58;2020-08-24;20;258
19032;58;2020-08-25;10;268
19033;58;2020-08-26;4;272
19034;58;2020-08-27;14;286
19035;58;2020-08-28;26;312
19036;58;2020-08-29;12;324
19037;58;2020-08-30;4;328
19038;58;2020-08-31;14;342
19039;58;2020-09-01;16;358
19040;58;2020-09-02;8;366
19041;58;2020-09-03;32;398
19042;58;2020-09-04;20;418
19043;58;2020-09-05;4;422
19044;58;2020-09-06;2;424
19045;58;2020-09-07;28;452
19046;58;2020-09-08;20;472
19047;58;2020-09-09;10;482
19048;58;2020-09-10;18;500
19049;58;2020-09-11;22;522
19050;58;2020-09-12;42;564
19051;58;2020-09-13;4;568
19052;58;2020-09-14;40;608
19053;58;2020-09-15;30;638
19054;58;2020-09-16;82;720
19055;58;2020-09-17;38;758
19056;58;2020-09-18;26;784
19057;58;2020-09-19;12;796
19058;58;2020-09-20;0;796
19059;58;2020-09-21;46;842
19060;58;2020-09-22;22;864
19061;58;2020-09-23;34;898
19062;58;2020-09-24;18;916
19063;58;2020-09-25;30;946
19064;58;2020-09-26;2;948
19065;58;2020-09-27;2;950
19066;58;2020-09-28;22;972
19067;58;2020-09-29;22;994
19068;58;2020-09-30;18;1012
19069;58;2020-10-01;12;1024
19070;58;2020-10-02;18;1042
19071;58;2020-10-03;8;1050
19072;58;2020-10-04;2;1052
19073;58;2020-10-05;26;1078
19074;58;2020-10-06;38;1116
19075;58;2020-10-07;60;1176
19076;58;2020-10-08;40;1216
19077;58;2020-10-09;58;1274
19078;58;2020-10-10;10;1284
19079;58;2020-10-11;12;1296
19080;58;2020-10-12;92;1388
19081;58;2020-10-13;66;1454
19082;58;2020-10-14;102;1556
19083;58;2020-10-15;96;1652
19084;58;2020-10-16;124;1776
19085;58;2020-10-17;60;1836
19086;58;2020-10-18;2;1838
19087;58;2020-10-19;154;1992
19088;58;2020-10-20;168;2160
19089;58;2020-10-21;190;2350
19090;58;2020-10-22;146;2496
19091;58;2020-10-23;122;2618
19092;58;2020-10-24;112;2730
19093;58;2020-10-25;20;2750
19094;58;2020-10-26;302;3052
19095;58;2020-10-27;256;3308
19096;58;2020-10-28;232;3540
19097;58;2020-10-29;268;3808
19098;58;2020-10-30;256;4064
19099;58;2020-10-31;90;4154
19100;58;2020-11-01;38;4192
19101;58;2020-11-02;302;4494
19102;58;2020-11-03;268;4762
19103;58;2020-11-04;262;5024
19104;58;2020-11-05;262;5286
19105;58;2020-11-06;262;5548
19106;58;2020-11-07;69;5617
19107;58;2020-11-08;22;5639
19108;58;2020-11-09;212;5851
19109;58;2020-11-10;190;6041
19110;58;2020-11-11;16;6057
19111;58;2020-11-12;230;6287
19112;58;2020-11-13;146;6433
19113;58;2020-11-14;62;6495
19114;58;2020-11-15;14;6509
19115;58;2020-11-16;170;6679
19116;58;2020-11-17;172;6851
19117;58;2020-11-18;102;6953
19118;58;2020-11-19;126;7079
19119;58;2020-11-20;66;7145
19120;58;2020-11-21;40;7185
19121;58;2020-11-22;8;7193
19122;58;2020-11-23;82;7275
19123;58;2020-11-24;64;7339
19124;58;2020-11-25;76;7415
19125;58;2020-11-26;82;7497
19126;58;2020-11-27;105;7602
19127;58;2020-11-28;46;7648
19128;58;2020-11-29;28;7676
19129;58;2020-11-30;124;7800
19130;58;2020-12-01;54;7854
19131;58;2020-12-02;84;7938
19132;58;2020-12-03;112;8050
19133;58;2020-12-04;134;8184
19134;58;2020-12-05;108;8292
19135;58;2020-12-06;22;8314
19136;58;2020-12-07;130;8444
19137;58;2020-12-08;90;8534
19138;58;2020-12-09;102;8636
19139;58;2020-12-10;98;8734
19140;58;2020-12-11;166;8900
19141;58;2020-12-12;120;9020
19142;58;2020-12-13;14;9034
19143;58;2020-12-14;136;9170
19144;58;2020-12-15;94;9264
19145;58;2020-12-16;112;9376
19146;58;2020-12-17;132;9508
19147;58;2020-12-18;168;9676
19148;58;2020-12-19;66;9742
19149;58;2020-12-20;18;9760
19150;58;2020-12-21;280;10040
19151;58;2020-12-22;144;10184
19152;58;2020-12-23;150;10334
19153;58;2020-12-24;110;10444
19154;58;2020-12-25;2;10446
19155;58;2020-12-26;56;10502
19156;58;2020-12-27;18;10520
19157;58;2020-12-28;230;10750
19158;58;2020-12-29;172;10922
19159;58;2020-12-30;148;11070
19160;58;2020-12-31;140;11210
19161;58;2021-01-01;8;11218
19162;58;2021-01-02;80;11298
19163;58;2021-01-03;20;11318
19164;58;2021-01-04;332;11650
19165;58;2021-01-05;166;11816
19166;58;2021-01-06;190;12006
19167;58;2021-01-07;182;12188
19168;58;2021-01-08;100;12288
19169;58;2021-01-09;64;12352
19170;58;2021-01-10;30;12382
19171;58;2021-01-11;286;12668
19172;58;2021-01-12;142;12810
19173;58;2021-01-13;162;12972
19174;58;2021-01-14;156;13128
19175;58;2021-01-15;194;13322
19176;58;2021-01-16;58;13380
19177;58;2021-01-17;22;13402
19178;58;2021-01-18;218;13620
19179;58;2021-01-19;208;13828
19180;58;2021-01-20;116;13944
19181;58;2021-01-21;122;14066
19182;58;2021-01-22;218;14284
19183;58;2021-01-23;96;14380
19184;58;2021-01-24;18;14398
19185;58;2021-01-25;210;14608
19186;58;2021-01-26;166;14774
19187;58;2021-01-27;120;14894
19188;58;2021-01-28;112;15006
19189;58;2021-01-29;106;15112
19190;58;2021-01-30;66;15178
19191;58;2021-01-31;0;15178
19192;58;2021-02-01;152;15330
19193;58;2021-02-02;102;15432
19194;58;2021-02-03;74;15506
19195;58;2021-02-04;78;15584
19196;58;2021-02-05;120;15704
19197;58;2021-02-06;36;15740
19198;58;2021-02-07;6;15746
19199;58;2021-02-08;134;15880
19200;58;2021-02-09;138;16018
19201;58;2021-02-10;88;16106
19202;58;2021-02-11;100;16206
19203;58;2021-02-12;142;16348
19204;58;2021-02-13;46;16394
19205;58;2021-02-14;14;16408
19206;58;2021-02-15;140;16548
19207;58;2021-02-16;110;16658
19208;58;2021-02-17;100;16758
19209;58;2021-02-18;108;16866
19210;58;2021-02-19;140;17006
19211;58;2021-02-20;74;17080
19212;58;2021-02-21;8;17088
19213;58;2021-02-22;196;17284
19214;58;2021-02-23;112;17396
19215;58;2021-02-24;84;17480
19216;58;2021-02-25;88;17568
19217;58;2021-02-26;112;17680
19218;58;2021-02-27;52;17732
19219;58;2021-02-28;14;17746
19220;58;2021-03-01;168;17914
19221;58;2021-03-02;68;17982
19222;58;2021-03-03;128;18110
19223;58;2021-03-04;130;18240
19224;58;2021-03-05;120;18360
19225;58;2021-03-06;72;18432
19226;58;2021-03-07;8;18440
19227;58;2021-03-08;180;18620
19228;58;2021-03-09;155;18775
19229;58;2021-03-10;160;18935
19230;58;2021-03-11;130;19065
19231;58;2021-03-12;200;19265
19232;58;2021-03-13;90;19355
19233;58;2021-03-14;18;19373
19234;58;2021-03-15;242;19615
19235;58;2021-03-16;266;19881
19236;58;2021-03-17;194;20075
19237;58;2021-03-18;246;20321
19238;58;2021-03-19;258;20579
19239;58;2021-03-20;104;20683
19240;58;2021-03-21;20;20703
19241;58;2021-03-22;320;21023
19242;58;2021-03-23;306;21329
19243;58;2021-03-24;310;21639
19244;58;2021-03-25;286;21925
19245;58;2021-03-26;280;22205
19246;58;2021-03-27;186;22391
19247;58;2021-03-28;32;22423
19248;58;2021-03-29;342;22765
19249;58;2021-03-30;316;23081
19250;58;2021-03-31;290;23371
19251;58;2021-04-01;304;23675
19252;58;2021-04-02;284;23959
19253;58;2021-04-03;176;24135
19254;58;2021-04-04;16;24151
19255;58;2021-04-05;26;24177
19256;58;2021-04-06;418;24595
19257;58;2021-04-07;310;24905
19258;58;2021-04-08;278;25183
19259;58;2021-04-09;328;25511
19260;58;2021-04-10;162;25673
19261;58;2021-04-11;48;25721
19262;58;2021-04-12;334;26055
19263;58;2021-04-13;228;26283
19264;58;2021-04-14;246;26529
19265;58;2021-04-15;214;26743
19266;59;2020-05-13;72;72
19267;59;2020-05-14;82;154
19268;59;2020-05-15;60;214
19269;59;2020-05-16;30;244
19270;59;2020-05-17;4;248
19271;59;2020-05-18;104;352
19272;59;2020-05-19;152;504
19273;59;2020-05-20;130;634
19274;59;2020-05-21;32;666
19275;59;2020-05-22;196;862
19276;59;2020-05-23;64;926
19277;59;2020-05-24;12;938
19278;59;2020-05-25;142;1080
19279;59;2020-05-26;144;1224
19280;59;2020-05-27;146;1370
19281;59;2020-05-28;60;1430
19282;59;2020-05-29;128;1558
19283;59;2020-05-30;54;1612
19284;59;2020-05-31;10;1622
19285;59;2020-06-01;26;1648
19286;59;2020-06-02;98;1746
19287;59;2020-06-03;90;1836
19288;59;2020-06-04;68;1904
19289;59;2020-06-05;116;2020
19290;59;2020-06-06;33;2053
19291;59;2020-06-07;6;2059
19292;59;2020-06-08;150;2209
19293;59;2020-06-09;92;2301
19294;59;2020-06-10;98;2399
19295;59;2020-06-11;88;2487
19296;59;2020-06-12;44;2531
19297;59;2020-06-13;20;2551
19298;59;2020-06-14;18;2569
19299;59;2020-06-15;76;2645
19300;59;2020-06-16;64;2709
19301;59;2020-06-17;58;2767
19302;59;2020-06-18;52;2819
19303;59;2020-06-19;62;2881
19304;59;2020-06-20;40;2921
19305;59;2020-06-21;8;2929
19306;59;2020-06-22;54;2983
19307;59;2020-06-23;84;3067
19308;59;2020-06-24;58;3125
19309;59;2020-06-25;58;3183
19310;59;2020-06-26;70;3253
19311;59;2020-06-27;20;3273
19312;59;2020-06-28;12;3285
19313;59;2020-06-29;72;3357
19314;59;2020-06-30;68;3425
19315;59;2020-07-01;78;3503
19316;59;2020-07-02;87;3590
19317;59;2020-07-03;67;3657
19318;59;2020-07-04;26;3683
19319;59;2020-07-05;2;3685
19320;59;2020-07-06;114;3799
19321;59;2020-07-07;68;3867
19322;59;2020-07-08;58;3925
19323;59;2020-07-09;90;4015
19324;59;2020-07-10;76;4091
19325;59;2020-07-11;66;4157
19326;59;2020-07-12;8;4165
19327;59;2020-07-13;84;4249
19328;59;2020-07-14;10;4259
19329;59;2020-07-15;92;4351
19330;59;2020-07-16;136;4487
19331;59;2020-07-17;116;4603
19332;59;2020-07-18;64;4667
19333;59;2020-07-19;10;4677
19334;59;2020-07-20;122;4799
19335;59;2020-07-21;198;4997
19336;59;2020-07-22;180;5177
19337;59;2020-07-23;126;5303
19338;59;2020-07-24;170;5473
19339;59;2020-07-25;112;5585
19340;59;2020-07-26;12;5597
19341;59;2020-07-27;218;5815
19342;59;2020-07-28;178;5993
19343;59;2020-07-29;206;6199
19344;59;2020-07-30;260;6459
19345;59;2020-07-31;216;6675
19346;59;2020-08-01;124;6799
19347;59;2020-08-02;12;6811
19348;59;2020-08-03;284;7095
19349;59;2020-08-04;204;7299
19350;59;2020-08-05;218;7517
19351;59;2020-08-06;236;7753
19352;59;2020-08-07;236;7989
19353;59;2020-08-08;100;8089
19354;59;2020-08-09;20;8109
19355;59;2020-08-10;240;8349
19356;59;2020-08-11;282;8631
19357;59;2020-08-12;284;8915
19358;59;2020-08-13;296;9211
19359;59;2020-08-14;284;9495
19360;59;2020-08-15;36;9531
19361;59;2020-08-16;16;9547
19362;59;2020-08-17;284;9831
19363;59;2020-08-18;315;10146
19364;59;2020-08-19;212;10358
19365;59;2020-08-20;290;10648
19366;59;2020-08-21;300;10948
19367;59;2020-08-22;108;11056
19368;59;2020-08-23;34;11090
19369;59;2020-08-24;354;11444
19370;59;2020-08-25;354;11798
19371;59;2020-08-26;336;12134
19372;59;2020-08-27;417;12551
19373;59;2020-08-28;352;12903
19374;59;2020-08-29;118;13021
19375;59;2020-08-30;56;13077
19376;59;2020-08-31;580;13657
19377;59;2020-09-01;612;14269
19378;59;2020-09-02;952;15221
19379;59;2020-09-03;882;16103
19380;59;2020-09-04;1284;17387
19381;59;2020-09-05;608;17995
19382;59;2020-09-06;86;18081
19383;59;2020-09-07;1715;19796
19384;59;2020-09-08;1418;21214
19385;59;2020-09-09;1461;22675
19386;59;2020-09-10;1486;24161
19387;59;2020-09-11;1458;25619
19388;59;2020-09-12;541;26160
19389;59;2020-09-13;160;26320
19390;59;2020-09-14;2416;28736
19391;59;2020-09-15;2205;30941
19392;59;2020-09-16;1838;32779
19393;59;2020-09-17;2054;34833
19394;59;2020-09-18;2218;37051
19395;59;2020-09-19;608;37659
19396;59;2020-09-20;408;38067
19397;59;2020-09-21;1911;39978
19398;59;2020-09-22;2465;42443
19399;59;2020-09-23;1954;44397
19400;59;2020-09-24;1664;46061
19401;59;2020-09-25;1773;47834
19402;59;2020-09-26;700;48534
19403;59;2020-09-27;176;48710
19404;59;2020-09-28;1958;50668
19405;59;2020-09-29;1642;52310
19406;59;2020-09-30;1806;54116
19407;59;2020-10-01;2043;56159
19408;59;2020-10-02;2267;58426
19409;59;2020-10-03;1002;59428
19410;59;2020-10-04;486;59914
19411;59;2020-10-05;2508;62422
19412;59;2020-10-06;2552;64974
19413;59;2020-10-07;2943;67917
19414;59;2020-10-08;3347;71264
19415;59;2020-10-09;3550;74814
19416;59;2020-10-10;2176;76990
19417;59;2020-10-11;1030;78020
19418;59;2020-10-12;4399;82419
19419;59;2020-10-13;3915;86334
19420;59;2020-10-14;4546;90880
19421;59;2020-10-15;4839;95719
19422;59;2020-10-16;4557;100276
19423;59;2020-10-17;2626;102902
19424;59;2020-10-18;1786;104688
19425;59;2020-10-19;5854;110542
19426;59;2020-10-20;5471;116013
19427;59;2020-10-21;6670;122683
19428;59;2020-10-22;6866;129549
19429;59;2020-10-23;7422;136971
19430;59;2020-10-24;4273;141244
19431;59;2020-10-25;2598;143842
19432;59;2020-10-26;8730;152572
19433;59;2020-10-27;7084;159656
19434;59;2020-10-28;6767;166423
19435;59;2020-10-29;6761;173184
19436;59;2020-10-30;6766;179950
19437;59;2020-10-31;3681;183631
19438;59;2020-11-01;2162;185793
19439;59;2020-11-02;7580;193373
19440;59;2020-11-03;6146;199519
19441;59;2020-11-04;5187;204706
19442;59;2020-11-05;4650;209356
19443;59;2020-11-06;4615;213971
19444;59;2020-11-07;2194;216165
19445;59;2020-11-08;828;216993
19446;59;2020-11-09;4152;221145
19447;59;2020-11-10;3300;224445
19448;59;2020-11-11;992;225437
19449;59;2020-11-12;3558;228995
19450;59;2020-11-13;2966;231961
19451;59;2020-11-14;1388;233349
19452;59;2020-11-15;422;233771
19453;59;2020-11-16;2893;236664
19454;59;2020-11-17;1859;238523
19455;59;2020-11-18;1646;240169
19456;59;2020-11-19;1560;241729
19457;59;2020-11-20;1692;243421
19458;59;2020-11-21;910;244331
19459;59;2020-11-22;320;244651
19460;59;2020-11-23;1558;246209
19461;59;2020-11-24;1222;247431
19462;59;2020-11-25;1110;248541
19463;59;2020-11-26;1136;249677
19464;59;2020-11-27;1168;250845
19465;59;2020-11-28;658;251503
19466;59;2020-11-29;232;251735
19467;59;2020-11-30;1258;252993
19468;59;2020-12-01;1120;254113
19469;59;2020-12-02;992;255105
19470;59;2020-12-03;1168;256273
19471;59;2020-12-04;1036;257309
19472;59;2020-12-05;536;257845
19473;59;2020-12-06;192;258037
19474;59;2020-12-07;1287;259324
19475;59;2020-12-08;1048;260372
19476;59;2020-12-09;941;261313
19477;59;2020-12-10;1016;262329
19478;59;2020-12-11;1068;263397
19479;59;2020-12-12;590;263987
19480;59;2020-12-13;182;264169
19481;59;2020-12-14;1318;265487
19482;59;2020-12-15;1033;266520
19483;59;2020-12-16;1010;267530
19484;59;2020-12-17;975;268505
19485;59;2020-12-18;1112;269617
19486;59;2020-12-19;696;270313
19487;59;2020-12-20;242;270555
19488;59;2020-12-21;1584;272139
19489;59;2020-12-22;1432;273571
19490;59;2020-12-23;1114;274685
19491;59;2020-12-24;898;275583
19492;59;2020-12-25;116;275699
19493;59;2020-12-26;754;276453
19494;59;2020-12-27;215;276668
19495;59;2020-12-28;1398;278066
19496;59;2020-12-29;1318;279384
19497;59;2020-12-30;1410;280794
19498;59;2020-12-31;992;281786
19499;59;2021-01-01;126;281912
19500;59;2021-01-02;1080;282992
19501;59;2021-01-03;372;283364
19502;59;2021-01-04;1836;285200
19503;59;2021-01-05;1655;286855
19504;59;2021-01-06;1468;288323
19505;59;2021-01-07;1400;289723
19506;59;2021-01-08;1396;291119
19507;59;2021-01-09;932;292051
19508;59;2021-01-10;290;292341
19509;59;2021-01-11;1844;294185
19510;59;2021-01-12;1506;295691
19511;59;2021-01-13;1468;297159
19512;59;2021-01-14;1608;298767
19513;59;2021-01-15;1453;300220
19514;59;2021-01-16;974;301194
19515;59;2021-01-17;278;301472
19516;59;2021-01-18;2037;303509
19517;59;2021-01-19;1574;305083
19518;59;2021-01-20;1492;306575
19519;59;2021-01-21;1547;308122
19520;59;2021-01-22;1682;309804
19521;59;2021-01-23;1090;310894
19522;59;2021-01-24;340;311234
19523;59;2021-01-25;2030;313264
19524;59;2021-01-26;1777;315041
19525;59;2021-01-27;1695;316736
19526;59;2021-01-28;1684;318420
19527;59;2021-01-29;1899;320319
19528;59;2021-01-30;1155;321474
19529;59;2021-01-31;330;321804
19530;59;2021-02-01;2268;324072
19531;59;2021-02-02;1770;325842
19532;59;2021-02-03;1622;327464
19533;59;2021-02-04;1703;329167
19534;59;2021-02-05;1934;331101
19535;59;2021-02-06;1363;332464
19536;59;2021-02-07;381;332845
19537;59;2021-02-08;2162;335007
19538;59;2021-02-09;1981;336988
19539;59;2021-02-10;1894;338882
19540;59;2021-02-11;2065;340947
19541;59;2021-02-12;2095;343042
19542;59;2021-02-13;1479;344521
19543;59;2021-02-14;526;345047
19544;59;2021-02-15;2825;347872
19545;59;2021-02-16;2396;350268
19546;59;2021-02-17;2450;352718
19547;59;2021-02-18;2716;355434
19548;59;2021-02-19;2885;358319
19549;59;2021-02-20;1823;360142
19550;59;2021-02-21;692;360834
19551;59;2021-02-22;3784;364618
19552;59;2021-02-23;2947;367565
19553;59;2021-02-24;2690;370255
19554;59;2021-02-25;2774;373029
19555;59;2021-02-26;2946;375975
19556;59;2021-02-27;1826;377801
19557;59;2021-02-28;667;378468
19558;59;2021-03-01;3272;381740
19559;59;2021-03-02;2780;384520
19560;59;2021-03-03;2750;387270
19561;59;2021-03-04;2541;389811
19562;59;2021-03-05;2783;392594
19563;59;2021-03-06;1985;394579
19564;59;2021-03-07;764;395343
19565;59;2021-03-08;3838;399181
19566;59;2021-03-09;3160;402341
19567;59;2021-03-10;3176;405517
19568;59;2021-03-11;3456;408973
19569;59;2021-03-12;3406;412379
19570;59;2021-03-13;2442;414821
19571;59;2021-03-14;797;415618
19572;59;2021-03-15;4901;420519
19573;59;2021-03-16;3482;424001
19574;59;2021-03-17;3419;427420
19575;59;2021-03-18;3663;431083
19576;59;2021-03-19;3876;434959
19577;59;2021-03-20;2640;437599
19578;59;2021-03-21;790;438389
19579;59;2021-03-22;5385;443774
19580;59;2021-03-23;4098;447872
19581;59;2021-03-24;4239;452111
19582;59;2021-03-25;4313;456424
19583;59;2021-03-26;4333;460757
19584;59;2021-03-27;2782;463539
19585;59;2021-03-28;836;464375
19586;59;2021-03-29;5375;469750
19587;59;2021-03-30;4384;474134
19588;59;2021-03-31;3998;478132
19589;59;2021-04-01;4070;482202
19590;59;2021-04-02;3848;486050
19591;59;2021-04-03;2573;488623
19592;59;2021-04-04;816;489439
19593;59;2021-04-05;989;490428
19594;59;2021-04-06;5216;495644
19595;59;2021-04-07;3864;499508
19596;59;2021-04-08;3695;503203
19597;59;2021-04-09;3874;507077
19598;59;2021-04-10;2570;509647
19599;59;2021-04-11;727;510374
19600;59;2021-04-12;4442;514816
19601;59;2021-04-13;3211;518027
19602;59;2021-04-14;3362;521389
19603;59;2021-04-15;3346;524735
19604;60;2020-05-13;8;8
19605;60;2020-05-14;34;42
19606;60;2020-05-15;50;92
19607;60;2020-05-16;10;102
19608;60;2020-05-17;8;110
19609;60;2020-05-18;24;134
19610;60;2020-05-19;30;164
19611;60;2020-05-20;24;188
19612;60;2020-05-21;6;194
19613;60;2020-05-22;22;216
19614;60;2020-05-23;4;220
19615;60;2020-05-24;0;220
19616;60;2020-05-25;22;242
19617;60;2020-05-26;22;264
19618;60;2020-05-27;4;268
19619;60;2020-05-28;14;282
19620;60;2020-05-29;14;296
19621;60;2020-05-30;0;296
19622;60;2020-05-31;0;296
19623;60;2020-06-01;2;298
19624;60;2020-06-02;8;306
19625;60;2020-06-03;14;320
19626;60;2020-06-04;6;326
19627;60;2020-06-05;4;330
19628;60;2020-06-06;10;340
19629;60;2020-06-07;6;346
19630;60;2020-06-08;4;350
19631;60;2020-06-09;4;354
19632;60;2020-06-10;4;358
19633;60;2020-06-11;0;358
19634;60;2020-06-12;4;362
19635;60;2020-06-13;2;364
19636;60;2020-06-14;0;364
19637;60;2020-06-15;6;370
19638;60;2020-06-16;6;376
19639;60;2020-06-17;0;376
19640;60;2020-06-18;8;384
19641;60;2020-06-19;10;394
19642;60;2020-06-20;2;396
19643;60;2020-06-21;2;398
19644;60;2020-06-22;10;408
19645;60;2020-06-23;10;418
19646;60;2020-06-24;8;426
19647;60;2020-06-25;14;440
19648;60;2020-06-26;6;446
19649;60;2020-06-27;10;456
19650;60;2020-06-28;0;456
19651;60;2020-06-29;2;458
19652;60;2020-06-30;3;461
19653;60;2020-07-01;6;467
19654;60;2020-07-02;4;471
19655;60;2020-07-03;14;485
19656;60;2020-07-04;0;485
19657;60;2020-07-05;0;485
19658;60;2020-07-06;10;495
19659;60;2020-07-07;10;505
19660;60;2020-07-08;12;517
19661;60;2020-07-09;16;533
19662;60;2020-07-10;14;547
19663;60;2020-07-11;6;553
19664;60;2020-07-12;6;559
19665;60;2020-07-13;12;571
19666;60;2020-07-14;8;579
19667;60;2020-07-15;12;591
19668;60;2020-07-16;14;605
19669;60;2020-07-17;6;611
19670;60;2020-07-18;8;619
19671;60;2020-07-19;0;619
19672;60;2020-07-20;10;629
19673;60;2020-07-21;8;637
19674;60;2020-07-22;10;647
19675;60;2020-07-23;14;661
19676;60;2020-07-24;26;687
19677;60;2020-07-25;12;699
19678;60;2020-07-26;0;699
19679;60;2020-07-27;20;719
19680;60;2020-07-28;12;731
19681;60;2020-07-29;14;745
19682;60;2020-07-30;32;777
19683;60;2020-07-31;14;791
19684;60;2020-08-01;30;821
19685;60;2020-08-02;8;829
19686;60;2020-08-03;36;865
19687;60;2020-08-04;34;899
19688;60;2020-08-05;22;921
19689;60;2020-08-06;38;959
19690;60;2020-08-07;40;999
19691;60;2020-08-08;12;1011
19692;60;2020-08-09;6;1017
19693;60;2020-08-10;38;1055
19694;60;2020-08-11;40;1095
19695;60;2020-08-12;18;1113
19696;60;2020-08-13;44;1157
19697;60;2020-08-14;42;1199
19698;60;2020-08-15;12;1211
19699;60;2020-08-16;4;1215
19700;60;2020-08-17;38;1253
19701;60;2020-08-18;54;1307
19702;60;2020-08-19;42;1349
19703;60;2020-08-20;62;1411
19704;60;2020-08-21;86;1497
19705;60;2020-08-22;28;1525
19706;60;2020-08-23;10;1535
19707;60;2020-08-24;74;1609
19708;60;2020-08-25;66;1675
19709;60;2020-08-26;64;1739
19710;60;2020-08-27;94;1833
19711;60;2020-08-28;104;1937
19712;60;2020-08-29;38;1975
19713;60;2020-08-30;18;1993
19714;60;2020-08-31;100;2093
19715;60;2020-09-01;140;2233
19716;60;2020-09-02;134;2367
19717;60;2020-09-03;148;2515
19718;60;2020-09-04;144;2659
19719;60;2020-09-05;70;2729
19720;60;2020-09-06;14;2743
19721;60;2020-09-07;190;2933
19722;60;2020-09-08;168;3101
19723;60;2020-09-09;166;3267
19724;60;2020-09-10;192;3459
19725;60;2020-09-11;182;3641
19726;60;2020-09-12;130;3771
19727;60;2020-09-13;24;3795
19728;60;2020-09-14;206;4001
19729;60;2020-09-15;172;4173
19730;60;2020-09-16;222;4395
19731;60;2020-09-17;262;4657
19732;60;2020-09-18;208;4865
19733;60;2020-09-19;104;4969
19734;60;2020-09-20;14;4983
19735;60;2020-09-21;310;5293
19736;60;2020-09-22;278;5571
19737;60;2020-09-23;547;6118
19738;60;2020-09-24;198;6316
19739;60;2020-09-25;196;6512
19740;60;2020-09-26;114;6626
19741;60;2020-09-27;18;6644
19742;60;2020-09-28;282;6926
19743;60;2020-09-29;262;7188
19744;60;2020-09-30;282;7470
19745;60;2020-10-01;318;7788
19746;60;2020-10-02;448;8236
19747;60;2020-10-03;224;8460
19748;60;2020-10-04;30;8490
19749;60;2020-10-05;482;8972
19750;60;2020-10-06;484;9456
19751;60;2020-10-07;498;9954
19752;60;2020-10-08;424;10378
19753;60;2020-10-09;478;10856
19754;60;2020-10-10;270;11126
19755;60;2020-10-11;30;11156
19756;60;2020-10-12;790;11946
19757;60;2020-10-13;680;12626
19758;60;2020-10-14;602;13228
19759;60;2020-10-15;748;13976
19760;60;2020-10-16;860;14836
19761;60;2020-10-17;426;15262
19762;60;2020-10-18;84;15346
19763;60;2020-10-19;974;16320
19764;60;2020-10-20;1040;17360
19765;60;2020-10-21;1070;18430
19766;60;2020-10-22;784;19214
19767;60;2020-10-23;1026;20240
19768;60;2020-10-24;462;20702
19769;60;2020-10-25;116;20818
19770;60;2020-10-26;1384;22202
19771;60;2020-10-27;1278;23480
19772;60;2020-10-28;1228;24708
19773;60;2020-10-29;1310;26018
19774;60;2020-10-30;1426;27444
19775;60;2020-10-31;800;28244
19776;60;2020-11-01;78;28322
19777;60;2020-11-02;1814;30136
19778;60;2020-11-03;1362;31498
19779;60;2020-11-04;1308;32806
19780;60;2020-11-05;1178;33984
19781;60;2020-11-06;1106;35090
19782;60;2020-11-07;488;35578
19783;60;2020-11-08;60;35638
19784;60;2020-11-09;1194;36832
19785;60;2020-11-10;862;37694
19786;60;2020-11-11;114;37808
19787;60;2020-11-12;820;38628
19788;60;2020-11-13;656;39284
19789;60;2020-11-14;296;39580
19790;60;2020-11-15;38;39618
19791;60;2020-11-16;790;40408
19792;60;2020-11-17;456;40864
19793;60;2020-11-18;444;41308
19794;60;2020-11-19;398;41706
19795;60;2020-11-20;402;42108
19796;60;2020-11-21;196;42304
19797;60;2020-11-22;34;42338
19798;60;2020-11-23;456;42794
19799;60;2020-11-24;338;43132
19800;60;2020-11-25;302;43434
19801;60;2020-11-26;292;43726
19802;60;2020-11-27;314;44040
19803;60;2020-11-28;144;44184
19804;60;2020-11-29;18;44202
19805;60;2020-11-30;306;44508
19806;60;2020-12-01;230;44738
19807;60;2020-12-02;230;44968
19808;60;2020-12-03;216;45184
19809;60;2020-12-04;260;45444
19810;60;2020-12-05;158;45602
19811;60;2020-12-06;126;45728
19812;60;2020-12-07;334;46062
19813;60;2020-12-08;272;46334
19814;60;2020-12-09;310;46644
19815;60;2020-12-10;316;46960
19816;60;2020-12-11;320;47280
19817;60;2020-12-12;212;47492
19818;60;2020-12-13;30;47522
19819;60;2020-12-14;378;47900
19820;60;2020-12-15;304;48204
19821;60;2020-12-16;300;48504
19822;60;2020-12-17;320;48824
19823;60;2020-12-18;351;49175
19824;60;2020-12-19;196;49371
19825;60;2020-12-20;36;49407
19826;60;2020-12-21;412;49819
19827;60;2020-12-22;450;50269
19828;60;2020-12-23;318;50587
19829;60;2020-12-24;242;50829
19830;60;2020-12-25;28;50857
19831;60;2020-12-26;186;51043
19832;60;2020-12-27;42;51085
19833;60;2020-12-28;482;51567
19834;60;2020-12-29;432;51999
19835;60;2020-12-30;332;52331
19836;60;2020-12-31;306;52637
19837;60;2021-01-01;40;52677
19838;60;2021-01-02;376;53053
19839;60;2021-01-03;32;53085
19840;60;2021-01-04;602;53687
19841;60;2021-01-05;562;54249
19842;60;2021-01-06;558;54807
19843;60;2021-01-07;514;55321
19844;60;2021-01-08;458;55779
19845;60;2021-01-09;361;56140
19846;60;2021-01-10;68;56208
19847;60;2021-01-11;718;56926
19848;60;2021-01-12;640;57566
19849;60;2021-01-13;654;58220
19850;60;2021-01-14;638;58858
19851;60;2021-01-15;732;59590
19852;60;2021-01-16;354;59944
19853;60;2021-01-17;72;60016
19854;60;2021-01-18;912;60928
19855;60;2021-01-19;712;61640
19856;60;2021-01-20;654;62294
19857;60;2021-01-21;622;62916
19858;60;2021-01-22;692;63608
19859;60;2021-01-23;340;63948
19860;60;2021-01-24;44;63992
19861;60;2021-01-25;998;64990
19862;60;2021-01-26;702;65692
19863;60;2021-01-27;652;66344
19864;60;2021-01-28;665;67009
19865;60;2021-01-29;750;67759
19866;60;2021-01-30;394;68153
19867;60;2021-01-31;46;68199
19868;60;2021-02-01;882;69081
19869;60;2021-02-02;808;69889
19870;60;2021-02-03;550;70439
19871;60;2021-02-04;578;71017
19872;60;2021-02-05;644;71661
19873;60;2021-02-06;394;72055
19874;60;2021-02-07;30;72085
19875;60;2021-02-08;764;72849
19876;60;2021-02-09;600;73449
19877;60;2021-02-10;622;74071
19878;60;2021-02-11;556;74627
19879;60;2021-02-12;616;75243
19880;60;2021-02-13;440;75683
19881;60;2021-02-14;48;75731
19882;60;2021-02-15;976;76707
19883;60;2021-02-16;696;77403
19884;60;2021-02-17;674;78077
19885;60;2021-02-18;728;78805
19886;60;2021-02-19;820;79625
19887;60;2021-02-20;479;80104
19888;60;2021-02-21;58;80162
19889;60;2021-02-22;1132;81294
19890;60;2021-02-23;834;82128
19891;60;2021-02-24;746;82874
19892;60;2021-02-25;750;83624
19893;60;2021-02-26;875;84499
19894;60;2021-02-27;524;85023
19895;60;2021-02-28;74;85097
19896;60;2021-03-01;1097;86194
19897;60;2021-03-02;798;86992
19898;60;2021-03-03;668;87660
19899;60;2021-03-04;914;88574
19900;60;2021-03-05;864;89438
19901;60;2021-03-06;616;90054
19902;60;2021-03-07;76;90130
19903;60;2021-03-08;1168;91298
19904;60;2021-03-09;1034;92332
19905;60;2021-03-10;1002;93334
19906;60;2021-03-11;1126;94460
19907;60;2021-03-12;1064;95524
19908;60;2021-03-13;744;96268
19909;60;2021-03-14;94;96362
19910;60;2021-03-15;1608;97970
19911;60;2021-03-16;1105;99075
19912;60;2021-03-17;1100;100175
19913;60;2021-03-18;1281;101456
19914;60;2021-03-19;1425;102881
19915;60;2021-03-20;840;103721
19916;60;2021-03-21;154;103875
19917;60;2021-03-22;1870;105745
19918;60;2021-03-23;1544;107289
19919;60;2021-03-24;1470;108759
19920;60;2021-03-25;1682;110441
19921;60;2021-03-26;1668;112109
19922;60;2021-03-27;1144;113253
19923;60;2021-03-28;152;113405
19924;60;2021-03-29;2066;115471
19925;60;2021-03-30;1826;117297
19926;60;2021-03-31;1705;119002
19927;60;2021-04-01;1716;120718
19928;60;2021-04-02;1543;122261
19929;60;2021-04-03;1188;123449
19930;60;2021-04-04;172;123621
19931;60;2021-04-05;232;123853
19932;60;2021-04-06;2100;125953
19933;60;2021-04-07;1539;127492
19934;60;2021-04-08;1386;128878
19935;60;2021-04-09;1518;130396
19936;60;2021-04-10;962;131358
19937;60;2021-04-11;134;131492
19938;60;2021-04-12;1884;133376
19939;60;2021-04-13;1258;134634
19940;60;2021-04-14;1108;135742
19941;60;2021-04-15;1167;136909
19942;61;2020-05-13;12;12
19943;61;2020-05-14;10;22
19944;61;2020-05-15;14;36
19945;61;2020-05-16;0;36
19946;61;2020-05-17;0;36
19947;61;2020-05-18;8;44
19948;61;2020-05-19;12;56
19949;61;2020-05-20;12;68
19950;61;2020-05-21;6;74
19951;61;2020-05-22;10;84
19952;61;2020-05-23;2;86
19953;61;2020-05-24;0;86
19954;61;2020-05-25;2;88
19955;61;2020-05-26;10;98
19956;61;2020-05-27;4;102
19957;61;2020-05-28;2;104
19958;61;2020-05-29;4;108
19959;61;2020-05-30;0;108
19960;61;2020-05-31;2;110
19961;61;2020-06-01;6;116
19962;61;2020-06-02;4;120
19963;61;2020-06-03;0;120
19964;61;2020-06-04;4;124
19965;61;2020-06-05;0;124
19966;61;2020-06-06;4;128
19967;61;2020-06-07;0;128
19968;61;2020-06-08;4;132
19969;61;2020-06-09;4;136
19970;61;2020-06-10;0;136
19971;61;2020-06-11;2;138
19972;61;2020-06-12;2;140
19973;61;2020-06-13;0;140
19974;61;2020-06-14;2;142
19975;61;2020-06-15;0;142
19976;61;2020-06-16;8;150
19977;61;2020-06-17;6;156
19978;61;2020-06-18;10;166
19979;61;2020-06-19;8;174
19980;61;2020-06-20;4;178
19981;61;2020-06-21;0;178
19982;61;2020-06-22;0;178
19983;61;2020-06-23;4;182
19984;61;2020-06-24;0;182
19985;61;2020-06-25;4;186
19986;61;2020-06-26;6;192
19987;61;2020-06-27;0;192
19988;61;2020-06-28;0;192
19989;61;2020-06-29;2;194
19990;61;2020-06-30;4;198
19991;61;2020-07-01;2;200
19992;61;2020-07-02;0;200
19993;61;2020-07-03;8;208
19994;61;2020-07-04;2;210
19995;61;2020-07-05;0;210
19996;61;2020-07-06;0;210
19997;61;2020-07-07;6;216
19998;61;2020-07-08;6;222
19999;61;2020-07-09;4;226
20000;61;2020-07-10;0;226
20001;61;2020-07-11;2;228
20002;61;2020-07-12;0;228
20003;61;2020-07-13;0;228
20004;61;2020-07-14;0;228
20005;61;2020-07-15;4;232
20006;61;2020-07-16;6;238
20007;61;2020-07-17;6;244
20008;61;2020-07-18;0;244
20009;61;2020-07-19;0;244
20010;61;2020-07-20;2;246
20011;61;2020-07-21;4;250
20012;61;2020-07-22;2;252
20013;61;2020-07-23;0;252
20014;61;2020-07-24;0;252
20015;61;2020-07-25;0;252
20016;61;2020-07-26;0;252
20017;61;2020-07-27;2;254
20018;61;2020-07-28;2;256
20019;61;2020-07-29;4;260
20020;61;2020-07-30;0;260
20021;61;2020-07-31;4;264
20022;61;2020-08-01;0;264
20023;61;2020-08-02;0;264
20024;61;2020-08-03;2;266
20025;61;2020-08-04;0;266
20026;61;2020-08-05;6;272
20027;61;2020-08-06;4;276
20028;61;2020-08-07;8;284
20029;61;2020-08-08;6;290
20030;61;2020-08-09;0;290
20031;61;2020-08-10;8;298
20032;61;2020-08-11;12;310
20033;61;2020-08-12;16;326
20034;61;2020-08-13;10;336
20035;61;2020-08-14;10;346
20036;61;2020-08-15;0;346
20037;61;2020-08-16;2;348
20038;61;2020-08-17;12;360
20039;61;2020-08-18;4;364
20040;61;2020-08-19;6;370
20041;61;2020-08-20;10;380
20042;61;2020-08-21;6;386
20043;61;2020-08-22;6;392
20044;61;2020-08-23;2;394
20045;61;2020-08-24;4;398
20046;61;2020-08-25;14;412
20047;61;2020-08-26;18;430
20048;61;2020-08-27;18;448
20049;61;2020-08-28;8;456
20050;61;2020-08-29;2;458
20051;61;2020-08-30;0;458
20052;61;2020-08-31;10;468
20053;61;2020-09-01;4;472
20054;61;2020-09-02;20;492
20055;61;2020-09-03;2;494
20056;61;2020-09-04;18;512
20057;61;2020-09-05;12;524
20058;61;2020-09-06;4;528
20059;61;2020-09-07;8;536
20060;61;2020-09-08;20;556
20061;61;2020-09-09;20;576
20062;61;2020-09-10;40;616
20063;61;2020-09-11;54;670
20064;61;2020-09-12;4;674
20065;61;2020-09-13;14;688
20066;61;2020-09-14;70;758
20067;61;2020-09-15;28;786
20068;61;2020-09-16;54;840
20069;61;2020-09-17;30;870
20070;61;2020-09-18;72;942
20071;61;2020-09-19;10;952
20072;61;2020-09-20;4;956
20073;61;2020-09-21;38;994
20074;61;2020-09-22;46;1040
20075;61;2020-09-23;30;1070
20076;61;2020-09-24;32;1102
20077;61;2020-09-25;42;1144
20078;61;2020-09-26;32;1176
20079;61;2020-09-27;12;1188
20080;61;2020-09-28;48;1236
20081;61;2020-09-29;70;1306
20082;61;2020-09-30;114;1420
20083;61;2020-10-01;60;1480
20084;61;2020-10-02;38;1518
20085;61;2020-10-03;22;1540
20086;61;2020-10-04;18;1558
20087;61;2020-10-05;102;1660
20088;61;2020-10-06;152;1812
20089;61;2020-10-07;82;1894
20090;61;2020-10-08;84;1978
20091;61;2020-10-09;100;2078
20092;61;2020-10-10;20;2098
20093;61;2020-10-11;6;2104
20094;61;2020-10-12;94;2198
20095;61;2020-10-13;66;2264
20096;61;2020-10-14;72;2336
20097;61;2020-10-15;124;2460
20098;61;2020-10-16;94;2554
20099;61;2020-10-17;48;2602
20100;61;2020-10-18;16;2618
20101;61;2020-10-19;134;2752
20102;61;2020-10-20;130;2882
20103;61;2020-10-21;146;3028
20104;61;2020-10-22;144;3172
20105;61;2020-10-23;252;3424
20106;61;2020-10-24;126;3550
20107;61;2020-10-25;52;3602
20108;61;2020-10-26;340;3942
20109;61;2020-10-27;302;4244
20110;61;2020-10-28;354;4598
20111;61;2020-10-29;268;4866
20112;61;2020-10-30;334;5200
20113;61;2020-10-31;152;5352
20114;61;2020-11-01;68;5420
20115;61;2020-11-02;352;5772
20116;61;2020-11-03;348;6120
20117;61;2020-11-04;258;6378
20118;61;2020-11-05;258;6636
20119;61;2020-11-06;296;6932
20120;61;2020-11-07;160;7092
20121;61;2020-11-08;44;7136
20122;61;2020-11-09;298;7434
20123;61;2020-11-10;288;7722
20124;61;2020-11-11;48;7770
20125;61;2020-11-12;298;8068
20126;61;2020-11-13;194;8262
20127;61;2020-11-14;184;8446
20128;61;2020-11-15;40;8486
20129;61;2020-11-16;254;8740
20130;61;2020-11-17;186;8926
20131;61;2020-11-18;194;9120
20132;61;2020-11-19;162;9282
20133;61;2020-11-20;180;9462
20134;61;2020-11-21;80;9542
20135;61;2020-11-22;44;9586
20136;61;2020-11-23;212;9798
20137;61;2020-11-24;114;9912
20138;61;2020-11-25;134;10046
20139;61;2020-11-26;174;10220
20140;61;2020-11-27;126;10346
20141;61;2020-11-28;60;10406
20142;61;2020-11-29;14;10420
20143;61;2020-11-30;130;10550
20144;61;2020-12-01;116;10666
20145;61;2020-12-02;130;10796
20146;61;2020-12-03;128;10924
20147;61;2020-12-04;120;11044
20148;61;2020-12-05;56;11100
20149;61;2020-12-06;28;11128
20150;61;2020-12-07;222;11350
20151;61;2020-12-08;172;11522
20152;61;2020-12-09;194;11716
20153;61;2020-12-10;220;11936
20154;61;2020-12-11;154;12090
20155;61;2020-12-12;70;12160
20156;61;2020-12-13;36;12196
20157;61;2020-12-14;250;12446
20158;61;2020-12-15;152;12598
20159;61;2020-12-16;132;12730
20160;61;2020-12-17;208;12938
20161;61;2020-12-18;220;13158
20162;61;2020-12-19;90;13248
20163;61;2020-12-20;24;13272
20164;61;2020-12-21;230;13502
20165;61;2020-12-22;172;13674
20166;61;2020-12-23;162;13836
20167;61;2020-12-24;174;14010
20168;61;2020-12-25;16;14026
20169;61;2020-12-26;150;14176
20170;61;2020-12-27;18;14194
20171;61;2020-12-28;246;14440
20172;61;2020-12-29;220;14660
20173;61;2020-12-30;222;14882
20174;61;2020-12-31;202;15084
20175;61;2021-01-01;14;15098
20176;61;2021-01-02;120;15218
20177;61;2021-01-03;34;15252
20178;61;2021-01-04;226;15478
20179;61;2021-01-05;262;15740
20180;61;2021-01-06;194;15934
20181;61;2021-01-07;150;16084
20182;61;2021-01-08;152;16236
20183;61;2021-01-09;74;16310
20184;61;2021-01-10;38;16348
20185;61;2021-01-11;224;16572
20186;61;2021-01-12;226;16798
20187;61;2021-01-13;200;16998
20188;61;2021-01-14;232;17230
20189;61;2021-01-15;154;17384
20190;61;2021-01-16;112;17496
20191;61;2021-01-17;32;17528
20192;61;2021-01-18;254;17782
20193;61;2021-01-19;180;17962
20194;61;2021-01-20;162;18124
20195;61;2021-01-21;128;18252
20196;61;2021-01-22;186;18438
20197;61;2021-01-23;76;18514
20198;61;2021-01-24;32;18546
20199;61;2021-01-25;198;18744
20200;61;2021-01-26;196;18940
20201;61;2021-01-27;190;19130
20202;61;2021-01-28;174;19304
20203;61;2021-01-29;128;19432
20204;61;2021-01-30;86;19518
20205;61;2021-01-31;22;19540
20206;61;2021-02-01;248;19788
20207;61;2021-02-02;182;19970
20208;61;2021-02-03;132;20102
20209;61;2021-02-04;122;20224
20210;61;2021-02-05;118;20342
20211;61;2021-02-06;74;20416
20212;61;2021-02-07;14;20430
20213;61;2021-02-08;192;20622
20214;61;2021-02-09;110;20732
20215;61;2021-02-10;104;20836
20216;61;2021-02-11;66;20902
20217;61;2021-02-12;128;21030
20218;61;2021-02-13;54;21084
20219;61;2021-02-14;10;21094
20220;61;2021-02-15;72;21166
20221;61;2021-02-16;106;21272
20222;61;2021-02-17;62;21334
20223;61;2021-02-18;88;21422
20224;61;2021-02-19;128;21550
20225;61;2021-02-20;80;21630
20226;61;2021-02-21;10;21640
20227;61;2021-02-22;148;21788
20228;61;2021-02-23;104;21892
20229;61;2021-02-24;118;22010
20230;61;2021-02-25;140;22150
20231;61;2021-02-26;148;22298
20232;61;2021-02-27;82;22380
20233;61;2021-02-28;10;22390
20234;61;2021-03-01;230;22620
20235;61;2021-03-02;214;22834
20236;61;2021-03-03;140;22974
20237;61;2021-03-04;110;23084
20238;61;2021-03-05;222;23306
20239;61;2021-03-06;60;23366
20240;61;2021-03-07;22;23388
20241;61;2021-03-08;194;23582
20242;61;2021-03-09;188;23770
20243;61;2021-03-10;166;23936
20244;61;2021-03-11;202;24138
20245;61;2021-03-12;196;24334
20246;61;2021-03-13;132;24466
20247;61;2021-03-14;22;24488
20248;61;2021-03-15;330;24818
20249;61;2021-03-16;314;25132
20250;61;2021-03-17;240;25372
20251;61;2021-03-18;300;25672
20252;61;2021-03-19;246;25918
20253;61;2021-03-20;136;26054
20254;61;2021-03-21;44;26098
20255;61;2021-03-22;358;26456
20256;61;2021-03-23;394;26850
20257;61;2021-03-24;262;27112
20258;61;2021-03-25;326;27438
20259;61;2021-03-26;316;27754
20260;61;2021-03-27;188;27942
20261;61;2021-03-28;44;27986
20262;61;2021-03-29;416;28402
20263;61;2021-03-30;396;28798
20264;61;2021-03-31;302;29100
20265;61;2021-04-01;252;29352
20266;61;2021-04-02;270;29622
20267;61;2021-04-03;158;29780
20268;61;2021-04-04;60;29840
20269;61;2021-04-05;42;29882
20270;61;2021-04-06;584;30466
20271;61;2021-04-07;366;30832
20272;61;2021-04-08;336;31168
20273;61;2021-04-09;392;31560
20274;61;2021-04-10;188;31748
20275;61;2021-04-11;64;31812
20276;61;2021-04-12;446;32258
20277;61;2021-04-13;340;32598
20278;61;2021-04-14;358;32956
20279;61;2021-04-15;308;33264
20280;62;2020-05-13;24;24
20281;62;2020-05-14;26;50
20282;62;2020-05-15;18;68
20283;62;2020-05-16;0;68
20284;62;2020-05-17;4;72
20285;62;2020-05-18;44;116
20286;62;2020-05-19;34;150
20287;62;2020-05-20;42;192
20288;62;2020-05-21;2;194
20289;62;2020-05-22;36;230
20290;62;2020-05-23;6;236
20291;62;2020-05-24;8;244
20292;62;2020-05-25;16;260
20293;62;2020-05-26;34;294
20294;62;2020-05-27;16;310
20295;62;2020-05-28;10;320
20296;62;2020-05-29;20;340
20297;62;2020-05-30;6;346
20298;62;2020-05-31;0;346
20299;62;2020-06-01;6;352
20300;62;2020-06-02;26;378
20301;62;2020-06-03;38;416
20302;62;2020-06-04;52;468
20303;62;2020-06-05;28;496
20304;62;2020-06-06;12;508
20305;62;2020-06-07;8;516
20306;62;2020-06-08;18;534
20307;62;2020-06-09;18;552
20308;62;2020-06-10;20;572
20309;62;2020-06-11;30;602
20310;62;2020-06-12;8;610
20311;62;2020-06-13;6;616
20312;62;2020-06-14;2;618
20313;62;2020-06-15;22;640
20314;62;2020-06-16;18;658
20315;62;2020-06-17;22;680
20316;62;2020-06-18;8;688
20317;62;2020-06-19;20;708
20318;62;2020-06-20;4;712
20319;62;2020-06-21;0;712
20320;62;2020-06-22;14;726
20321;62;2020-06-23;26;752
20322;62;2020-06-24;14;766
20323;62;2020-06-25;14;780
20324;62;2020-06-26;38;818
20325;62;2020-06-27;8;826
20326;62;2020-06-28;0;826
20327;62;2020-06-29;16;842
20328;62;2020-06-30;12;854
20329;62;2020-07-01;18;872
20330;62;2020-07-02;24;896
20331;62;2020-07-03;30;926
20332;62;2020-07-04;8;934
20333;62;2020-07-05;0;934
20334;62;2020-07-06;14;948
20335;62;2020-07-07;10;958
20336;62;2020-07-08;4;962
20337;62;2020-07-09;14;976
20338;62;2020-07-10;8;984
20339;62;2020-07-11;4;988
20340;62;2020-07-12;0;988
20341;62;2020-07-13;18;1006
20342;62;2020-07-14;4;1010
20343;62;2020-07-15;26;1036
20344;62;2020-07-16;24;1060
20345;62;2020-07-17;32;1092
20346;62;2020-07-18;20;1112
20347;62;2020-07-19;2;1114
20348;62;2020-07-20;24;1138
20349;62;2020-07-21;14;1152
20350;62;2020-07-22;30;1182
20351;62;2020-07-23;14;1196
20352;62;2020-07-24;18;1214
20353;62;2020-07-25;8;1222
20354;62;2020-07-26;2;1224
20355;62;2020-07-27;32;1256
20356;62;2020-07-28;16;1272
20357;62;2020-07-29;46;1318
20358;62;2020-07-30;70;1388
20359;62;2020-07-31;28;1416
20360;62;2020-08-01;14;1430
20361;62;2020-08-02;4;1434
20362;62;2020-08-03;52;1486
20363;62;2020-08-04;38;1524
20364;62;2020-08-05;36;1560
20365;62;2020-08-06;42;1602
20366;62;2020-08-07;36;1638
20367;62;2020-08-08;18;1656
20368;62;2020-08-09;2;1658
20369;62;2020-08-10;84;1742
20370;62;2020-08-11;28;1770
20371;62;2020-08-12;38;1808
20372;62;2020-08-13;46;1854
20373;62;2020-08-14;82;1936
20374;62;2020-08-15;6;1942
20375;62;2020-08-16;4;1946
20376;62;2020-08-17;78;2024
20377;62;2020-08-18;58;2082
20378;62;2020-08-19;64;2146
20379;62;2020-08-20;74;2220
20380;62;2020-08-21;84;2304
20381;62;2020-08-22;26;2330
20382;62;2020-08-23;4;2334
20383;62;2020-08-24;84;2418
20384;62;2020-08-25;72;2490
20385;62;2020-08-26;82;2572
20386;62;2020-08-27;148;2720
20387;62;2020-08-28;98;2818
20388;62;2020-08-29;92;2910
20389;62;2020-08-30;16;2926
20390;62;2020-08-31;254;3180
20391;62;2020-09-01;290;3470
20392;62;2020-09-02;376;3846
20393;62;2020-09-03;484;4330
20394;62;2020-09-04;480;4810
20395;62;2020-09-05;276;5086
20396;62;2020-09-06;42;5128
20397;62;2020-09-07;680;5808
20398;62;2020-09-08;666;6474
20399;62;2020-09-09;536;7010
20400;62;2020-09-10;554;7564
20401;62;2020-09-11;402;7966
20402;62;2020-09-12;228;8194
20403;62;2020-09-13;16;8210
20404;62;2020-09-14;700;8910
20405;62;2020-09-15;654;9564
20406;62;2020-09-16;642;10206
20407;62;2020-09-17;610;10816
20408;62;2020-09-18;550;11366
20409;62;2020-09-19;260;11626
20410;62;2020-09-20;42;11668
20411;62;2020-09-21;678;12346
20412;62;2020-09-22;540;12886
20413;62;2020-09-23;556;13442
20414;62;2020-09-24;496;13938
20415;62;2020-09-25;576;14514
20416;62;2020-09-26;204;14718
20417;62;2020-09-27;32;14750
20418;62;2020-09-28;580;15330
20419;62;2020-09-29;566;15896
20420;62;2020-09-30;588;16484
20421;62;2020-10-01;621;17105
20422;62;2020-10-02;776;17881
20423;62;2020-10-03;274;18155
20424;62;2020-10-04;32;18187
20425;62;2020-10-05;918;19105
20426;62;2020-10-06;766;19871
20427;62;2020-10-07;798;20669
20428;62;2020-10-08;876;21545
20429;62;2020-10-09;942;22487
20430;62;2020-10-10;530;23017
20431;62;2020-10-11;84;23101
20432;62;2020-10-12;1332;24433
20433;62;2020-10-13;1058;25491
20434;62;2020-10-14;1228;26719
20435;62;2020-10-15;1384;28103
20436;62;2020-10-16;1448;29551
20437;62;2020-10-17;676;30227
20438;62;2020-10-18;136;30363
20439;62;2020-10-19;1946;32309
20440;62;2020-10-20;1757;34066
20441;62;2020-10-21;1864;35930
20442;62;2020-10-22;2370;38300
20443;62;2020-10-23;2750;41050
20444;62;2020-10-24;1370;42420
20445;62;2020-10-25;228;42648
20446;62;2020-10-26;3412;46060
20447;62;2020-10-27;2894;48954
20448;62;2020-10-28;2746;51700
20449;62;2020-10-29;2895;54595
20450;62;2020-10-30;2980;57575
20451;62;2020-10-31;1522;59097
20452;62;2020-11-01;274;59371
20453;62;2020-11-02;4094;63465
20454;62;2020-11-03;3045;66510
20455;62;2020-11-04;2408;68918
20456;62;2020-11-05;2598;71516
20457;62;2020-11-06;2286;73802
20458;62;2020-11-07;1038;74840
20459;62;2020-11-08;164;75004
20460;62;2020-11-09;2667;77671
20461;62;2020-11-10;2058;79729
20462;62;2020-11-11;290;80019
20463;62;2020-11-12;2247;82266
20464;62;2020-11-13;1770;84036
20465;62;2020-11-14;730;84766
20466;62;2020-11-15;116;84882
20467;62;2020-11-16;1874;86756
20468;62;2020-11-17;1274;88030
20469;62;2020-11-18;918;88948
20470;62;2020-11-19;878;89826
20471;62;2020-11-20;828;90654
20472;62;2020-11-21;320;90974
20473;62;2020-11-22;78;91052
20474;62;2020-11-23;838;91890
20475;62;2020-11-24;682;92572
20476;62;2020-11-25;600;93172
20477;62;2020-11-26;652;93824
20478;62;2020-11-27;582;94406
20479;62;2020-11-28;258;94664
20480;62;2020-11-29;60;94724
20481;62;2020-11-30;852;95576
20482;62;2020-12-01;603;96179
20483;62;2020-12-02;600;96779
20484;62;2020-12-03;634;97413
20485;62;2020-12-04;596;98009
20486;62;2020-12-05;234;98243
20487;62;2020-12-06;48;98291
20488;62;2020-12-07;896;99187
20489;62;2020-12-08;632;99819
20490;62;2020-12-09;588;100407
20491;62;2020-12-10;704;101111
20492;62;2020-12-11;628;101739
20493;62;2020-12-12;370;102109
20494;62;2020-12-13;64;102173
20495;62;2020-12-14;1036;103209
20496;62;2020-12-15;702;103911
20497;62;2020-12-16;582;104493
20498;62;2020-12-17;610;105103
20499;62;2020-12-18;910;106013
20500;62;2020-12-19;432;106445
20501;62;2020-12-20;70;106515
20502;62;2020-12-21;984;107499
20503;62;2020-12-22;796;108295
20504;62;2020-12-23;660;108955
20505;62;2020-12-24;494;109449
20506;62;2020-12-25;62;109511
20507;62;2020-12-26;396;109907
20508;62;2020-12-27;48;109955
20509;62;2020-12-28;1118;111073
20510;62;2020-12-29;865;111938
20511;62;2020-12-30;776;112714
20512;62;2020-12-31;546;113260
20513;62;2021-01-01;40;113300
20514;62;2021-01-02;508;113808
20515;62;2021-01-03;40;113848
20516;62;2021-01-04;1118;114966
20517;62;2021-01-05;821;115787
20518;62;2021-01-06;728;116515
20519;62;2021-01-07;826;117341
20520;62;2021-01-08;804;118145
20521;62;2021-01-09;566;118711
20522;62;2021-01-10;64;118775
20523;62;2021-01-11;1016;119791
20524;62;2021-01-12;830;120621
20525;62;2021-01-13;782;121403
20526;62;2021-01-14;870;122273
20527;62;2021-01-15;970;123243
20528;62;2021-01-16;482;123725
20529;62;2021-01-17;64;123789
20530;62;2021-01-18;1310;125099
20531;62;2021-01-19;880;125979
20532;62;2021-01-20;822;126801
20533;62;2021-01-21;846;127647
20534;62;2021-01-22;1048;128695
20535;62;2021-01-23;576;129271
20536;62;2021-01-24;48;129319
20537;62;2021-01-25;1182;130501
20538;62;2021-01-26;872;131373
20539;62;2021-01-27;722;132095
20540;62;2021-01-28;868;132963
20541;62;2021-01-29;966;133929
20542;62;2021-01-30;530;134459
20543;62;2021-01-31;108;134567
20544;62;2021-02-01;1362;135929
20545;62;2021-02-02;957;136886
20546;62;2021-02-03;899;137785
20547;62;2021-02-04;968;138753
20548;62;2021-02-05;1008;139761
20549;62;2021-02-06;718;140479
20550;62;2021-02-07;82;140561
20551;62;2021-02-08;1458;142019
20552;62;2021-02-09;1158;143177
20553;62;2021-02-10;1141;144318
20554;62;2021-02-11;1218;145536
20555;62;2021-02-12;1380;146916
20556;62;2021-02-13;882;147798
20557;62;2021-02-14;144;147942
20558;62;2021-02-15;1898;149840
20559;62;2021-02-16;1594;151434
20560;62;2021-02-17;1767;153201
20561;62;2021-02-18;1786;154987
20562;62;2021-02-19;1890;156877
20563;62;2021-02-20;1118;157995
20564;62;2021-02-21;222;158217
20565;62;2021-02-22;2454;160671
20566;62;2021-02-23;2026;162697
20567;62;2021-02-24;1958;164655
20568;62;2021-02-25;1983;166638
20569;62;2021-02-26;1994;168632
20570;62;2021-02-27;1204;169836
20571;62;2021-02-28;216;170052
20572;62;2021-03-01;2635;172687
20573;62;2021-03-02;1895;174582
20574;62;2021-03-03;1802;176384
20575;62;2021-03-04;1957;178341
20576;62;2021-03-05;2164;180505
20577;62;2021-03-06;1258;181763
20578;62;2021-03-07;188;181951
20579;62;2021-03-08;3000;184951
20580;62;2021-03-09;2142;187093
20581;62;2021-03-10;2017;189110
20582;62;2021-03-11;1964;191074
20583;62;2021-03-12;1992;193066
20584;62;2021-03-13;1366;194432
20585;62;2021-03-14;222;194654
20586;62;2021-03-15;3426;198080
20587;62;2021-03-16;2514;200594
20588;62;2021-03-17;2251;202845
20589;62;2021-03-18;1984;204829
20590;62;2021-03-19;2588;207417
20591;62;2021-03-20;1489;208906
20592;62;2021-03-21;230;209136
20593;62;2021-03-22;3824;212960
20594;62;2021-03-23;2790;215750
20595;62;2021-03-24;2414;218164
20596;62;2021-03-25;2651;220815
20597;62;2021-03-26;2676;223491
20598;62;2021-03-27;1766;225257
20599;62;2021-03-28;266;225523
20600;62;2021-03-29;3656;229179
20601;62;2021-03-30;2608;231787
20602;62;2021-03-31;2404;234191
20603;62;2021-04-01;2180;236371
20604;62;2021-04-02;2193;238564
20605;62;2021-04-03;1441;240005
20606;62;2021-04-04;220;240225
20607;62;2021-04-05;404;240629
20608;62;2021-04-06;3259;243888
20609;62;2021-04-07;2146;246034
20610;62;2021-04-08;2187;248221
20611;62;2021-04-09;2031;250252
20612;62;2021-04-10;1329;251581
20613;62;2021-04-11;216;251797
20614;62;2021-04-12;2672;254469
20615;62;2021-04-13;1756;256225
20616;62;2021-04-14;1834;258059
20617;62;2021-04-15;1678;259737
20618;63;2020-05-13;6;6
20619;63;2020-05-14;6;12
20620;63;2020-05-15;10;22
20621;63;2020-05-16;2;24
20622;63;2020-05-17;0;24
20623;63;2020-05-18;2;26
20624;63;2020-05-19;0;26
20625;63;2020-05-20;2;28
20626;63;2020-05-21;8;36
20627;63;2020-05-22;2;38
20628;63;2020-05-23;2;40
20629;63;2020-05-24;0;40
20630;63;2020-05-25;0;40
20631;63;2020-05-26;6;46
20632;63;2020-05-27;0;46
20633;63;2020-05-28;2;48
20634;63;2020-05-29;2;50
20635;63;2020-05-30;2;52
20636;63;2020-05-31;0;52
20637;63;2020-06-01;0;52
20638;63;2020-06-02;2;54
20639;63;2020-06-03;0;54
20640;63;2020-06-04;0;54
20641;63;2020-06-05;0;54
20642;63;2020-06-06;0;54
20643;63;2020-06-07;0;54
20644;63;2020-06-08;0;54
20645;63;2020-06-09;6;60
20646;63;2020-06-10;2;62
20647;63;2020-06-11;2;64
20648;63;2020-06-12;0;64
20649;63;2020-06-13;0;64
20650;63;2020-06-14;0;64
20651;63;2020-06-15;0;64
20652;63;2020-06-16;0;64
20653;63;2020-06-17;0;64
20654;63;2020-06-18;4;68
20655;63;2020-06-19;4;72
20656;63;2020-06-20;2;74
20657;63;2020-06-21;0;74
20658;63;2020-06-22;0;74
20659;63;2020-06-23;0;74
20660;63;2020-06-24;2;76
20661;63;2020-06-25;0;76
20662;63;2020-06-26;0;76
20663;63;2020-06-27;8;84
20664;63;2020-06-28;2;86
20665;63;2020-06-29;10;96
20666;63;2020-06-30;9;105
20667;63;2020-07-01;0;105
20668;63;2020-07-02;2;107
20669;63;2020-07-03;4;111
20670;63;2020-07-04;0;111
20671;63;2020-07-05;0;111
20672;63;2020-07-06;0;111
20673;63;2020-07-07;2;113
20674;63;2020-07-08;0;113
20675;63;2020-07-09;0;113
20676;63;2020-07-10;0;113
20677;63;2020-07-11;0;113
20678;63;2020-07-12;0;113
20679;63;2020-07-13;2;115
20680;63;2020-07-14;0;115
20681;63;2020-07-15;2;117
20682;63;2020-07-16;0;117
20683;63;2020-07-17;0;117
20684;63;2020-07-18;2;119
20685;63;2020-07-19;0;119
20686;63;2020-07-20;0;119
20687;63;2020-07-21;1;120
20688;63;2020-07-22;0;120
20689;63;2020-07-23;2;122
20690;63;2020-07-24;12;134
20691;63;2020-07-25;0;134
20692;63;2020-07-26;0;134
20693;63;2020-07-27;0;134
20694;63;2020-07-28;6;140
20695;63;2020-07-29;6;146
20696;63;2020-07-30;8;154
20697;63;2020-07-31;14;168
20698;63;2020-08-01;4;172
20699;63;2020-08-02;2;174
20700;63;2020-08-03;26;200
20701;63;2020-08-04;14;214
20702;63;2020-08-05;26;240
20703;63;2020-08-06;12;252
20704;63;2020-08-07;10;262
20705;63;2020-08-08;12;274
20706;63;2020-08-09;4;278
20707;63;2020-08-10;8;286
20708;63;2020-08-11;14;300
20709;63;2020-08-12;22;322
20710;63;2020-08-13;16;338
20711;63;2020-08-14;26;364
20712;63;2020-08-15;2;366
20713;63;2020-08-16;10;376
20714;63;2020-08-17;54;430
20715;63;2020-08-18;56;486
20716;63;2020-08-19;56;542
20717;63;2020-08-20;32;574
20718;63;2020-08-21;62;636
20719;63;2020-08-22;12;648
20720;63;2020-08-23;8;656
20721;63;2020-08-24;64;720
20722;63;2020-08-25;62;782
20723;63;2020-08-26;80;862
20724;63;2020-08-27;124;986
20725;63;2020-08-28;110;1096
20726;63;2020-08-29;38;1134
20727;63;2020-08-30;8;1142
20728;63;2020-08-31;84;1226
20729;63;2020-09-01;156;1382
20730;63;2020-09-02;136;1518
20731;63;2020-09-03;174;1692
20732;63;2020-09-04;140;1832
20733;63;2020-09-05;64;1896
20734;63;2020-09-06;46;1942
20735;63;2020-09-07;150;2092
20736;63;2020-09-08;178;2270
20737;63;2020-09-09;178;2448
20738;63;2020-09-10;140;2588
20739;63;2020-09-11;194;2782
20740;63;2020-09-12;72;2854
20741;63;2020-09-13;26;2880
20742;63;2020-09-14;240;3120
20743;63;2020-09-15;154;3274
20744;63;2020-09-16;134;3408
20745;63;2020-09-17;144;3552
20746;63;2020-09-18;190;3742
20747;63;2020-09-19;64;3806
20748;63;2020-09-20;46;3852
20749;63;2020-09-21;182;4034
20750;63;2020-09-22;160;4194
20751;63;2020-09-23;176;4370
20752;63;2020-09-24;218;4588
20753;63;2020-09-25;192;4780
20754;63;2020-09-26;78;4858
20755;63;2020-09-27;56;4914
20756;63;2020-09-28;228;5142
20757;63;2020-09-29;246;5388
20758;63;2020-09-30;286;5674
20759;63;2020-10-01;247;5921
20760;63;2020-10-02;280;6201
20761;63;2020-10-03;126;6327
20762;63;2020-10-04;76;6403
20763;63;2020-10-05;376;6779
20764;63;2020-10-06;386;7165
20765;63;2020-10-07;354;7519
20766;63;2020-10-08;398;7917
20767;63;2020-10-09;472;8389
20768;63;2020-10-10;220;8609
20769;63;2020-10-11;146;8755
20770;63;2020-10-12;660;9415
20771;63;2020-10-13;602;10017
20772;63;2020-10-14;470;10487
20773;63;2020-10-15;554;11041
20774;63;2020-10-16;730;11771
20775;63;2020-10-17;326;12097
20776;63;2020-10-18;156;12253
20777;63;2020-10-19;1022;13275
20778;63;2020-10-20;1011;14286
20779;63;2020-10-21;993;15279
20780;63;2020-10-22;1060;16339
20781;63;2020-10-23;1248;17587
20782;63;2020-10-24;571;18158
20783;63;2020-10-25;326;18484
20784;63;2020-10-26;1631;20115
20785;63;2020-10-27;1383;21498
20786;63;2020-10-28;1179;22677
20787;63;2020-10-29;1126;23803
20788;63;2020-10-30;1245;25048
20789;63;2020-10-31;496;25544
20790;63;2020-11-01;268;25812
20791;63;2020-11-02;1459;27271
20792;63;2020-11-03;1318;28589
20793;63;2020-11-04;1087;29676
20794;63;2020-11-05;1107;30783
20795;63;2020-11-06;1063;31846
20796;63;2020-11-07;380;32226
20797;63;2020-11-08;228;32454
20798;63;2020-11-09;936;33390
20799;63;2020-11-10;916;34306
20800;63;2020-11-11;196;34502
20801;63;2020-11-12;716;35218
20802;63;2020-11-13;662;35880
20803;63;2020-11-14;212;36092
20804;63;2020-11-15;98;36190
20805;63;2020-11-16;586;36776
20806;63;2020-11-17;382;37158
20807;63;2020-11-18;336;37494
20808;63;2020-11-19;370;37864
20809;63;2020-11-20;240;38104
20810;63;2020-11-21;92;38196
20811;63;2020-11-22;80;38276
20812;63;2020-11-23;246;38522
20813;63;2020-11-24;322;38844
20814;63;2020-11-25;204;39048
20815;63;2020-11-26;228;39276
20816;63;2020-11-27;205;39481
20817;63;2020-11-28;128;39609
20818;63;2020-11-29;70;39679
20819;63;2020-11-30;292;39971
20820;63;2020-12-01;296;40267
20821;63;2020-12-02;222;40489
20822;63;2020-12-03;226;40715
20823;63;2020-12-04;266;40981
20824;63;2020-12-05;96;41077
20825;63;2020-12-06;45;41122
20826;63;2020-12-07;298;41420
20827;63;2020-12-08;174;41594
20828;63;2020-12-09;204;41798
20829;63;2020-12-10;252;42050
20830;63;2020-12-11;292;42342
20831;63;2020-12-12;122;42464
20832;63;2020-12-13;42;42506
20833;63;2020-12-14;537;43043
20834;63;2020-12-15;294;43337
20835;63;2020-12-16;300;43637
20836;63;2020-12-17;388;44025
20837;63;2020-12-18;616;44641
20838;63;2020-12-19;516;45157
20839;63;2020-12-20;328;45485
20840;63;2020-12-21;422;45907
20841;63;2020-12-22;532;46439
20842;63;2020-12-23;346;46785
20843;63;2020-12-24;242;47027
20844;63;2020-12-25;28;47055
20845;63;2020-12-26;206;47261
20846;63;2020-12-27;64;47325
20847;63;2020-12-28;461;47786
20848;63;2020-12-29;606;48392
20849;63;2020-12-30;438;48830
20850;63;2020-12-31;336;49166
20851;63;2021-01-01;34;49200
20852;63;2021-01-02;308;49508
20853;63;2021-01-03;88;49596
20854;63;2021-01-04;652;50248
20855;63;2021-01-05;442;50690
20856;63;2021-01-06;449;51139
20857;63;2021-01-07;550;51689
20858;63;2021-01-08;377;52066
20859;63;2021-01-09;240;52306
20860;63;2021-01-10;62;52368
20861;63;2021-01-11;478;52846
20862;63;2021-01-12;451;53297
20863;63;2021-01-13;397;53694
20864;63;2021-01-14;430;54124
20865;63;2021-01-15;484;54608
20866;63;2021-01-16;278;54886
20867;63;2021-01-17;62;54948
20868;63;2021-01-18;554;55502
20869;63;2021-01-19;558;56060
20870;63;2021-01-20;472;56532
20871;63;2021-01-21;516;57048
20872;63;2021-01-22;548;57596
20873;63;2021-01-23;300;57896
20874;63;2021-01-24;86;57982
20875;63;2021-01-25;558;58540
20876;63;2021-01-26;424;58964
20877;63;2021-01-27;408;59372
20878;63;2021-01-28;510;59882
20879;63;2021-01-29;456;60338
20880;63;2021-01-30;308;60646
20881;63;2021-01-31;60;60706
20882;63;2021-02-01;509;61215
20883;63;2021-02-02;400;61615
20884;63;2021-02-03;395;62010
20885;63;2021-02-04;390;62400
20886;63;2021-02-05;420;62820
20887;63;2021-02-06;238;63058
20888;63;2021-02-07;54;63112
20889;63;2021-02-08;372;63484
20890;63;2021-02-09;304;63788
20891;63;2021-02-10;328;64116
20892;63;2021-02-11;326;64442
20893;63;2021-02-12;338;64780
20894;63;2021-02-13;256;65036
20895;63;2021-02-14;70;65106
20896;63;2021-02-15;551;65657
20897;63;2021-02-16;414;66071
20898;63;2021-02-17;276;66347
20899;63;2021-02-18;308;66655
20900;63;2021-02-19;420;67075
20901;63;2021-02-20;238;67313
20902;63;2021-02-21;70;67383
20903;63;2021-02-22;544;67927
20904;63;2021-02-23;364;68291
20905;63;2021-02-24;358;68649
20906;63;2021-02-25;302;68951
20907;63;2021-02-26;264;69215
20908;63;2021-02-27;238;69453
20909;63;2021-02-28;58;69511
20910;63;2021-03-01;362;69873
20911;63;2021-03-02;386;70259
20912;63;2021-03-03;372;70631
20913;63;2021-03-04;301;70932
20914;63;2021-03-05;312;71244
20915;63;2021-03-06;242;71486
20916;63;2021-03-07;60;71546
20917;63;2021-03-08;464;72010
20918;63;2021-03-09;359;72369
20919;63;2021-03-10;282;72651
20920;63;2021-03-11;362;73013
20921;63;2021-03-12;389;73402
20922;63;2021-03-13;284;73686
20923;63;2021-03-14;82;73768
20924;63;2021-03-15;652;74420
20925;63;2021-03-16;470;74890
20926;63;2021-03-17;396;75286
20927;63;2021-03-18;408;75694
20928;63;2021-03-19;424;76118
20929;63;2021-03-20;398;76516
20930;63;2021-03-21;50;76566
20931;63;2021-03-22;622;77188
20932;63;2021-03-23;525;77713
20933;63;2021-03-24;472;78185
20934;63;2021-03-25;556;78741
20935;63;2021-03-26;571;79312
20936;63;2021-03-27;360;79672
20937;63;2021-03-28;56;79728
20938;63;2021-03-29;777;80505
20939;63;2021-03-30;590;81095
20940;63;2021-03-31;624;81719
20941;63;2021-04-01;692;82411
20942;63;2021-04-02;813;83224
20943;63;2021-04-03;484;83708
20944;63;2021-04-04;88;83796
20945;63;2021-04-05;239;84035
20946;63;2021-04-06;998;85033
20947;63;2021-04-07;836;85869
20948;63;2021-04-08;718;86587
20949;63;2021-04-09;781;87368
20950;63;2021-04-10;462;87830
20951;63;2021-04-11;116;87946
20952;63;2021-04-12;885;88831
20953;63;2021-04-13;795;89626
20954;63;2021-04-14;626;90252
20955;63;2021-04-15;658;90910
20956;64;2020-05-13;4;4
20957;64;2020-05-14;0;4
20958;64;2020-05-15;26;30
20959;64;2020-05-16;0;30
20960;64;2020-05-17;0;30
20961;64;2020-05-18;8;38
20962;64;2020-05-19;6;44
20963;64;2020-05-20;2;46
20964;64;2020-05-21;0;46
20965;64;2020-05-22;2;48
20966;64;2020-05-23;0;48
20967;64;2020-05-24;0;48
20968;64;2020-05-25;6;54
20969;64;2020-05-26;6;60
20970;64;2020-05-27;8;68
20971;64;2020-05-28;16;84
20972;64;2020-05-29;2;86
20973;64;2020-05-30;6;92
20974;64;2020-05-31;0;92
20975;64;2020-06-01;0;92
20976;64;2020-06-02;4;96
20977;64;2020-06-03;10;106
20978;64;2020-06-04;6;112
20979;64;2020-06-05;6;118
20980;64;2020-06-06;0;118
20981;64;2020-06-07;0;118
20982;64;2020-06-08;2;120
20983;64;2020-06-09;0;120
20984;64;2020-06-10;0;120
20985;64;2020-06-11;0;120
20986;64;2020-06-12;0;120
20987;64;2020-06-13;0;120
20988;64;2020-06-14;0;120
20989;64;2020-06-15;0;120
20990;64;2020-06-16;0;120
20991;64;2020-06-17;0;120
20992;64;2020-06-18;4;124
20993;64;2020-06-19;2;126
20994;64;2020-06-20;0;126
20995;64;2020-06-21;0;126
20996;64;2020-06-22;0;126
20997;64;2020-06-23;2;128
20998;64;2020-06-24;0;128
20999;64;2020-06-25;0;128
21000;64;2020-06-26;2;130
21001;64;2020-06-27;0;130
21002;64;2020-06-28;4;134
21003;64;2020-06-29;0;134
21004;64;2020-06-30;0;134
21005;64;2020-07-01;2;136
21006;64;2020-07-02;0;136
21007;64;2020-07-03;10;146
21008;64;2020-07-04;0;146
21009;64;2020-07-05;0;146
21010;64;2020-07-06;4;150
21011;64;2020-07-07;0;150
21012;64;2020-07-08;6;156
21013;64;2020-07-09;0;156
21014;64;2020-07-10;0;156
21015;64;2020-07-11;2;158
21016;64;2020-07-12;0;158
21017;64;2020-07-13;0;158
21018;64;2020-07-14;2;160
21019;64;2020-07-15;2;162
21020;64;2020-07-16;2;164
21021;64;2020-07-17;2;166
21022;64;2020-07-18;2;168
21023;64;2020-07-19;0;168
21024;64;2020-07-20;0;168
21025;64;2020-07-21;8;176
21026;64;2020-07-22;8;184
21027;64;2020-07-23;0;184
21028;64;2020-07-24;8;192
21029;64;2020-07-25;0;192
21030;64;2020-07-26;0;192
21031;64;2020-07-27;6;198
21032;64;2020-07-28;2;200
21033;64;2020-07-29;4;204
21034;64;2020-07-30;4;208
21035;64;2020-07-31;4;212
21036;64;2020-08-01;6;218
21037;64;2020-08-02;0;218
21038;64;2020-08-03;0;218
21039;64;2020-08-04;20;238
21040;64;2020-08-05;10;248
21041;64;2020-08-06;28;276
21042;64;2020-08-07;24;300
21043;64;2020-08-08;6;306
21044;64;2020-08-09;0;306
21045;64;2020-08-10;22;328
21046;64;2020-08-11;36;364
21047;64;2020-08-12;28;392
21048;64;2020-08-13;52;444
21049;64;2020-08-14;52;496
21050;64;2020-08-15;4;500
21051;64;2020-08-16;4;504
21052;64;2020-08-17;114;618
21053;64;2020-08-18;126;744
21054;64;2020-08-19;82;826
21055;64;2020-08-20;104;930
21056;64;2020-08-21;70;1000
21057;64;2020-08-22;34;1034
21058;64;2020-08-23;2;1036
21059;64;2020-08-24;112;1148
21060;64;2020-08-25;118;1266
21061;64;2020-08-26;102;1368
21062;64;2020-08-27;88;1456
21063;64;2020-08-28;122;1578
21064;64;2020-08-29;36;1614
21065;64;2020-08-30;4;1618
21066;64;2020-08-31;106;1724
21067;64;2020-09-01;130;1854
21068;64;2020-09-02;144;1998
21069;64;2020-09-03;182;2180
21070;64;2020-09-04;226;2406
21071;64;2020-09-05;98;2504
21072;64;2020-09-06;6;2510
21073;64;2020-09-07;252;2762
21074;64;2020-09-08;206;2968
21075;64;2020-09-09;198;3166
21076;64;2020-09-10;244;3410
21077;64;2020-09-11;216;3626
21078;64;2020-09-12;46;3672
21079;64;2020-09-13;6;3678
21080;64;2020-09-14;296;3974
21081;64;2020-09-15;204;4178
21082;64;2020-09-16;188;4366
21083;64;2020-09-17;278;4644
21084;64;2020-09-18;200;4844
21085;64;2020-09-19;72;4916
21086;64;2020-09-20;8;4924
21087;64;2020-09-21;294;5218
21088;64;2020-09-22;206;5424
21089;64;2020-09-23;232;5656
21090;64;2020-09-24;226;5882
21091;64;2020-09-25;188;6070
21092;64;2020-09-26;52;6122
21093;64;2020-09-27;6;6128
21094;64;2020-09-28;224;6352
21095;64;2020-09-29;178;6530
21096;64;2020-09-30;204;6734
21097;64;2020-10-01;232;6966
21098;64;2020-10-02;268;7234
21099;64;2020-10-03;76;7310
21100;64;2020-10-04;12;7322
21101;64;2020-10-05;330;7652
21102;64;2020-10-06;250;7902
21103;64;2020-10-07;332;8234
21104;64;2020-10-08;355;8589
21105;64;2020-10-09;302;8891
21106;64;2020-10-10;146;9037
21107;64;2020-10-11;12;9049
21108;64;2020-10-12;564;9613
21109;64;2020-10-13;428;10041
21110;64;2020-10-14;540;10581
21111;64;2020-10-15;584;11165
21112;64;2020-10-16;658;11823
21113;64;2020-10-17;300;12123
21114;64;2020-10-18;12;12135
21115;64;2020-10-19;978;13113
21116;64;2020-10-20;802;13915
21117;64;2020-10-21;858;14773
21118;64;2020-10-22;1068;15841
21119;64;2020-10-23;1110;16951
21120;64;2020-10-24;454;17405
21121;64;2020-10-25;68;17473
21122;64;2020-10-26;1520;18993
21123;64;2020-10-27;1354;20347
21124;64;2020-10-28;1295;21642
21125;64;2020-10-29;1234;22876
21126;64;2020-10-30;1393;24269
21127;64;2020-10-31;404;24673
21128;64;2020-11-01;76;24749
21129;64;2020-11-02;1670;26419
21130;64;2020-11-03;1365;27784
21131;64;2020-11-04;1132;28916
21132;64;2020-11-05;972;29888
21133;64;2020-11-06;972;30860
21134;64;2020-11-07;412;31272
21135;64;2020-11-08;72;31344
21136;64;2020-11-09;1024;32368
21137;64;2020-11-10;820;33188
21138;64;2020-11-11;88;33276
21139;64;2020-11-12;892;34168
21140;64;2020-11-13;578;34746
21141;64;2020-11-14;182;34928
21142;64;2020-11-15;18;34946
21143;64;2020-11-16;728;35674
21144;64;2020-11-17;434;36108
21145;64;2020-11-18;348;36456
21146;64;2020-11-19;393;36849
21147;64;2020-11-20;330;37179
21148;64;2020-11-21;114;37293
21149;64;2020-11-22;26;37319
21150;64;2020-11-23;432;37751
21151;64;2020-11-24;340;38091
21152;64;2020-11-25;262;38353
21153;64;2020-11-26;384;38737
21154;64;2020-11-27;264;39001
21155;64;2020-11-28;112;39113
21156;64;2020-11-29;30;39143
21157;64;2020-11-30;420;39563
21158;64;2020-12-01;232;39795
21159;64;2020-12-02;260;40055
21160;64;2020-12-03;328;40383
21161;64;2020-12-04;302;40685
21162;64;2020-12-05;148;40833
21163;64;2020-12-06;60;40893
21164;64;2020-12-07;472;41365
21165;64;2020-12-08;358;41723
21166;64;2020-12-09;246;41969
21167;64;2020-12-10;282;42251
21168;64;2020-12-11;368;42619
21169;64;2020-12-12;110;42729
21170;64;2020-12-13;38;42767
21171;64;2020-12-14;474;43241
21172;64;2020-12-15;240;43481
21173;64;2020-12-16;234;43715
21174;64;2020-12-17;208;43923
21175;64;2020-12-18;246;44169
21176;64;2020-12-19;104;44273
21177;64;2020-12-20;32;44305
21178;64;2020-12-21;404;44709
21179;64;2020-12-22;226;44935
21180;64;2020-12-23;230;45165
21181;64;2020-12-24;216;45381
21182;64;2020-12-25;14;45395
21183;64;2020-12-26;148;45543
21184;64;2020-12-27;44;45587
21185;64;2020-12-28;352;45939
21186;64;2020-12-29;336;46275
21187;64;2020-12-30;274;46549
21188;64;2020-12-31;216;46765
21189;64;2021-01-01;22;46787
21190;64;2021-01-02;178;46965
21191;64;2021-01-03;34;46999
21192;64;2021-01-04;456;47455
21193;64;2021-01-05;406;47861
21194;64;2021-01-06;330;48191
21195;64;2021-01-07;248;48439
21196;64;2021-01-08;296;48735
21197;64;2021-01-09;146;48881
21198;64;2021-01-10;10;48891
21199;64;2021-01-11;418;49309
21200;64;2021-01-12;288;49597
21201;64;2021-01-13;260;49857
21202;64;2021-01-14;288;50145
21203;64;2021-01-15;344;50489
21204;64;2021-01-16;132;50621
21205;64;2021-01-17;32;50653
21206;64;2021-01-18;518;51171
21207;64;2021-01-19;356;51527
21208;64;2021-01-20;322;51849
21209;64;2021-01-21;292;52141
21210;64;2021-01-22;292;52433
21211;64;2021-01-23;142;52575
21212;64;2021-01-24;30;52605
21213;64;2021-01-25;388;52993
21214;64;2021-01-26;306;53299
21215;64;2021-01-27;314;53613
21216;64;2021-01-28;284;53897
21217;64;2021-01-29;366;54263
21218;64;2021-01-30;150;54413
21219;64;2021-01-31;32;54445
21220;64;2021-02-01;336;54781
21221;64;2021-02-02;254;55035
21222;64;2021-02-03;160;55195
21223;64;2021-02-04;158;55353
21224;64;2021-02-05;172;55525
21225;64;2021-02-06;82;55607
21226;64;2021-02-07;4;55611
21227;64;2021-02-08;200;55811
21228;64;2021-02-09;148;55959
21229;64;2021-02-10;166;56125
21230;64;2021-02-11;108;56233
21231;64;2021-02-12;144;56377
21232;64;2021-02-13;70;56447
21233;64;2021-02-14;16;56463
21234;64;2021-02-15;178;56641
21235;64;2021-02-16;132;56773
21236;64;2021-02-17;140;56913
21237;64;2021-02-18;118;57031
21238;64;2021-02-19;126;57157
21239;64;2021-02-20;88;57245
21240;64;2021-02-21;10;57255
21241;64;2021-02-22;178;57433
21242;64;2021-02-23;124;57557
21243;64;2021-02-24;112;57669
21244;64;2021-02-25;128;57797
21245;64;2021-02-26;90;57887
21246;64;2021-02-27;70;57957
21247;64;2021-02-28;4;57961
21248;64;2021-03-01;154;58115
21249;64;2021-03-02;100;58215
21250;64;2021-03-03;92;58307
21251;64;2021-03-04;94;58401
21252;64;2021-03-05;77;58478
21253;64;2021-03-06;64;58542
21254;64;2021-03-07;6;58548
21255;64;2021-03-08;176;58724
21256;64;2021-03-09;132;58856
21257;64;2021-03-10;110;58966
21258;64;2021-03-11;158;59124
21259;64;2021-03-12;126;59250
21260;64;2021-03-13;60;59310
21261;64;2021-03-14;6;59316
21262;64;2021-03-15;200;59516
21263;64;2021-03-16;200;59716
21264;64;2021-03-17;132;59848
21265;64;2021-03-18;188;60036
21266;64;2021-03-19;230;60266
21267;64;2021-03-20;62;60328
21268;64;2021-03-21;10;60338
21269;64;2021-03-22;268;60606
21270;64;2021-03-23;154;60760
21271;64;2021-03-24;178;60938
21272;64;2021-03-25;258;61196
21273;64;2021-03-26;224;61420
21274;64;2021-03-27;118;61538
21275;64;2021-03-28;10;61548
21276;64;2021-03-29;378;61926
21277;64;2021-03-30;258;62184
21278;64;2021-03-31;214;62398
21279;64;2021-04-01;282;62680
21280;64;2021-04-02;254;62934
21281;64;2021-04-03;126;63060
21282;64;2021-04-04;18;63078
21283;64;2021-04-05;60;63138
21284;64;2021-04-06;400;63538
21285;64;2021-04-07;246;63784
21286;64;2021-04-08;222;64006
21287;64;2021-04-09;196;64202
21288;64;2021-04-10;112;64314
21289;64;2021-04-11;14;64328
21290;64;2021-04-12;382;64710
21291;64;2021-04-13;270;64980
21292;64;2021-04-14;242;65222
21293;64;2021-04-15;238;65460
21294;65;2020-05-13;4;4
21295;65;2020-05-14;2;6
21296;65;2020-05-15;12;18
21297;65;2020-05-16;0;18
21298;65;2020-05-17;0;18
21299;65;2020-05-18;2;20
21300;65;2020-05-19;0;20
21301;65;2020-05-20;0;20
21302;65;2020-05-21;0;20
21303;65;2020-05-22;0;20
21304;65;2020-05-23;0;20
21305;65;2020-05-24;0;20
21306;65;2020-05-25;0;20
21307;65;2020-05-26;6;26
21308;65;2020-05-27;6;32
21309;65;2020-05-28;0;32
21310;65;2020-05-29;2;34
21311;65;2020-05-30;0;34
21312;65;2020-05-31;0;34
21313;65;2020-06-01;0;34
21314;65;2020-06-02;0;34
21315;65;2020-06-03;0;34
21316;65;2020-06-04;0;34
21317;65;2020-06-05;2;36
21318;65;2020-06-06;0;36
21319;65;2020-06-07;0;36
21320;65;2020-06-08;0;36
21321;65;2020-06-09;0;36
21322;65;2020-06-10;2;38
21323;65;2020-06-11;2;40
21324;65;2020-06-12;0;40
21325;65;2020-06-13;0;40
21326;65;2020-06-14;0;40
21327;65;2020-06-15;0;40
21328;65;2020-06-16;2;42
21329;65;2020-06-17;2;44
21330;65;2020-06-18;0;44
21331;65;2020-06-19;0;44
21332;65;2020-06-20;0;44
21333;65;2020-06-21;0;44
21334;65;2020-06-22;0;44
21335;65;2020-06-23;0;44
21336;65;2020-06-24;0;44
21337;65;2020-06-25;0;44
21338;65;2020-06-26;2;46
21339;65;2020-06-27;0;46
21340;65;2020-06-28;0;46
21341;65;2020-06-29;0;46
21342;65;2020-06-30;4;50
21343;65;2020-07-01;0;50
21344;65;2020-07-02;2;52
21345;65;2020-07-03;0;52
21346;65;2020-07-04;0;52
21347;65;2020-07-05;0;52
21348;65;2020-07-06;2;54
21349;65;2020-07-07;0;54
21350;65;2020-07-08;2;56
21351;65;2020-07-09;2;58
21352;65;2020-07-10;2;60
21353;65;2020-07-11;0;60
21354;65;2020-07-12;0;60
21355;65;2020-07-13;4;64
21356;65;2020-07-14;0;64
21357;65;2020-07-15;0;64
21358;65;2020-07-16;2;66
21359;65;2020-07-17;4;70
21360;65;2020-07-18;0;70
21361;65;2020-07-19;0;70
21362;65;2020-07-20;4;74
21363;65;2020-07-21;0;74
21364;65;2020-07-22;2;76
21365;65;2020-07-23;8;84
21366;65;2020-07-24;4;88
21367;65;2020-07-25;2;90
21368;65;2020-07-26;0;90
21369;65;2020-07-27;4;94
21370;65;2020-07-28;4;98
21371;65;2020-07-29;8;106
21372;65;2020-07-30;4;110
21373;65;2020-07-31;4;114
21374;65;2020-08-01;4;118
21375;65;2020-08-02;0;118
21376;65;2020-08-03;4;122
21377;65;2020-08-04;4;126
21378;65;2020-08-05;8;134
21379;65;2020-08-06;6;140
21380;65;2020-08-07;10;150
21381;65;2020-08-08;0;150
21382;65;2020-08-09;0;150
21383;65;2020-08-10;10;160
21384;65;2020-08-11;4;164
21385;65;2020-08-12;16;180
21386;65;2020-08-13;22;202
21387;65;2020-08-14;10;212
21388;65;2020-08-15;0;212
21389;65;2020-08-16;8;220
21390;65;2020-08-17;38;258
21391;65;2020-08-18;54;312
21392;65;2020-08-19;16;328
21393;65;2020-08-20;14;342
21394;65;2020-08-21;14;356
21395;65;2020-08-22;6;362
21396;65;2020-08-23;8;370
21397;65;2020-08-24;26;396
21398;65;2020-08-25;28;424
21399;65;2020-08-26;14;438
21400;65;2020-08-27;16;454
21401;65;2020-08-28;10;464
21402;65;2020-08-29;2;466
21403;65;2020-08-30;0;466
21404;65;2020-08-31;6;472
21405;65;2020-09-01;24;496
21406;65;2020-09-02;34;530
21407;65;2020-09-03;28;558
21408;65;2020-09-04;8;566
21409;65;2020-09-05;14;580
21410;65;2020-09-06;2;582
21411;65;2020-09-07;36;618
21412;65;2020-09-08;26;644
21413;65;2020-09-09;24;668
21414;65;2020-09-10;50;718
21415;65;2020-09-11;26;744
21416;65;2020-09-12;18;762
21417;65;2020-09-13;0;762
21418;65;2020-09-14;34;796
21419;65;2020-09-15;78;874
21420;65;2020-09-16;86;960
21421;65;2020-09-17;72;1032
21422;65;2020-09-18;88;1120
21423;65;2020-09-19;18;1138
21424;65;2020-09-20;2;1140
21425;65;2020-09-21;96;1236
21426;65;2020-09-22;67;1303
21427;65;2020-09-23;70;1373
21428;65;2020-09-24;42;1415
21429;65;2020-09-25;90;1505
21430;65;2020-09-26;8;1513
21431;65;2020-09-27;6;1519
21432;65;2020-09-28;62;1581
21433;65;2020-09-29;92;1673
21434;65;2020-09-30;60;1733
21435;65;2020-10-01;60;1793
21436;65;2020-10-02;70;1863
21437;65;2020-10-03;24;1887
21438;65;2020-10-04;2;1889
21439;65;2020-10-05;96;1985
21440;65;2020-10-06;60;2045
21441;65;2020-10-07;54;2099
21442;65;2020-10-08;80;2179
21443;65;2020-10-09;138;2317
21444;65;2020-10-10;44;2361
21445;65;2020-10-11;2;2363
21446;65;2020-10-12;190;2553
21447;65;2020-10-13;166;2719
21448;65;2020-10-14;152;2871
21449;65;2020-10-15;152;3023
21450;65;2020-10-16;140;3163
21451;65;2020-10-17;72;3235
21452;65;2020-10-18;8;3243
21453;65;2020-10-19;226;3469
21454;65;2020-10-20;246;3715
21455;65;2020-10-21;242;3957
21456;65;2020-10-22;276;4233
21457;65;2020-10-23;392;4625
21458;65;2020-10-24;106;4731
21459;65;2020-10-25;24;4755
21460;65;2020-10-26;486;5241
21461;65;2020-10-27;380;5621
21462;65;2020-10-28;348;5969
21463;65;2020-10-29;410;6379
21464;65;2020-10-30;450;6829
21465;65;2020-10-31;190;7019
21466;65;2020-11-01;40;7059
21467;65;2020-11-02;560;7619
21468;65;2020-11-03;451;8070
21469;65;2020-11-04;330;8400
21470;65;2020-11-05;384;8784
21471;65;2020-11-06;438;9222
21472;65;2020-11-07;90;9312
21473;65;2020-11-08;42;9354
21474;65;2020-11-09;680;10034
21475;65;2020-11-10;378;10412
21476;65;2020-11-11;20;10432
21477;65;2020-11-12;366;10798
21478;65;2020-11-13;342;11140
21479;65;2020-11-14;96;11236
21480;65;2020-11-15;46;11282
21481;65;2020-11-16;282;11564
21482;65;2020-11-17;269;11833
21483;65;2020-11-18;146;11979
21484;65;2020-11-19;172;12151
21485;65;2020-11-20;172;12323
21486;65;2020-11-21;46;12369
21487;65;2020-11-22;56;12425
21488;65;2020-11-23;174;12599
21489;65;2020-11-24;160;12759
21490;65;2020-11-25;154;12913
21491;65;2020-11-26;140;13053
21492;65;2020-11-27;98;13151
21493;65;2020-11-28;46;13197
21494;65;2020-11-29;20;13217
21495;65;2020-11-30;270;13487
21496;65;2020-12-01;178;13665
21497;65;2020-12-02;174;13839
21498;65;2020-12-03;154;13993
21499;65;2020-12-04;138;14131
21500;65;2020-12-05;78;14209
21501;65;2020-12-06;16;14225
21502;65;2020-12-07;200;14425
21503;65;2020-12-08;174;14599
21504;65;2020-12-09;148;14747
21505;65;2020-12-10;134;14881
21506;65;2020-12-11;154;15035
21507;65;2020-12-12;70;15105
21508;65;2020-12-13;20;15125
21509;65;2020-12-14;232;15357
21510;65;2020-12-15;176;15533
21511;65;2020-12-16;152;15685
21512;65;2020-12-17;208;15893
21513;65;2020-12-18;140;16033
21514;65;2020-12-19;64;16097
21515;65;2020-12-20;14;16111
21516;65;2020-12-21;200;16311
21517;65;2020-12-22;142;16453
21518;65;2020-12-23;148;16601
21519;65;2020-12-24;142;16743
21520;65;2020-12-25;2;16745
21521;65;2020-12-26;96;16841
21522;65;2020-12-27;10;16851
21523;65;2020-12-28;190;17041
21524;65;2020-12-29;230;17271
21525;65;2020-12-30;182;17453
21526;65;2020-12-31;136;17589
21527;65;2021-01-01;6;17595
21528;65;2021-01-02;102;17697
21529;65;2021-01-03;6;17703
21530;65;2021-01-04;286;17989
21531;65;2021-01-05;220;18209
21532;65;2021-01-06;116;18325
21533;65;2021-01-07;82;18407
21534;65;2021-01-08;144;18551
21535;65;2021-01-09;52;18603
21536;65;2021-01-10;0;18603
21537;65;2021-01-11;182;18785
21538;65;2021-01-12;168;18953
21539;65;2021-01-13;132;19085
21540;65;2021-01-14;88;19173
21541;65;2021-01-15;142;19315
21542;65;2021-01-16;50;19365
21543;65;2021-01-17;14;19379
21544;65;2021-01-18;226;19605
21545;65;2021-01-19;200;19805
21546;65;2021-01-20;136;19941
21547;65;2021-01-21;84;20025
21548;65;2021-01-22;120;20145
21549;65;2021-01-23;52;20197
21550;65;2021-01-24;4;20201
21551;65;2021-01-25;136;20337
21552;65;2021-01-26;112;20449
21553;65;2021-01-27;82;20531
21554;65;2021-01-28;106;20637
21555;65;2021-01-29;94;20731
21556;65;2021-01-30;58;20789
21557;65;2021-01-31;12;20801
21558;65;2021-02-01;124;20925
21559;65;2021-02-02;98;21023
21560;65;2021-02-03;70;21093
21561;65;2021-02-04;80;21173
21562;65;2021-02-05;58;21231
21563;65;2021-02-06;46;21277
21564;65;2021-02-07;2;21279
21565;65;2021-02-08;84;21363
21566;65;2021-02-09;46;21409
21567;65;2021-02-10;58;21467
21568;65;2021-02-11;62;21529
21569;65;2021-02-12;94;21623
21570;65;2021-02-13;20;21643
21571;65;2021-02-14;4;21647
21572;65;2021-02-15;104;21751
21573;65;2021-02-16;76;21827
21574;65;2021-02-17;98;21925
21575;65;2021-02-18;44;21969
21576;65;2021-02-19;70;22039
21577;65;2021-02-20;26;22065
21578;65;2021-02-21;0;22065
21579;65;2021-02-22;88;22153
21580;65;2021-02-23;58;22211
21581;65;2021-02-24;66;22277
21582;65;2021-02-25;84;22361
21583;65;2021-02-26;76;22437
21584;65;2021-02-27;42;22479
21585;65;2021-02-28;8;22487
21586;65;2021-03-01;74;22561
21587;65;2021-03-02;56;22617
21588;65;2021-03-03;52;22669
21589;65;2021-03-04;68;22737
21590;65;2021-03-05;60;22797
21591;65;2021-03-06;56;22853
21592;65;2021-03-07;2;22855
21593;65;2021-03-08;98;22953
21594;65;2021-03-09;108;23061
21595;65;2021-03-10;42;23103
21596;65;2021-03-11;56;23159
21597;65;2021-03-12;84;23243
21598;65;2021-03-13;64;23307
21599;65;2021-03-14;10;23317
21600;65;2021-03-15;152;23469
21601;65;2021-03-16;122;23591
21602;65;2021-03-17;140;23731
21603;65;2021-03-18;96;23827
21604;65;2021-03-19;114;23941
21605;65;2021-03-20;56;23997
21606;65;2021-03-21;4;24001
21607;65;2021-03-22;154;24155
21608;65;2021-03-23;144;24299
21609;65;2021-03-24;162;24461
21610;65;2021-03-25;132;24593
21611;65;2021-03-26;174;24767
21612;65;2021-03-27;82;24849
21613;65;2021-03-28;14;24863
21614;65;2021-03-29;196;25059
21615;65;2021-03-30;126;25185
21616;65;2021-03-31;128;25313
21617;65;2021-04-01;130;25443
21618;65;2021-04-02;144;25587
21619;65;2021-04-03;86;25673
21620;65;2021-04-04;14;25687
21621;65;2021-04-05;38;25725
21622;65;2021-04-06;172;25897
21623;65;2021-04-07;128;26025
21624;65;2021-04-08;184;26209
21625;65;2021-04-09;156;26365
21626;65;2021-04-10;48;26413
21627;65;2021-04-11;14;26427
21628;65;2021-04-12;142;26569
21629;65;2021-04-13;114;26683
21630;65;2021-04-14;156;26839
21631;65;2021-04-15;162;27001
21632;66;2020-05-13;0;0
21633;66;2020-05-14;0;0
21634;66;2020-05-15;0;0
21635;66;2020-05-16;0;0
21636;66;2020-05-17;0;0
21637;66;2020-05-18;0;0
21638;66;2020-05-19;0;0
21639;66;2020-05-20;0;0
21640;66;2020-05-21;0;0
21641;66;2020-05-22;0;0
21642;66;2020-05-23;0;0
21643;66;2020-05-24;0;0
21644;66;2020-05-25;0;0
21645;66;2020-05-26;0;0
21646;66;2020-05-27;0;0
21647;66;2020-05-28;0;0
21648;66;2020-05-29;0;0
21649;66;2020-05-30;0;0
21650;66;2020-05-31;0;0
21651;66;2020-06-01;0;0
21652;66;2020-06-02;0;0
21653;66;2020-06-03;2;2
21654;66;2020-06-04;0;2
21655;66;2020-06-05;0;2
21656;66;2020-06-06;0;2
21657;66;2020-06-07;0;2
21658;66;2020-06-08;0;2
21659;66;2020-06-09;0;2
21660;66;2020-06-10;0;2
21661;66;2020-06-11;0;2
21662;66;2020-06-12;0;2
21663;66;2020-06-13;0;2
21664;66;2020-06-14;0;2
21665;66;2020-06-15;0;2
21666;66;2020-06-16;0;2
21667;66;2020-06-17;0;2
21668;66;2020-06-18;0;2
21669;66;2020-06-19;0;2
21670;66;2020-06-20;0;2
21671;66;2020-06-21;0;2
21672;66;2020-06-22;0;2
21673;66;2020-06-23;0;2
21674;66;2020-06-24;0;2
21675;66;2020-06-25;0;2
21676;66;2020-06-26;0;2
21677;66;2020-06-27;0;2
21678;66;2020-06-28;0;2
21679;66;2020-06-29;0;2
21680;66;2020-06-30;0;2
21681;66;2020-07-01;4;6
21682;66;2020-07-02;0;6
21683;66;2020-07-03;0;6
21684;66;2020-07-04;0;6
21685;66;2020-07-05;2;8
21686;66;2020-07-06;0;8
21687;66;2020-07-07;2;10
21688;66;2020-07-08;2;12
21689;66;2020-07-09;10;22
21690;66;2020-07-10;6;28
21691;66;2020-07-11;0;28
21692;66;2020-07-12;0;28
21693;66;2020-07-13;0;28
21694;66;2020-07-14;0;28
21695;66;2020-07-15;2;30
21696;66;2020-07-16;6;36
21697;66;2020-07-17;0;36
21698;66;2020-07-18;0;36
21699;66;2020-07-19;0;36
21700;66;2020-07-20;2;38
21701;66;2020-07-21;6;44
21702;66;2020-07-22;10;54
21703;66;2020-07-23;2;56
21704;66;2020-07-24;0;56
21705;66;2020-07-25;20;76
21706;66;2020-07-26;0;76
21707;66;2020-07-27;8;84
21708;66;2020-07-28;2;86
21709;66;2020-07-29;30;116
21710;66;2020-07-30;16;132
21711;66;2020-07-31;6;138
21712;66;2020-08-01;0;138
21713;66;2020-08-02;0;138
21714;66;2020-08-03;8;146
21715;66;2020-08-04;2;148
21716;66;2020-08-05;8;156
21717;66;2020-08-06;6;162
21718;66;2020-08-07;10;172
21719;66;2020-08-08;4;176
21720;66;2020-08-09;6;182
21721;66;2020-08-10;6;188
21722;66;2020-08-11;8;196
21723;66;2020-08-12;24;220
21724;66;2020-08-13;14;234
21725;66;2020-08-14;14;248
21726;66;2020-08-15;2;250
21727;66;2020-08-16;0;250
21728;66;2020-08-17;40;290
21729;66;2020-08-18;34;324
21730;66;2020-08-19;32;356
21731;66;2020-08-20;36;392
21732;66;2020-08-21;10;402
21733;66;2020-08-22;18;420
21734;66;2020-08-23;10;430
21735;66;2020-08-24;32;462
21736;66;2020-08-25;68;530
21737;66;2020-08-26;30;560
21738;66;2020-08-27;40;600
21739;66;2020-08-28;74;674
21740;66;2020-08-29;32;706
21741;66;2020-08-30;6;712
21742;66;2020-08-31;108;820
21743;66;2020-09-01;108;928
21744;66;2020-09-02;80;1008
21745;66;2020-09-03;134;1142
21746;66;2020-09-04;182;1324
21747;66;2020-09-05;52;1376
21748;66;2020-09-06;8;1384
21749;66;2020-09-07;198;1582
21750;66;2020-09-08;142;1724
21751;66;2020-09-09;144;1868
21752;66;2020-09-10;102;1970
21753;66;2020-09-11;184;2154
21754;66;2020-09-12;88;2242
21755;66;2020-09-13;12;2254
21756;66;2020-09-14;140;2394
21757;66;2020-09-15;234;2628
21758;66;2020-09-16;124;2752
21759;66;2020-09-17;172;2924
21760;66;2020-09-18;156;3080
21761;66;2020-09-19;66;3146
21762;66;2020-09-20;8;3154
21763;66;2020-09-21;220;3374
21764;66;2020-09-22;130;3504
21765;66;2020-09-23;126;3630
21766;66;2020-09-24;134;3764
21767;66;2020-09-25;136;3900
21768;66;2020-09-26;56;3956
21769;66;2020-09-27;14;3970
21770;66;2020-09-28;98;4068
21771;66;2020-09-29;100;4168
21772;66;2020-09-30;118;4286
21773;66;2020-10-01;124;4410
21774;66;2020-10-02;174;4584
21775;66;2020-10-03;94;4678
21776;66;2020-10-04;8;4686
21777;66;2020-10-05;238;4924
21778;66;2020-10-06;245;5169
21779;66;2020-10-07;324;5493
21780;66;2020-10-08;306;5799
21781;66;2020-10-09;368;6167
21782;66;2020-10-10;232;6399
21783;66;2020-10-11;8;6407
21784;66;2020-10-12;444;6851
21785;66;2020-10-13;464;7315
21786;66;2020-10-14;408;7723
21787;66;2020-10-15;490;8213
21788;66;2020-10-16;419;8632
21789;66;2020-10-17;230;8862
21790;66;2020-10-18;18;8880
21791;66;2020-10-19;518;9398
21792;66;2020-10-20;648;10046
21793;66;2020-10-21;664;10710
21794;66;2020-10-22;749;11459
21795;66;2020-10-23;609;12068
21796;66;2020-10-24;283;12351
21797;66;2020-10-25;52;12403
21798;66;2020-10-26;806;13209
21799;66;2020-10-27;710;13919
21800;66;2020-10-28;640;14559
21801;66;2020-10-29;596;15155
21802;66;2020-10-30;543;15698
21803;66;2020-10-31;206;15904
21804;66;2020-11-01;52;15956
21805;66;2020-11-02;552;16508
21806;66;2020-11-03;512;17020
21807;66;2020-11-04;508;17528
21808;66;2020-11-05;432;17960
21809;66;2020-11-06;494;18454
21810;66;2020-11-07;194;18648
21811;66;2020-11-08;12;18660
21812;66;2020-11-09;446;19106
21813;66;2020-11-10;242;19348
21814;66;2020-11-11;26;19374
21815;66;2020-11-12;254;19628
21816;66;2020-11-13;210;19838
21817;66;2020-11-14;84;19922
21818;66;2020-11-15;16;19938
21819;66;2020-11-16;228;20166
21820;66;2020-11-17;116;20282
21821;66;2020-11-18;94;20376
21822;66;2020-11-19;84;20460
21823;66;2020-11-20;112;20572
21824;66;2020-11-21;32;20604
21825;66;2020-11-22;2;20606
21826;66;2020-11-23;74;20680
21827;66;2020-11-24;58;20738
21828;66;2020-11-25;50;20788
21829;66;2020-11-26;84;20872
21830;66;2020-11-27;60;20932
21831;66;2020-11-28;30;20962
21832;66;2020-11-29;0;20962
21833;66;2020-11-30;134;21096
21834;66;2020-12-01;110;21206
21835;66;2020-12-02;66;21272
21836;66;2020-12-03;80;21352
21837;66;2020-12-04;60;21412
21838;66;2020-12-05;26;21438
21839;66;2020-12-06;0;21438
21840;66;2020-12-07;60;21498
21841;66;2020-12-08;64;21562
21842;66;2020-12-09;68;21630
21843;66;2020-12-10;92;21722
21844;66;2020-12-11;82;21804
21845;66;2020-12-12;28;21832
21846;66;2020-12-13;4;21836
21847;66;2020-12-14;102;21938
21848;66;2020-12-15;74;22012
21849;66;2020-12-16;106;22118
21850;66;2020-12-17;112;22230
21851;66;2020-12-18;102;22332
21852;66;2020-12-19;68;22400
21853;66;2020-12-20;8;22408
21854;66;2020-12-21;188;22596
21855;66;2020-12-22;146;22742
21856;66;2020-12-23;136;22878
21857;66;2020-12-24;144;23022
21858;66;2020-12-25;14;23036
21859;66;2020-12-26;68;23104
21860;66;2020-12-27;8;23112
21861;66;2020-12-28;196;23308
21862;66;2020-12-29;206;23514
21863;66;2020-12-30;202;23716
21864;66;2020-12-31;226;23942
21865;66;2021-01-01;18;23960
21866;66;2021-01-02;146;24106
21867;66;2021-01-03;24;24130
21868;66;2021-01-04;362;24492
21869;66;2021-01-05;316;24808
21870;66;2021-01-06;278;25086
21871;66;2021-01-07;234;25320
21872;66;2021-01-08;290;25610
21873;66;2021-01-09;152;25762
21874;66;2021-01-10;30;25792
21875;66;2021-01-11;386;26178
21876;66;2021-01-12;398;26576
21877;66;2021-01-13;312;26888
21878;66;2021-01-14;354;27242
21879;66;2021-01-15;418;27660
21880;66;2021-01-16;251;27911
21881;66;2021-01-17;18;27929
21882;66;2021-01-18;542;28471
21883;66;2021-01-19;496;28967
21884;66;2021-01-20;432;29399
21885;66;2021-01-21;402;29801
21886;66;2021-01-22;470;30271
21887;66;2021-01-23;302;30573
21888;66;2021-01-24;22;30595
21889;66;2021-01-25;588;31183
21890;66;2021-01-26;522;31705
21891;66;2021-01-27;430;32135
21892;66;2021-01-28;396;32531
21893;66;2021-01-29;396;32927
21894;66;2021-01-30;240;33167
21895;66;2021-01-31;34;33201
21896;66;2021-02-01;422;33623
21897;66;2021-02-02;344;33967
21898;66;2021-02-03;294;34261
21899;66;2021-02-04;340;34601
21900;66;2021-02-05;290;34891
21901;66;2021-02-06;152;35043
21902;66;2021-02-07;18;35061
21903;66;2021-02-08;214;35275
21904;66;2021-02-09;168;35443
21905;66;2021-02-10;182;35625
21906;66;2021-02-11;158;35783
21907;66;2021-02-12;170;35953
21908;66;2021-02-13;82;36035
21909;66;2021-02-14;14;36049
21910;66;2021-02-15;182;36231
21911;66;2021-02-16;142;36373
21912;66;2021-02-17;106;36479
21913;66;2021-02-18;140;36619
21914;66;2021-02-19;168;36787
21915;66;2021-02-20;96;36883
21916;66;2021-02-21;30;36913
21917;66;2021-02-22;174;37087
21918;66;2021-02-23;102;37189
21919;66;2021-02-24;124;37313
21920;66;2021-02-25;122;37435
21921;66;2021-02-26;105;37540
21922;66;2021-02-27;104;37644
21923;66;2021-02-28;4;37648
21924;66;2021-03-01;122;37770
21925;66;2021-03-02;96;37866
21926;66;2021-03-03;122;37988
21927;66;2021-03-04;133;38121
21928;66;2021-03-05;170;38291
21929;66;2021-03-06;72;38363
21930;66;2021-03-07;6;38369
21931;66;2021-03-08;170;38539
21932;66;2021-03-09;128;38667
21933;66;2021-03-10;112;38779
21934;66;2021-03-11;154;38933
21935;66;2021-03-12;184;39117
21936;66;2021-03-13;86;39203
21937;66;2021-03-14;14;39217
21938;66;2021-03-15;306;39523
21939;66;2021-03-16;286;39809
21940;66;2021-03-17;244;40053
21941;66;2021-03-18;208;40261
21942;66;2021-03-19;244;40505
21943;66;2021-03-20;180;40685
21944;66;2021-03-21;22;40707
21945;66;2021-03-22;574;41281
21946;66;2021-03-23;334;41615
21947;66;2021-03-24;342;41957
21948;66;2021-03-25;478;42435
21949;66;2021-03-26;514;42949
21950;66;2021-03-27;300;43249
21951;66;2021-03-28;42;43291
21952;66;2021-03-29;636;43927
21953;66;2021-03-30;589;44516
21954;66;2021-03-31;512;45028
21955;66;2021-04-01;563;45591
21956;66;2021-04-02;450;46041
21957;66;2021-04-03;278;46319
21958;66;2021-04-04;30;46349
21959;66;2021-04-05;46;46395
21960;66;2021-04-06;666;47061
21961;66;2021-04-07;458;47519
21962;66;2021-04-08;466;47985
21963;66;2021-04-09;458;48443
21964;66;2021-04-10;286;48729
21965;66;2021-04-11;16;48745
21966;66;2021-04-12;561;49306
21967;66;2021-04-13;308;49614
21968;66;2021-04-14;298;49912
21969;66;2021-04-15;286;50198
21970;67;2020-05-13;60;60
21971;67;2020-05-14;44;104
21972;67;2020-05-15;52;156
21973;67;2020-05-16;18;174
21974;67;2020-05-17;0;174
21975;67;2020-05-18;50;224
21976;67;2020-05-19;62;286
21977;67;2020-05-20;26;312
21978;67;2020-05-21;4;316
21979;67;2020-05-22;42;358
21980;67;2020-05-23;8;366
21981;67;2020-05-24;2;368
21982;67;2020-05-25;54;422
21983;67;2020-05-26;32;454
21984;67;2020-05-27;22;476
21985;67;2020-05-28;38;514
21986;67;2020-05-29;32;546
21987;67;2020-05-30;4;550
21988;67;2020-05-31;0;550
21989;67;2020-06-01;2;552
21990;67;2020-06-02;24;576
21991;67;2020-06-03;32;608
21992;67;2020-06-04;24;632
21993;67;2020-06-05;6;638
21994;67;2020-06-06;8;646
21995;67;2020-06-07;2;648
21996;67;2020-06-08;28;676
21997;67;2020-06-09;12;688
21998;67;2020-06-10;26;714
21999;67;2020-06-11;8;722
22000;67;2020-06-12;6;728
22001;67;2020-06-13;4;732
22002;67;2020-06-14;0;732
22003;67;2020-06-15;14;746
22004;67;2020-06-16;6;752
22005;67;2020-06-17;20;772
22006;67;2020-06-18;6;778
22007;67;2020-06-19;10;788
22008;67;2020-06-20;4;792
22009;67;2020-06-21;4;796
22010;67;2020-06-22;8;804
22011;67;2020-06-23;2;806
22012;67;2020-06-24;6;812
22013;67;2020-06-25;8;820
22014;67;2020-06-26;8;828
22015;67;2020-06-27;0;828
22016;67;2020-06-28;2;830
22017;67;2020-06-29;8;838
22018;67;2020-06-30;12;850
22019;67;2020-07-01;6;856
22020;67;2020-07-02;10;866
22021;67;2020-07-03;8;874
22022;67;2020-07-04;0;874
22023;67;2020-07-05;0;874
22024;67;2020-07-06;12;886
22025;67;2020-07-07;9;895
22026;67;2020-07-08;6;901
22027;67;2020-07-09;28;929
22028;67;2020-07-10;14;943
22029;67;2020-07-11;2;945
22030;67;2020-07-12;2;947
22031;67;2020-07-13;2;949
22032;67;2020-07-14;2;951
22033;67;2020-07-15;6;957
22034;67;2020-07-16;14;971
22035;67;2020-07-17;6;977
22036;67;2020-07-18;12;989
22037;67;2020-07-19;2;991
22038;67;2020-07-20;32;1023
22039;67;2020-07-21;12;1035
22040;67;2020-07-22;6;1041
22041;67;2020-07-23;22;1063
22042;67;2020-07-24;26;1089
22043;67;2020-07-25;6;1095
22044;67;2020-07-26;2;1097
22045;67;2020-07-27;24;1121
22046;67;2020-07-28;22;1143
22047;67;2020-07-29;12;1155
22048;67;2020-07-30;38;1193
22049;67;2020-07-31;28;1221
22050;67;2020-08-01;26;1247
22051;67;2020-08-02;0;1247
22052;67;2020-08-03;64;1311
22053;67;2020-08-04;18;1329
22054;67;2020-08-05;26;1355
22055;67;2020-08-06;28;1383
22056;67;2020-08-07;22;1405
22057;67;2020-08-08;10;1415
22058;67;2020-08-09;0;1415
22059;67;2020-08-10;44;1459
22060;67;2020-08-11;48;1507
22061;67;2020-08-12;50;1557
22062;67;2020-08-13;50;1607
22063;67;2020-08-14;68;1675
22064;67;2020-08-15;22;1697
22065;67;2020-08-16;10;1707
22066;67;2020-08-17;122;1829
22067;67;2020-08-18;82;1911
22068;67;2020-08-19;102;2013
22069;67;2020-08-20;108;2121
22070;67;2020-08-21;146;2267
22071;67;2020-08-22;98;2365
22072;67;2020-08-23;24;2389
22073;67;2020-08-24;164;2553
22074;67;2020-08-25;160;2713
22075;67;2020-08-26;138;2851
22076;67;2020-08-27;166;3017
22077;67;2020-08-28;152;3169
22078;67;2020-08-29;94;3263
22079;67;2020-08-30;10;3273
22080;67;2020-08-31;262;3535
22081;67;2020-09-01;140;3675
22082;67;2020-09-02;128;3803
22083;67;2020-09-03;162;3965
22084;67;2020-09-04;154;4119
22085;67;2020-09-05;82;4201
22086;67;2020-09-06;10;4211
22087;67;2020-09-07;142;4353
22088;67;2020-09-08;178;4531
22089;67;2020-09-09;198;4729
22090;67;2020-09-10;192;4921
22091;67;2020-09-11;196;5117
22092;67;2020-09-12;194;5311
22093;67;2020-09-13;56;5367
22094;67;2020-09-14;298;5665
22095;67;2020-09-15;266;5931
22096;67;2020-09-16;182;6113
22097;67;2020-09-17;214;6327
22098;67;2020-09-18;244;6571
22099;67;2020-09-19;72;6643
22100;67;2020-09-20;18;6661
22101;67;2020-09-21;300;6961
22102;67;2020-09-22;194;7155
22103;67;2020-09-23;208;7363
22104;67;2020-09-24;196;7559
22105;67;2020-09-25;200;7759
22106;67;2020-09-26;94;7853
22107;67;2020-09-27;2;7855
22108;67;2020-09-28;146;8001
22109;67;2020-09-29;110;8111
22110;67;2020-09-30;152;8263
22111;67;2020-10-01;192;8455
22112;67;2020-10-02;194;8649
22113;67;2020-10-03;166;8815
22114;67;2020-10-04;12;8827
22115;67;2020-10-05;340;9167
22116;67;2020-10-06;402;9569
22117;67;2020-10-07;362;9931
22118;67;2020-10-08;370;10301
22119;67;2020-10-09;488;10789
22120;67;2020-10-10;228;11017
22121;67;2020-10-11;16;11033
22122;67;2020-10-12;710;11743
22123;67;2020-10-13;616;12359
22124;67;2020-10-14;716;13075
22125;67;2020-10-15;886;13961
22126;67;2020-10-16;908;14869
22127;67;2020-10-17;476;15345
22128;67;2020-10-18;44;15389
22129;67;2020-10-19;1738;17127
22130;67;2020-10-20;1440;18567
22131;67;2020-10-21;1550;20117
22132;67;2020-10-22;1978;22095
22133;67;2020-10-23;1960;24055
22134;67;2020-10-24;1276;25331
22135;67;2020-10-25;134;25465
22136;67;2020-10-26;2848;28313
22137;67;2020-10-27;2360;30673
22138;67;2020-10-28;2338;33011
22139;67;2020-10-29;2110;35121
22140;67;2020-10-30;2394;37515
22141;67;2020-10-31;1272;38787
22142;67;2020-11-01;190;38977
22143;67;2020-11-02;3139;42116
22144;67;2020-11-03;2276;44392
22145;67;2020-11-04;2046;46438
22146;67;2020-11-05;1852;48290
22147;67;2020-11-06;1524;49814
22148;67;2020-11-07;678;50492
22149;67;2020-11-08;68;50560
22150;67;2020-11-09;1680;52240
22151;67;2020-11-10;1134;53374
22152;67;2020-11-11;60;53434
22153;67;2020-11-12;1416;54850
22154;67;2020-11-13;942;55792
22155;67;2020-11-14;460;56252
22156;67;2020-11-15;56;56308
22157;67;2020-11-16;1098;57406
22158;67;2020-11-17;774;58180
22159;67;2020-11-18;668;58848
22160;67;2020-11-19;592;59440
22161;67;2020-11-20;684;60124
22162;67;2020-11-21;324;60448
22163;67;2020-11-22;60;60508
22164;67;2020-11-23;632;61140
22165;67;2020-11-24;504;61644
22166;67;2020-11-25;406;62050
22167;67;2020-11-26;410;62460
22168;67;2020-11-27;374;62834
22169;67;2020-11-28;204;63038
22170;67;2020-11-29;36;63074
22171;67;2020-11-30;528;63602
22172;67;2020-12-01;464;64066
22173;67;2020-12-02;484;64550
22174;67;2020-12-03;452;65002
22175;67;2020-12-04;416;65418
22176;67;2020-12-05;252;65670
22177;67;2020-12-06;48;65718
22178;67;2020-12-07;582;66300
22179;67;2020-12-08;452;66752
22180;67;2020-12-09;404;67156
22181;67;2020-12-10;402;67558
22182;67;2020-12-11;502;68060
22183;67;2020-12-12;312;68372
22184;67;2020-12-13;50;68422
22185;67;2020-12-14;720;69142
22186;67;2020-12-15;556;69698
22187;67;2020-12-16;506;70204
22188;67;2020-12-17;706;70910
22189;67;2020-12-18;594;71504
22190;67;2020-12-19;510;72014
22191;67;2020-12-20;70;72084
22192;67;2020-12-21;850;72934
22193;67;2020-12-22;672;73606
22194;67;2020-12-23;754;74360
22195;67;2020-12-24;508;74868
22196;67;2020-12-25;60;74928
22197;67;2020-12-26;120;75048
22198;67;2020-12-27;88;75136
22199;67;2020-12-28;1234;76370
22200;67;2020-12-29;906;77276
22201;67;2020-12-30;906;78182
22202;67;2020-12-31;626;78808
22203;67;2021-01-01;42;78850
22204;67;2021-01-02;722;79572
22205;67;2021-01-03;84;79656
22206;67;2021-01-04;1106;80762
22207;67;2021-01-05;820;81582
22208;67;2021-01-06;546;82128
22209;67;2021-01-07;656;82784
22210;67;2021-01-08;780;83564
22211;67;2021-01-09;448;84012
22212;67;2021-01-10;104;84116
22213;67;2021-01-11;1148;85264
22214;67;2021-01-12;750;86014
22215;67;2021-01-13;654;86668
22216;67;2021-01-14;726;87394
22217;67;2021-01-15;686;88080
22218;67;2021-01-16;530;88610
22219;67;2021-01-17;82;88692
22220;67;2021-01-18;1014;89706
22221;67;2021-01-19;842;90548
22222;67;2021-01-20;834;91382
22223;67;2021-01-21;812;92194
22224;67;2021-01-22;852;93046
22225;67;2021-01-23;544;93590
22226;67;2021-01-24;76;93666
22227;67;2021-01-25;1158;94824
22228;67;2021-01-26;828;95652
22229;67;2021-01-27;812;96464
22230;67;2021-01-28;896;97360
22231;67;2021-01-29;868;98228
22232;67;2021-01-30;486;98714
22233;67;2021-01-31;84;98798
22234;67;2021-02-01;1194;99992
22235;67;2021-02-02;714;100706
22236;67;2021-02-03;630;101336
22237;67;2021-02-04;610;101946
22238;67;2021-02-05;684;102630
22239;67;2021-02-06;414;103044
22240;67;2021-02-07;62;103106
22241;67;2021-02-08;924;104030
22242;67;2021-02-09;626;104656
22243;67;2021-02-10;558;105214
22244;67;2021-02-11;516;105730
22245;67;2021-02-12;586;106316
22246;67;2021-02-13;368;106684
22247;67;2021-02-14;54;106738
22248;67;2021-02-15;868;107606
22249;67;2021-02-16;646;108252
22250;67;2021-02-17;594;108846
22251;67;2021-02-18;570;109416
22252;67;2021-02-19;640;110056
22253;67;2021-02-20;414;110470
22254;67;2021-02-21;60;110530
22255;67;2021-02-22;912;111442
22256;67;2021-02-23;627;112069
22257;67;2021-02-24;582;112651
22258;67;2021-02-25;531;113182
22259;67;2021-02-26;672;113854
22260;67;2021-02-27;384;114238
22261;67;2021-02-28;54;114292
22262;67;2021-03-01;929;115221
22263;67;2021-03-02;676;115897
22264;67;2021-03-03;674;116571
22265;67;2021-03-04;648;117219
22266;67;2021-03-05;678;117897
22267;67;2021-03-06;486;118383
22268;67;2021-03-07;58;118441
22269;67;2021-03-08;970;119411
22270;67;2021-03-09;676;120087
22271;67;2021-03-10;848;120935
22272;67;2021-03-11;812;121747
22273;67;2021-03-12;788;122535
22274;67;2021-03-13;590;123125
22275;67;2021-03-14;70;123195
22276;67;2021-03-15;1214;124409
22277;67;2021-03-16;880;125289
22278;67;2021-03-17;916;126205
22279;67;2021-03-18;896;127101
22280;67;2021-03-19;876;127977
22281;67;2021-03-20;544;128521
22282;67;2021-03-21;104;128625
22283;67;2021-03-22;1430;130055
22284;67;2021-03-23;1036;131091
22285;67;2021-03-24;926;132017
22286;67;2021-03-25;914;132931
22287;67;2021-03-26;1106;134037
22288;67;2021-03-27;732;134769
22289;67;2021-03-28;82;134851
22290;67;2021-03-29;1530;136381
22291;67;2021-03-30;1204;137585
22292;67;2021-03-31;1104;138689
22293;67;2021-04-01;1170;139859
22294;67;2021-04-02;98;139957
22295;67;2021-04-03;1118;141075
22296;67;2021-04-04;110;141185
22297;67;2021-04-05;150;141335
22298;67;2021-04-06;2002;143337
22299;67;2021-04-07;1324;144661
22300;67;2021-04-08;1262;145923
22301;67;2021-04-09;1302;147225
22302;67;2021-04-10;914;148139
22303;67;2021-04-11;104;148243
22304;67;2021-04-12;1634;149877
22305;67;2021-04-13;1070;150947
22306;67;2021-04-14;1052;151999
22307;67;2021-04-15;1044;153043
22308;68;2020-05-13;28;28
22309;68;2020-05-14;33;61
22310;68;2020-05-15;30;91
22311;68;2020-05-16;32;123
22312;68;2020-05-17;2;125
22313;68;2020-05-18;26;151
22314;68;2020-05-19;36;187
22315;68;2020-05-20;62;249
22316;68;2020-05-21;12;261
22317;68;2020-05-22;20;281
22318;68;2020-05-23;8;289
22319;68;2020-05-24;8;297
22320;68;2020-05-25;26;323
22321;68;2020-05-26;38;361
22322;68;2020-05-27;20;381
22323;68;2020-05-28;30;411
22324;68;2020-05-29;22;433
22325;68;2020-05-30;14;447
22326;68;2020-05-31;4;451
22327;68;2020-06-01;2;453
22328;68;2020-06-02;28;481
22329;68;2020-06-03;26;507
22330;68;2020-06-04;10;517
22331;68;2020-06-05;2;519
22332;68;2020-06-06;0;519
22333;68;2020-06-07;4;523
22334;68;2020-06-08;0;523
22335;68;2020-06-09;14;537
22336;68;2020-06-10;14;551
22337;68;2020-06-11;10;561
22338;68;2020-06-12;4;565
22339;68;2020-06-13;6;571
22340;68;2020-06-14;4;575
22341;68;2020-06-15;14;589
22342;68;2020-06-16;18;607
22343;68;2020-06-17;18;625
22344;68;2020-06-18;8;633
22345;68;2020-06-19;6;639
22346;68;2020-06-20;8;647
22347;68;2020-06-21;2;649
22348;68;2020-06-22;20;669
22349;68;2020-06-23;14;683
22350;68;2020-06-24;24;707
22351;68;2020-06-25;16;723
22352;68;2020-06-26;10;733
22353;68;2020-06-27;6;739
22354;68;2020-06-28;6;745
22355;68;2020-06-29;12;757
22356;68;2020-06-30;14;771
22357;68;2020-07-01;14;785
22358;68;2020-07-02;8;793
22359;68;2020-07-03;16;809
22360;68;2020-07-04;6;815
22361;68;2020-07-05;4;819
22362;68;2020-07-06;12;831
22363;68;2020-07-07;2;833
22364;68;2020-07-08;14;847
22365;68;2020-07-09;10;857
22366;68;2020-07-10;14;871
22367;68;2020-07-11;2;873
22368;68;2020-07-12;0;873
22369;68;2020-07-13;16;889
22370;68;2020-07-14;2;891
22371;68;2020-07-15;46;937
22372;68;2020-07-16;48;985
22373;68;2020-07-17;80;1065
22374;68;2020-07-18;6;1071
22375;68;2020-07-19;2;1073
22376;68;2020-07-20;26;1099
22377;68;2020-07-21;36;1135
22378;68;2020-07-22;10;1145
22379;68;2020-07-23;26;1171
22380;68;2020-07-24;14;1185
22381;68;2020-07-25;12;1197
22382;68;2020-07-26;2;1199
22383;68;2020-07-27;36;1235
22384;68;2020-07-28;16;1251
22385;68;2020-07-29;18;1269
22386;68;2020-07-30;12;1281
22387;68;2020-07-31;58;1339
22388;68;2020-08-01;12;1351
22389;68;2020-08-02;2;1353
22390;68;2020-08-03;32;1385
22391;68;2020-08-04;16;1401
22392;68;2020-08-05;14;1415
22393;68;2020-08-06;40;1455
22394;68;2020-08-07;20;1475
22395;68;2020-08-08;22;1497
22396;68;2020-08-09;0;1497
22397;68;2020-08-10;20;1517
22398;68;2020-08-11;26;1543
22399;68;2020-08-12;28;1571
22400;68;2020-08-13;26;1597
22401;68;2020-08-14;64;1661
22402;68;2020-08-15;14;1675
22403;68;2020-08-16;2;1677
22404;68;2020-08-17;50;1727
22405;68;2020-08-18;44;1771
22406;68;2020-08-19;44;1815
22407;68;2020-08-20;48;1863
22408;68;2020-08-21;38;1901
22409;68;2020-08-22;30;1931
22410;68;2020-08-23;16;1947
22411;68;2020-08-24;68;2015
22412;68;2020-08-25;60;2075
22413;68;2020-08-26;51;2126
22414;68;2020-08-27;54;2180
22415;68;2020-08-28;63;2243
22416;68;2020-08-29;14;2257
22417;68;2020-08-30;20;2277
22418;68;2020-08-31;82;2359
22419;68;2020-09-01;64;2423
22420;68;2020-09-02;114;2537
22421;68;2020-09-03;64;2601
22422;68;2020-09-04;78;2679
22423;68;2020-09-05;24;2703
22424;68;2020-09-06;6;2709
22425;68;2020-09-07;114;2823
22426;68;2020-09-08;106;2929
22427;68;2020-09-09;74;3003
22428;68;2020-09-10;138;3141
22429;68;2020-09-11;130;3271
22430;68;2020-09-12;26;3297
22431;68;2020-09-13;10;3307
22432;68;2020-09-14;130;3437
22433;68;2020-09-15;84;3521
22434;68;2020-09-16;98;3619
22435;68;2020-09-17;90;3709
22436;68;2020-09-18;114;3823
22437;68;2020-09-19;38;3861
22438;68;2020-09-20;6;3867
22439;68;2020-09-21;74;3941
22440;68;2020-09-22;60;4001
22441;68;2020-09-23;66;4067
22442;68;2020-09-24;116;4183
22443;68;2020-09-25;92;4275
22444;68;2020-09-26;26;4301
22445;68;2020-09-27;8;4309
22446;68;2020-09-28;90;4399
22447;68;2020-09-29;52;4451
22448;68;2020-09-30;88;4539
22449;68;2020-10-01;88;4627
22450;68;2020-10-02;112;4739
22451;68;2020-10-03;34;4773
22452;68;2020-10-04;8;4781
22453;68;2020-10-05;182;4963
22454;68;2020-10-06;142;5105
22455;68;2020-10-07;202;5307
22456;68;2020-10-08;180;5487
22457;68;2020-10-09;206;5693
22458;68;2020-10-10;106;5799
22459;68;2020-10-11;18;5817
22460;68;2020-10-12;424;6241
22461;68;2020-10-13;252;6493
22462;68;2020-10-14;370;6863
22463;68;2020-10-15;342;7205
22464;68;2020-10-16;296;7501
22465;68;2020-10-17;124;7625
22466;68;2020-10-18;12;7637
22467;68;2020-10-19;580;8217
22468;68;2020-10-20;580;8797
22469;68;2020-10-21;476;9273
22470;68;2020-10-22;722;9995
22471;68;2020-10-23;698;10693
22472;68;2020-10-24;353;11046
22473;68;2020-10-25;42;11088
22474;68;2020-10-26;1182;12270
22475;68;2020-10-27;972;13242
22476;68;2020-10-28;976;14218
22477;68;2020-10-29;1056;15274
22478;68;2020-10-30;1118;16392
22479;68;2020-10-31;612;17004
22480;68;2020-11-01;56;17060
22481;68;2020-11-02;1843;18903
22482;68;2020-11-03;1198;20101
22483;68;2020-11-04;1046;21147
22484;68;2020-11-05;1128;22275
22485;68;2020-11-06;1096;23371
22486;68;2020-11-07;456;23827
22487;68;2020-11-08;58;23885
22488;68;2020-11-09;1212;25097
22489;68;2020-11-10;800;25897
22490;68;2020-11-11;28;25925
22491;68;2020-11-12;1010;26935
22492;68;2020-11-13;594;27529
22493;68;2020-11-14;316;27845
22494;68;2020-11-15;30;27875
22495;68;2020-11-16;742;28617
22496;68;2020-11-17;534;29151
22497;68;2020-11-18;500;29651
22498;68;2020-11-19;498;30149
22499;68;2020-11-20;452;30601
22500;68;2020-11-21;236;30837
22501;68;2020-11-22;18;30855
22502;68;2020-11-23;446;31301
22503;68;2020-11-24;414;31715
22504;68;2020-11-25;364;32079
22505;68;2020-11-26;360;32439
22506;68;2020-11-27;394;32833
22507;68;2020-11-28;172;33005
22508;68;2020-11-29;56;33061
22509;68;2020-11-30;434;33495
22510;68;2020-12-01;386;33881
22511;68;2020-12-02;296;34177
22512;68;2020-12-03;384;34561
22513;68;2020-12-04;398;34959
22514;68;2020-12-05;224;35183
22515;68;2020-12-06;44;35227
22516;68;2020-12-07;634;35861
22517;68;2020-12-08;434;36295
22518;68;2020-12-09;394;36689
22519;68;2020-12-10;392;37081
22520;68;2020-12-11;382;37463
22521;68;2020-12-12;308;37771
22522;68;2020-12-13;48;37819
22523;68;2020-12-14;626;38445
22524;68;2020-12-15;520;38965
22525;68;2020-12-16;462;39427
22526;68;2020-12-17;490;39917
22527;68;2020-12-18;524;40441
22528;68;2020-12-19;342;40783
22529;68;2020-12-20;46;40829
22530;68;2020-12-21;730;41559
22531;68;2020-12-22;702;42261
22532;68;2020-12-23;588;42849
22533;68;2020-12-24;404;43253
22534;68;2020-12-25;52;43305
22535;68;2020-12-26;156;43461
22536;68;2020-12-27;72;43533
22537;68;2020-12-28;892;44425
22538;68;2020-12-29;706;45131
22539;68;2020-12-30;692;45823
22540;68;2020-12-31;512;46335
22541;68;2021-01-01;52;46387
22542;68;2021-01-02;530;46917
22543;68;2021-01-03;56;46973
22544;68;2021-01-04;985;47958
22545;68;2021-01-05;672;48630
22546;68;2021-01-06;506;49136
22547;68;2021-01-07;498;49634
22548;68;2021-01-08;604;50238
22549;68;2021-01-09;328;50566
22550;68;2021-01-10;42;50608
22551;68;2021-01-11;646;51254
22552;68;2021-01-12;448;51702
22553;68;2021-01-13;460;52162
22554;68;2021-01-14;384;52546
22555;68;2021-01-15;416;52962
22556;68;2021-01-16;274;53236
22557;68;2021-01-17;76;53312
22558;68;2021-01-18;876;54188
22559;68;2021-01-19;540;54728
22560;68;2021-01-20;559;55287
22561;68;2021-01-21;564;55851
22562;68;2021-01-22;466;56317
22563;68;2021-01-23;306;56623
22564;68;2021-01-24;44;56667
22565;68;2021-01-25;732;57399
22566;68;2021-01-26;516;57915
22567;68;2021-01-27;414;58329
22568;68;2021-01-28;484;58813
22569;68;2021-01-29;500;59313
22570;68;2021-01-30;300;59613
22571;68;2021-01-31;28;59641
22572;68;2021-02-01;710;60351
22573;68;2021-02-02;494;60845
22574;68;2021-02-03;462;61307
22575;68;2021-02-04;334;61641
22576;68;2021-02-05;454;62095
22577;68;2021-02-06;274;62369
22578;68;2021-02-07;28;62397
22579;68;2021-02-08;576;62973
22580;68;2021-02-09;392;63365
22581;68;2021-02-10;310;63675
22582;68;2021-02-11;296;63971
22583;68;2021-02-12;332;64303
22584;68;2021-02-13;184;64487
22585;68;2021-02-14;24;64511
22586;68;2021-02-15;490;65001
22587;68;2021-02-16;308;65309
22588;68;2021-02-17;346;65655
22589;68;2021-02-18;262;65917
22590;68;2021-02-19;216;66133
22591;68;2021-02-20;140;66273
22592;68;2021-02-21;22;66295
22593;68;2021-02-22;346;66641
22594;68;2021-02-23;242;66883
22595;68;2021-02-24;294;67177
22596;68;2021-02-25;210;67387
22597;68;2021-02-26;306;67693
22598;68;2021-02-27;180;67873
22599;68;2021-02-28;42;67915
22600;68;2021-03-01;374;68289
22601;68;2021-03-02;294;68583
22602;68;2021-03-03;260;68843
22603;68;2021-03-04;212;69055
22604;68;2021-03-05;316;69371
22605;68;2021-03-06;210;69581
22606;68;2021-03-07;22;69603
22607;68;2021-03-08;492;70095
22608;68;2021-03-09;364;70459
22609;68;2021-03-10;284;70743
22610;68;2021-03-11;318;71061
22611;68;2021-03-12;316;71377
22612;68;2021-03-13;242;71619
22613;68;2021-03-14;32;71651
22614;68;2021-03-15;632;72283
22615;68;2021-03-16;418;72701
22616;68;2021-03-17;390;73091
22617;68;2021-03-18;396;73487
22618;68;2021-03-19;424;73911
22619;68;2021-03-20;254;74165
22620;68;2021-03-21;30;74195
22621;68;2021-03-22;492;74687
22622;68;2021-03-23;476;75163
22623;68;2021-03-24;500;75663
22624;68;2021-03-25;504;76167
22625;68;2021-03-26;492;76659
22626;68;2021-03-27;402;77061
22627;68;2021-03-28;40;77101
22628;68;2021-03-29;874;77975
22629;68;2021-03-30;564;78539
22630;68;2021-03-31;498;79037
22631;68;2021-04-01;632;79669
22632;68;2021-04-02;94;79763
22633;68;2021-04-03;548;80311
22634;68;2021-04-04;64;80375
22635;68;2021-04-05;102;80477
22636;68;2021-04-06;899;81376
22637;68;2021-04-07;662;82038
22638;68;2021-04-08;725;82763
22639;68;2021-04-09;662;83425
22640;68;2021-04-10;430;83855
22641;68;2021-04-11;44;83899
22642;68;2021-04-12;778;84677
22643;68;2021-04-13;628;85305
22644;68;2021-04-14;492;85797
22645;68;2021-04-15;502;86299
22646;69;2020-05-13;39;39
22647;69;2020-05-14;82;121
22648;69;2020-05-15;52;173
22649;69;2020-05-16;24;197
22650;69;2020-05-17;16;213
22651;69;2020-05-18;62;275
22652;69;2020-05-19;64;339
22653;69;2020-05-20;50;389
22654;69;2020-05-21;6;395
22655;69;2020-05-22;48;443
22656;69;2020-05-23;24;467
22657;69;2020-05-24;2;469
22658;69;2020-05-25;34;503
22659;69;2020-05-26;38;541
22660;69;2020-05-27;44;585
22661;69;2020-05-28;46;631
22662;69;2020-05-29;12;643
22663;69;2020-05-30;14;657
22664;69;2020-05-31;2;659
22665;69;2020-06-01;4;663
22666;69;2020-06-02;36;699
22667;69;2020-06-03;34;733
22668;69;2020-06-04;32;765
22669;69;2020-06-05;22;787
22670;69;2020-06-06;14;801
22671;69;2020-06-07;4;805
22672;69;2020-06-08;16;821
22673;69;2020-06-09;20;841
22674;69;2020-06-10;16;857
22675;69;2020-06-11;14;871
22676;69;2020-06-12;36;907
22677;69;2020-06-13;6;913
22678;69;2020-06-14;10;923
22679;69;2020-06-15;38;961
22680;69;2020-06-16;16;977
22681;69;2020-06-17;36;1013
22682;69;2020-06-18;10;1023
22683;69;2020-06-19;36;1059
22684;69;2020-06-20;30;1089
22685;69;2020-06-21;0;1089
22686;69;2020-06-22;26;1115
22687;69;2020-06-23;24;1139
22688;69;2020-06-24;62;1201
22689;69;2020-06-25;38;1239
22690;69;2020-06-26;38;1277
22691;69;2020-06-27;22;1299
22692;69;2020-06-28;6;1305
22693;69;2020-06-29;34;1339
22694;69;2020-06-30;30;1369
22695;69;2020-07-01;36;1405
22696;69;2020-07-02;56;1461
22697;69;2020-07-03;36;1497
22698;69;2020-07-04;6;1503
22699;69;2020-07-05;4;1507
22700;69;2020-07-06;24;1531
22701;69;2020-07-07;32;1563
22702;69;2020-07-08;58;1621
22703;69;2020-07-09;50;1671
22704;69;2020-07-10;74;1745
22705;69;2020-07-11;16;1761
22706;69;2020-07-12;6;1767
22707;69;2020-07-13;54;1821
22708;69;2020-07-14;8;1829
22709;69;2020-07-15;24;1853
22710;69;2020-07-16;46;1899
22711;69;2020-07-17;60;1959
22712;69;2020-07-18;18;1977
22713;69;2020-07-19;10;1987
22714;69;2020-07-20;32;2019
22715;69;2020-07-21;62;2081
22716;69;2020-07-22;52;2133
22717;69;2020-07-23;42;2175
22718;69;2020-07-24;114;2289
22719;69;2020-07-25;50;2339
22720;69;2020-07-26;50;2389
22721;69;2020-07-27;54;2443
22722;69;2020-07-28;38;2481
22723;69;2020-07-29;60;2541
22724;69;2020-07-30;66;2607
22725;69;2020-07-31;62;2669
22726;69;2020-08-01;16;2685
22727;69;2020-08-02;6;2691
22728;69;2020-08-03;66;2757
22729;69;2020-08-04;82;2839
22730;69;2020-08-05;98;2937
22731;69;2020-08-06;68;3005
22732;69;2020-08-07;126;3131
22733;69;2020-08-08;34;3165
22734;69;2020-08-09;12;3177
22735;69;2020-08-10;162;3339
22736;69;2020-08-11;164;3503
22737;69;2020-08-12;194;3697
22738;69;2020-08-13;238;3935
22739;69;2020-08-14;272;4207
22740;69;2020-08-15;52;4259
22741;69;2020-08-16;38;4297
22742;69;2020-08-17;432;4729
22743;69;2020-08-18;326;5055
22744;69;2020-08-19;402;5457
22745;69;2020-08-20;528;5985
22746;69;2020-08-21;560;6545
22747;69;2020-08-22;116;6661
22748;69;2020-08-23;92;6753
22749;69;2020-08-24;580;7333
22750;69;2020-08-25;590;7923
22751;69;2020-08-26;638;8561
22752;69;2020-08-27;682;9243
22753;69;2020-08-28;682;9925
22754;69;2020-08-29;234;10159
22755;69;2020-08-30;114;10273
22756;69;2020-08-31;994;11267
22757;69;2020-09-01;960;12227
22758;69;2020-09-02;854;13081
22759;69;2020-09-03;1040;14121
22760;69;2020-09-04;986;15107
22761;69;2020-09-05;310;15417
22762;69;2020-09-06;82;15499
22763;69;2020-09-07;1306;16805
22764;69;2020-09-08;1442;18247
22765;69;2020-09-09;1325;19572
22766;69;2020-09-10;1240;20812
22767;69;2020-09-11;1136;21948
22768;69;2020-09-12;422;22370
22769;69;2020-09-13;108;22478
22770;69;2020-09-14;1526;24004
22771;69;2020-09-15;1472;25476
22772;69;2020-09-16;1525;27001
22773;69;2020-09-17;1518;28519
22774;69;2020-09-18;1312;29831
22775;69;2020-09-19;416;30247
22776;69;2020-09-20;116;30363
22777;69;2020-09-21;1846;32209
22778;69;2020-09-22;1722;33931
22779;69;2020-09-23;1386;35317
22780;69;2020-09-24;1508;36825
22781;69;2020-09-25;1406;38231
22782;69;2020-09-26;328;38559
22783;69;2020-09-27;76;38635
22784;69;2020-09-28;1506;40141
22785;69;2020-09-29;1380;41521
22786;69;2020-09-30;1464;42985
22787;69;2020-10-01;1440;44425
22788;69;2020-10-02;1658;46083
22789;69;2020-10-03;374;46457
22790;69;2020-10-04;110;46567
22791;69;2020-10-05;2374;48941
22792;69;2020-10-06;2294;51235
22793;69;2020-10-07;2246;53481
22794;69;2020-10-08;2620;56101
22795;69;2020-10-09;2854;58955
22796;69;2020-10-10;736;59691
22797;69;2020-10-11;194;59885
22798;69;2020-10-12;3901;63786
22799;69;2020-10-13;3698;67484
22800;69;2020-10-14;3646;71130
22801;69;2020-10-15;4176;75306
22802;69;2020-10-16;4476;79782
22803;69;2020-10-17;1232;81014
22804;69;2020-10-18;268;81282
22805;69;2020-10-19;5732;87014
22806;69;2020-10-20;5253;92267
22807;69;2020-10-21;5484;97751
22808;69;2020-10-22;5864;103615
22809;69;2020-10-23;5988;109603
22810;69;2020-10-24;2618;112221
22811;69;2020-10-25;398;112619
22812;69;2020-10-26;7274;119893
22813;69;2020-10-27;6404;126297
22814;69;2020-10-28;5636;131933
22815;69;2020-10-29;5566;137499
22816;69;2020-10-30;6135;143634
22817;69;2020-10-31;2730;146364
22818;69;2020-11-01;412;146776
22819;69;2020-11-02;7746;154522
22820;69;2020-11-03;6746;161268
22821;69;2020-11-04;5816;167084
22822;69;2020-11-05;5038;172122
22823;69;2020-11-06;5206;177328
22824;69;2020-11-07;1820;179148
22825;69;2020-11-08;316;179464
22826;69;2020-11-09;5156;184620
22827;69;2020-11-10;2996;187616
22828;69;2020-11-11;390;188006
22829;69;2020-11-12;2768;190774
22830;69;2020-11-13;2622;193396
22831;69;2020-11-14;926;194322
22832;69;2020-11-15;196;194518
22833;69;2020-11-16;2714;197232
22834;69;2020-11-17;1728;198960
22835;69;2020-11-18;1402;200362
22836;69;2020-11-19;1194;201556
22837;69;2020-11-20;1162;202718
22838;69;2020-11-21;486;203204
22839;69;2020-11-22;102;203306
22840;69;2020-11-23;1346;204652
22841;69;2020-11-24;960;205612
22842;69;2020-11-25;1038;206650
22843;69;2020-11-26;952;207602
22844;69;2020-11-27;1112;208714
22845;69;2020-11-28;504;209218
22846;69;2020-11-29;118;209336
22847;69;2020-11-30;1306;210642
22848;69;2020-12-01;1028;211670
22849;69;2020-12-02;1010;212680
22850;69;2020-12-03;968;213648
22851;69;2020-12-04;1150;214798
22852;69;2020-12-05;534;215332
22853;69;2020-12-06;148;215480
22854;69;2020-12-07;1426;216906
22855;69;2020-12-08;1102;218008
22856;69;2020-12-09;1061;219069
22857;69;2020-12-10;1018;220087
22858;69;2020-12-11;1168;221255
22859;69;2020-12-12;630;221885
22860;69;2020-12-13;98;221983
22861;69;2020-12-14;1648;223631
22862;69;2020-12-15;1304;224935
22863;69;2020-12-16;1206;226141
22864;69;2020-12-17;1360;227501
22865;69;2020-12-18;1760;229261
22866;69;2020-12-19;1071;230332
22867;69;2020-12-20;630;230962
22868;69;2020-12-21;1624;232586
22869;69;2020-12-22;1204;233790
22870;69;2020-12-23;1282;235072
22871;69;2020-12-24;844;235916
22872;69;2020-12-25;84;236000
22873;69;2020-12-26;608;236608
22874;69;2020-12-27;142;236750
22875;69;2020-12-28;1552;238302
22876;69;2020-12-29;1498;239800
22877;69;2020-12-30;1212;241012
22878;69;2020-12-31;1059;242071
22879;69;2021-01-01;76;242147
22880;69;2021-01-02;670;242817
22881;69;2021-01-03;140;242957
22882;69;2021-01-04;2220;245177
22883;69;2021-01-05;1554;246731
22884;69;2021-01-06;1322;248053
22885;69;2021-01-07;1300;249353
22886;69;2021-01-08;1306;250659
22887;69;2021-01-09;642;251301
22888;69;2021-01-10;138;251439
22889;69;2021-01-11;1752;253191
22890;69;2021-01-12;1388;254579
22891;69;2021-01-13;1292;255871
22892;69;2021-01-14;1268;257139
22893;69;2021-01-15;1428;258567
22894;69;2021-01-16;736;259303
22895;69;2021-01-17;164;259467
22896;69;2021-01-18;2000;261467
22897;69;2021-01-19;1496;262963
22898;69;2021-01-20;1384;264347
22899;69;2021-01-21;1392;265739
22900;69;2021-01-22;1554;267293
22901;69;2021-01-23;736;268029
22902;69;2021-01-24;150;268179
22903;69;2021-01-25;2166;270345
22904;69;2021-01-26;1396;271741
22905;69;2021-01-27;1386;273127
22906;69;2021-01-28;1388;274515
22907;69;2021-01-29;1496;276011
22908;69;2021-01-30;650;276661
22909;69;2021-01-31;150;276811
22910;69;2021-02-01;2082;278893
22911;69;2021-02-02;1491;280384
22912;69;2021-02-03;1494;281878
22913;69;2021-02-04;1354;283232
22914;69;2021-02-05;1476;284708
22915;69;2021-02-06;842;285550
22916;69;2021-02-07;136;285686
22917;69;2021-02-08;1948;287634
22918;69;2021-02-09;1326;288960
22919;69;2021-02-10;1204;290164
22920;69;2021-02-11;1298;291462
22921;69;2021-02-12;1306;292768
22922;69;2021-02-13;638;293406
22923;69;2021-02-14;156;293562
22924;69;2021-02-15;1766;295328
22925;69;2021-02-16;1360;296688
22926;69;2021-02-17;1398;298086
22927;69;2021-02-18;1362;299448
22928;69;2021-02-19;1494;300942
22929;69;2021-02-20;800;301742
22930;69;2021-02-21;188;301930
22931;69;2021-02-22;1974;303904
22932;69;2021-02-23;1534;305438
22933;69;2021-02-24;1498;306936
22934;69;2021-02-25;1422;308358
22935;69;2021-02-26;1476;309834
22936;69;2021-02-27;798;310632
22937;69;2021-02-28;184;310816
22938;69;2021-03-01;1972;312788
22939;69;2021-03-02;1410;314198
22940;69;2021-03-03;1396;315594
22941;69;2021-03-04;1514;317108
22942;69;2021-03-05;1450;318558
22943;69;2021-03-06;920;319478
22944;69;2021-03-07;198;319676
22945;69;2021-03-08;2116;321792
22946;69;2021-03-09;1690;323482
22947;69;2021-03-10;1844;325326
22948;69;2021-03-11;2048;327374
22949;69;2021-03-12;2172;329546
22950;69;2021-03-13;1328;330874
22951;69;2021-03-14;334;331208
22952;69;2021-03-15;2860;334068
22953;69;2021-03-16;2280;336348
22954;69;2021-03-17;2308;338656
22955;69;2021-03-18;2394;341050
22956;69;2021-03-19;2658;343708
22957;69;2021-03-20;1662;345370
22958;69;2021-03-21;390;345760
22959;69;2021-03-22;3865;349625
22960;69;2021-03-23;3072;352697
22961;69;2021-03-24;3162;355859
22962;69;2021-03-25;3226;359085
22963;69;2021-03-26;3222;362307
22964;69;2021-03-27;1886;364193
22965;69;2021-03-28;376;364569
22966;69;2021-03-29;4705;369274
22967;69;2021-03-30;3558;372832
22968;69;2021-03-31;3310;376142
22969;69;2021-04-01;3442;379584
22970;69;2021-04-02;3364;382948
22971;69;2021-04-03;2042;384990
22972;69;2021-04-04;356;385346
22973;69;2021-04-05;959;386305
22974;69;2021-04-06;4328;390633
22975;69;2021-04-07;3275;393908
22976;69;2021-04-08;2979;396887
22977;69;2021-04-09;2874;399761
22978;69;2021-04-10;1760;401521
22979;69;2021-04-11;356;401877
22980;69;2021-04-12;3859;405736
22981;69;2021-04-13;2656;408392
22982;69;2021-04-14;2516;410908
22983;69;2021-04-15;2440;413348
22984;70;2020-05-13;2;2
22985;70;2020-05-14;10;12
22986;70;2020-05-15;4;16
22987;70;2020-05-16;0;16
22988;70;2020-05-17;0;16
22989;70;2020-05-18;2;18
22990;70;2020-05-19;2;20
22991;70;2020-05-20;2;22
22992;70;2020-05-21;0;22
22993;70;2020-05-22;2;24
22994;70;2020-05-23;0;24
22995;70;2020-05-24;0;24
22996;70;2020-05-25;0;24
22997;70;2020-05-26;0;24
22998;70;2020-05-27;2;26
22999;70;2020-05-28;4;30
23000;70;2020-05-29;2;32
23001;70;2020-05-30;2;34
23002;70;2020-05-31;0;34
23003;70;2020-06-01;0;34
23004;70;2020-06-02;4;38
23005;70;2020-06-03;6;44
23006;70;2020-06-04;0;44
23007;70;2020-06-05;0;44
23008;70;2020-06-06;2;46
23009;70;2020-06-07;0;46
23010;70;2020-06-08;0;46
23011;70;2020-06-09;2;48
23012;70;2020-06-10;2;50
23013;70;2020-06-11;4;54
23014;70;2020-06-12;2;56
23015;70;2020-06-13;0;56
23016;70;2020-06-14;0;56
23017;70;2020-06-15;0;56
23018;70;2020-06-16;0;56
23019;70;2020-06-17;2;58
23020;70;2020-06-18;0;58
23021;70;2020-06-19;2;60
23022;70;2020-06-20;0;60
23023;70;2020-06-21;0;60
23024;70;2020-06-22;0;60
23025;70;2020-06-23;0;60
23026;70;2020-06-24;0;60
23027;70;2020-06-25;0;60
23028;70;2020-06-26;0;60
23029;70;2020-06-27;0;60
23030;70;2020-06-28;0;60
23031;70;2020-06-29;0;60
23032;70;2020-06-30;0;60
23033;70;2020-07-01;0;60
23034;70;2020-07-02;0;60
23035;70;2020-07-03;0;60
23036;70;2020-07-04;0;60
23037;70;2020-07-05;2;62
23038;70;2020-07-06;0;62
23039;70;2020-07-07;2;64
23040;70;2020-07-08;0;64
23041;70;2020-07-09;0;64
23042;70;2020-07-10;0;64
23043;70;2020-07-11;0;64
23044;70;2020-07-12;2;66
23045;70;2020-07-13;0;66
23046;70;2020-07-14;0;66
23047;70;2020-07-15;2;68
23048;70;2020-07-16;0;68
23049;70;2020-07-17;0;68
23050;70;2020-07-18;0;68
23051;70;2020-07-19;0;68
23052;70;2020-07-20;0;68
23053;70;2020-07-21;4;72
23054;70;2020-07-22;0;72
23055;70;2020-07-23;0;72
23056;70;2020-07-24;6;78
23057;70;2020-07-25;0;78
23058;70;2020-07-26;0;78
23059;70;2020-07-27;2;80
23060;70;2020-07-28;0;80
23061;70;2020-07-29;2;82
23062;70;2020-07-30;4;86
23063;70;2020-07-31;6;92
23064;70;2020-08-01;2;94
23065;70;2020-08-02;0;94
23066;70;2020-08-03;10;104
23067;70;2020-08-04;8;112
23068;70;2020-08-05;4;116
23069;70;2020-08-06;8;124
23070;70;2020-08-07;20;144
23071;70;2020-08-08;6;150
23072;70;2020-08-09;0;150
23073;70;2020-08-10;16;166
23074;70;2020-08-11;12;178
23075;70;2020-08-12;2;180
23076;70;2020-08-13;6;186
23077;70;2020-08-14;14;200
23078;70;2020-08-15;2;202
23079;70;2020-08-16;6;208
23080;70;2020-08-17;20;228
23081;70;2020-08-18;10;238
23082;70;2020-08-19;6;244
23083;70;2020-08-20;8;252
23084;70;2020-08-21;4;256
23085;70;2020-08-22;8;264
23086;70;2020-08-23;0;264
23087;70;2020-08-24;12;276
23088;70;2020-08-25;10;286
23089;70;2020-08-26;0;286
23090;70;2020-08-27;18;304
23091;70;2020-08-28;16;320
23092;70;2020-08-29;18;338
23093;70;2020-08-30;0;338
23094;70;2020-08-31;20;358
23095;70;2020-09-01;16;374
23096;70;2020-09-02;20;394
23097;70;2020-09-03;8;402
23098;70;2020-09-04;20;422
23099;70;2020-09-05;24;446
23100;70;2020-09-06;0;446
23101;70;2020-09-07;20;466
23102;70;2020-09-08;24;490
23103;70;2020-09-09;16;506
23104;70;2020-09-10;16;522
23105;70;2020-09-11;4;526
23106;70;2020-09-12;12;538
23107;70;2020-09-13;6;544
23108;70;2020-09-14;12;556
23109;70;2020-09-15;18;574
23110;70;2020-09-16;12;586
23111;70;2020-09-17;12;598
23112;70;2020-09-18;26;624
23113;70;2020-09-19;6;630
23114;70;2020-09-20;0;630
23115;70;2020-09-21;20;650
23116;70;2020-09-22;20;670
23117;70;2020-09-23;10;680
23118;70;2020-09-24;12;692
23119;70;2020-09-25;18;710
23120;70;2020-09-26;18;728
23121;70;2020-09-27;4;732
23122;70;2020-09-28;24;756
23123;70;2020-09-29;18;774
23124;70;2020-09-30;24;798
23125;70;2020-10-01;24;822
23126;70;2020-10-02;26;848
23127;70;2020-10-03;20;868
23128;70;2020-10-04;6;874
23129;70;2020-10-05;34;908
23130;70;2020-10-06;34;942
23131;70;2020-10-07;48;990
23132;70;2020-10-08;50;1040
23133;70;2020-10-09;36;1076
23134;70;2020-10-10;38;1114
23135;70;2020-10-11;4;1118
23136;70;2020-10-12;88;1206
23137;70;2020-10-13;86;1292
23138;70;2020-10-14;74;1366
23139;70;2020-10-15;90;1456
23140;70;2020-10-16;82;1538
23141;70;2020-10-17;50;1588
23142;70;2020-10-18;2;1590
23143;70;2020-10-19;122;1712
23144;70;2020-10-20;188;1900
23145;70;2020-10-21;182;2082
23146;70;2020-10-22;204;2286
23147;70;2020-10-23;294;2580
23148;70;2020-10-24;136;2716
23149;70;2020-10-25;14;2730
23150;70;2020-10-26;390;3120
23151;70;2020-10-27;292;3412
23152;70;2020-10-28;338;3750
23153;70;2020-10-29;276;4026
23154;70;2020-10-30;378;4404
23155;70;2020-10-31;264;4668
23156;70;2020-11-01;30;4698
23157;70;2020-11-02;488;5186
23158;70;2020-11-03;468;5654
23159;70;2020-11-04;338;5992
23160;70;2020-11-05;424;6416
23161;70;2020-11-06;332;6748
23162;70;2020-11-07;162;6910
23163;70;2020-11-08;34;6944
23164;70;2020-11-09;476;7420
23165;70;2020-11-10;352;7772
23166;70;2020-11-11;10;7782
23167;70;2020-11-12;334;8116
23168;70;2020-11-13;260;8376
23169;70;2020-11-14;86;8462
23170;70;2020-11-15;20;8482
23171;70;2020-11-16;262;8744
23172;70;2020-11-17;244;8988
23173;70;2020-11-18;164;9152
23174;70;2020-11-19;202;9354
23175;70;2020-11-20;160;9514
23176;70;2020-11-21;54;9568
23177;70;2020-11-22;10;9578
23178;70;2020-11-23;140;9718
23179;70;2020-11-24;136;9854
23180;70;2020-11-25;132;9986
23181;70;2020-11-26;162;10148
23182;70;2020-11-27;90;10238
23183;70;2020-11-28;74;10312
23184;70;2020-11-29;14;10326
23185;70;2020-11-30;136;10462
23186;70;2020-12-01;152;10614
23187;70;2020-12-02;184;10798
23188;70;2020-12-03;150;10948
23189;70;2020-12-04;128;11076
23190;70;2020-12-05;60;11136
23191;70;2020-12-06;10;11146
23192;70;2020-12-07;164;11310
23193;70;2020-12-08;124;11434
23194;70;2020-12-09;160;11594
23195;70;2020-12-10;216;11810
23196;70;2020-12-11;136;11946
23197;70;2020-12-12;104;12050
23198;70;2020-12-13;12;12062
23199;70;2020-12-14;248;12310
23200;70;2020-12-15;150;12460
23201;70;2020-12-16;332;12792
23202;70;2020-12-17;232;13024
23203;70;2020-12-18;182;13206
23204;70;2020-12-19;96;13302
23205;70;2020-12-20;10;13312
23206;70;2020-12-21;280;13592
23207;70;2020-12-22;264;13856
23208;70;2020-12-23;236;14092
23209;70;2020-12-24;142;14234
23210;70;2020-12-25;16;14250
23211;70;2020-12-26;178;14428
23212;70;2020-12-27;8;14436
23213;70;2020-12-28;340;14776
23214;70;2020-12-29;234;15010
23215;70;2020-12-30;258;15268
23216;70;2020-12-31;252;15520
23217;70;2021-01-01;10;15530
23218;70;2021-01-02;224;15754
23219;70;2021-01-03;22;15776
23220;70;2021-01-04;316;16092
23221;70;2021-01-05;276;16368
23222;70;2021-01-06;262;16630
23223;70;2021-01-07;200;16830
23224;70;2021-01-08;164;16994
23225;70;2021-01-09;202;17196
23226;70;2021-01-10;10;17206
23227;70;2021-01-11;266;17472
23228;70;2021-01-12;168;17640
23229;70;2021-01-13;180;17820
23230;70;2021-01-14;200;18020
23231;70;2021-01-15;222;18242
23232;70;2021-01-16;144;18386
23233;70;2021-01-17;18;18404
23234;70;2021-01-18;264;18668
23235;70;2021-01-19;184;18852
23236;70;2021-01-20;172;19024
23237;70;2021-01-21;182;19206
23238;70;2021-01-22;198;19404
23239;70;2021-01-23;150;19554
23240;70;2021-01-24;8;19562
23241;70;2021-01-25;296;19858
23242;70;2021-01-26;168;20026
23243;70;2021-01-27;154;20180
23244;70;2021-01-28;180;20360
23245;70;2021-01-29;184;20544
23246;70;2021-01-30;108;20652
23247;70;2021-01-31;16;20668
23248;70;2021-02-01;258;20926
23249;70;2021-02-02;168;21094
23250;70;2021-02-03;130;21224
23251;70;2021-02-04;162;21386
23252;70;2021-02-05;180;21566
23253;70;2021-02-06;120;21686
23254;70;2021-02-07;16;21702
23255;70;2021-02-08;218;21920
23256;70;2021-02-09;118;22038
23257;70;2021-02-10;146;22184
23258;70;2021-02-11;138;22322
23259;70;2021-02-12;124;22446
23260;70;2021-02-13;100;22546
23261;70;2021-02-14;20;22566
23262;70;2021-02-15;168;22734
23263;70;2021-02-16;88;22822
23264;70;2021-02-17;102;22924
23265;70;2021-02-18;158;23082
23266;70;2021-02-19;198;23280
23267;70;2021-02-20;110;23390
23268;70;2021-02-21;6;23396
23269;70;2021-02-22;172;23568
23270;70;2021-02-23;96;23664
23271;70;2021-02-24;118;23782
23272;70;2021-02-25;166;23948
23273;70;2021-02-26;180;24128
23274;70;2021-02-27;86;24214
23275;70;2021-02-28;14;24228
23276;70;2021-03-01;164;24392
23277;70;2021-03-02;148;24540
23278;70;2021-03-03;100;24640
23279;70;2021-03-04;110;24750
23280;70;2021-03-05;116;24866
23281;70;2021-03-06;104;24970
23282;70;2021-03-07;8;24978
23283;70;2021-03-08;128;25106
23284;70;2021-03-09;136;25242
23285;70;2021-03-10;132;25374
23286;70;2021-03-11;120;25494
23287;70;2021-03-12;162;25656
23288;70;2021-03-13;70;25726
23289;70;2021-03-14;10;25736
23290;70;2021-03-15;172;25908
23291;70;2021-03-16;170;26078
23292;70;2021-03-17;150;26228
23293;70;2021-03-18;126;26354
23294;70;2021-03-19;154;26508
23295;70;2021-03-20;98;26606
23296;70;2021-03-21;6;26612
23297;70;2021-03-22;172;26784
23298;70;2021-03-23;160;26944
23299;70;2021-03-24;120;27064
23300;70;2021-03-25;156;27220
23301;70;2021-03-26;214;27434
23302;70;2021-03-27;124;27558
23303;70;2021-03-28;14;27572
23304;70;2021-03-29;236;27808
23305;70;2021-03-30;180;27988
23306;70;2021-03-31;188;28176
23307;70;2021-04-01;146;28322
23308;70;2021-04-02;182;28504
23309;70;2021-04-03;132;28636
23310;70;2021-04-04;10;28646
23311;70;2021-04-05;12;28658
23312;70;2021-04-06;304;28962
23313;70;2021-04-07;238;29200
23314;70;2021-04-08;170;29370
23315;70;2021-04-09;176;29546
23316;70;2021-04-10;132;29678
23317;70;2021-04-11;14;29692
23318;70;2021-04-12;250;29942
23319;70;2021-04-13;186;30128
23320;70;2021-04-14;208;30336
23321;70;2021-04-15;188;30524
23322;71;2020-05-13;9;9
23323;71;2020-05-14;29;38
23324;71;2020-05-15;18;56
23325;71;2020-05-16;6;62
23326;71;2020-05-17;6;68
23327;71;2020-05-18;30;98
23328;71;2020-05-19;8;106
23329;71;2020-05-20;14;120
23330;71;2020-05-21;0;120
23331;71;2020-05-22;14;134
23332;71;2020-05-23;6;140
23333;71;2020-05-24;0;140
23334;71;2020-05-25;24;164
23335;71;2020-05-26;4;168
23336;71;2020-05-27;2;170
23337;71;2020-05-28;2;172
23338;71;2020-05-29;2;174
23339;71;2020-05-30;2;176
23340;71;2020-05-31;2;178
23341;71;2020-06-01;2;180
23342;71;2020-06-02;6;186
23343;71;2020-06-03;4;190
23344;71;2020-06-04;0;190
23345;71;2020-06-05;8;198
23346;71;2020-06-06;0;198
23347;71;2020-06-07;0;198
23348;71;2020-06-08;4;202
23349;71;2020-06-09;0;202
23350;71;2020-06-10;4;206
23351;71;2020-06-11;0;206
23352;71;2020-06-12;2;208
23353;71;2020-06-13;0;208
23354;71;2020-06-14;2;210
23355;71;2020-06-15;2;212
23356;71;2020-06-16;2;214
23357;71;2020-06-17;0;214
23358;71;2020-06-18;2;216
23359;71;2020-06-19;4;220
23360;71;2020-06-20;0;220
23361;71;2020-06-21;2;222
23362;71;2020-06-22;0;222
23363;71;2020-06-23;0;222
23364;71;2020-06-24;2;224
23365;71;2020-06-25;2;226
23366;71;2020-06-26;2;228
23367;71;2020-06-27;8;236
23368;71;2020-06-28;2;238
23369;71;2020-06-29;6;244
23370;71;2020-06-30;10;254
23371;71;2020-07-01;2;256
23372;71;2020-07-02;6;262
23373;71;2020-07-03;4;266
23374;71;2020-07-04;2;268
23375;71;2020-07-05;0;268
23376;71;2020-07-06;6;274
23377;71;2020-07-07;6;280
23378;71;2020-07-08;10;290
23379;71;2020-07-09;0;290
23380;71;2020-07-10;6;296
23381;71;2020-07-11;0;296
23382;71;2020-07-12;0;296
23383;71;2020-07-13;6;302
23384;71;2020-07-14;0;302
23385;71;2020-07-15;4;306
23386;71;2020-07-16;4;310
23387;71;2020-07-17;2;312
23388;71;2020-07-18;0;312
23389;71;2020-07-19;0;312
23390;71;2020-07-20;0;312
23391;71;2020-07-21;2;314
23392;71;2020-07-22;4;318
23393;71;2020-07-23;2;320
23394;71;2020-07-24;2;322
23395;71;2020-07-25;4;326
23396;71;2020-07-26;2;328
23397;71;2020-07-27;12;340
23398;71;2020-07-28;2;342
23399;71;2020-07-29;4;346
23400;71;2020-07-30;8;354
23401;71;2020-07-31;0;354
23402;71;2020-08-01;2;356
23403;71;2020-08-02;2;358
23404;71;2020-08-03;2;360
23405;71;2020-08-04;4;364
23406;71;2020-08-05;8;372
23407;71;2020-08-06;0;372
23408;71;2020-08-07;6;378
23409;71;2020-08-08;6;384
23410;71;2020-08-09;2;386
23411;71;2020-08-10;12;398
23412;71;2020-08-11;12;410
23413;71;2020-08-12;10;420
23414;71;2020-08-13;20;440
23415;71;2020-08-14;18;458
23416;71;2020-08-15;2;460
23417;71;2020-08-16;10;470
23418;71;2020-08-17;42;512
23419;71;2020-08-18;32;544
23420;71;2020-08-19;46;590
23421;71;2020-08-20;16;606
23422;71;2020-08-21;20;626
23423;71;2020-08-22;10;636
23424;71;2020-08-23;12;648
23425;71;2020-08-24;48;696
23426;71;2020-08-25;42;738
23427;71;2020-08-26;28;766
23428;71;2020-08-27;52;818
23429;71;2020-08-28;34;852
23430;71;2020-08-29;12;864
23431;71;2020-08-30;6;870
23432;71;2020-08-31;68;938
23433;71;2020-09-01;74;1012
23434;71;2020-09-02;68;1080
23435;71;2020-09-03;82;1162
23436;71;2020-09-04;106;1268
23437;71;2020-09-05;56;1324
23438;71;2020-09-06;8;1332
23439;71;2020-09-07;116;1448
23440;71;2020-09-08;82;1530
23441;71;2020-09-09;84;1614
23442;71;2020-09-10;86;1700
23443;71;2020-09-11;154;1854
23444;71;2020-09-12;34;1888
23445;71;2020-09-13;16;1904
23446;71;2020-09-14;174;2078
23447;71;2020-09-15;92;2170
23448;71;2020-09-16;126;2296
23449;71;2020-09-17;166;2462
23450;71;2020-09-18;114;2576
23451;71;2020-09-19;26;2602
23452;71;2020-09-20;16;2618
23453;71;2020-09-21;156;2774
23454;71;2020-09-22;142;2916
23455;71;2020-09-23;109;3025
23456;71;2020-09-24;142;3167
23457;71;2020-09-25;144;3311
23458;71;2020-09-26;50;3361
23459;71;2020-09-27;18;3379
23460;71;2020-09-28;156;3535
23461;71;2020-09-29;136;3671
23462;71;2020-09-30;192;3863
23463;71;2020-10-01;234;4097
23464;71;2020-10-02;296;4393
23465;71;2020-10-03;92;4485
23466;71;2020-10-04;16;4501
23467;71;2020-10-05;350;4851
23468;71;2020-10-06;274;5125
23469;71;2020-10-07;376;5501
23470;71;2020-10-08;340;5841
23471;71;2020-10-09;546;6387
23472;71;2020-10-10;138;6525
23473;71;2020-10-11;16;6541
23474;71;2020-10-12;712;7253
23475;71;2020-10-13;642;7895
23476;71;2020-10-14;598;8493
23477;71;2020-10-15;680;9173
23478;71;2020-10-16;844;10017
23479;71;2020-10-17;242;10259
23480;71;2020-10-18;44;10303
23481;71;2020-10-19;954;11257
23482;71;2020-10-20;978;12235
23483;71;2020-10-21;1158;13393
23484;71;2020-10-22;1262;14655
23485;71;2020-10-23;1340;15995
23486;71;2020-10-24;560;16555
23487;71;2020-10-25;150;16705
23488;71;2020-10-26;1752;18457
23489;71;2020-10-27;1752;20209
23490;71;2020-10-28;1385;21594
23491;71;2020-10-29;1162;22756
23492;71;2020-10-30;1334;24090
23493;71;2020-10-31;498;24588
23494;71;2020-11-01;116;24704
23495;71;2020-11-02;1821;26525
23496;71;2020-11-03;1548;28073
23497;71;2020-11-04;1392;29465
23498;71;2020-11-05;1278;30743
23499;71;2020-11-06;1222;31965
23500;71;2020-11-07;430;32395
23501;71;2020-11-08;96;32491
23502;71;2020-11-09;1128;33619
23503;71;2020-11-10;1094;34713
23504;71;2020-11-11;72;34785
23505;71;2020-11-12;946;35731
23506;71;2020-11-13;748;36479
23507;71;2020-11-14;204;36683
23508;71;2020-11-15;58;36741
23509;71;2020-11-16;758;37499
23510;71;2020-11-17;620;38119
23511;71;2020-11-18;434;38553
23512;71;2020-11-19;360;38913
23513;71;2020-11-20;384;39297
23514;71;2020-11-21;132;39429
23515;71;2020-11-22;48;39477
23516;71;2020-11-23;506;39983
23517;71;2020-11-24;360;40343
23518;71;2020-11-25;322;40665
23519;71;2020-11-26;316;40981
23520;71;2020-11-27;276;41257
23521;71;2020-11-28;112;41369
23522;71;2020-11-29;34;41403
23523;71;2020-11-30;432;41835
23524;71;2020-12-01;270;42105
23525;71;2020-12-02;240;42345
23526;71;2020-12-03;304;42649
23527;71;2020-12-04;342;42991
23528;71;2020-12-05;140;43131
23529;71;2020-12-06;50;43181
23530;71;2020-12-07;364;43545
23531;71;2020-12-08;354;43899
23532;71;2020-12-09;328;44227
23533;71;2020-12-10;322;44549
23534;71;2020-12-11;342;44891
23535;71;2020-12-12;184;45075
23536;71;2020-12-13;60;45135
23537;71;2020-12-14;476;45611
23538;71;2020-12-15;435;46046
23539;71;2020-12-16;348;46394
23540;71;2020-12-17;480;46874
23541;71;2020-12-18;378;47252
23542;71;2020-12-19;228;47480
23543;71;2020-12-20;42;47522
23544;71;2020-12-21;588;48110
23545;71;2020-12-22;480;48590
23546;71;2020-12-23;334;48924
23547;71;2020-12-24;328;49252
23548;71;2020-12-25;36;49288
23549;71;2020-12-26;158;49446
23550;71;2020-12-27;60;49506
23551;71;2020-12-28;504;50010
23552;71;2020-12-29;484;50494
23553;71;2020-12-30;374;50868
23554;71;2020-12-31;406;51274
23555;71;2021-01-01;42;51316
23556;71;2021-01-02;316;51632
23557;71;2021-01-03;60;51692
23558;71;2021-01-04;686;52378
23559;71;2021-01-05;544;52922
23560;71;2021-01-06;436;53358
23561;71;2021-01-07;449;53807
23562;71;2021-01-08;504;54311
23563;71;2021-01-09;240;54551
23564;71;2021-01-10;42;54593
23565;71;2021-01-11;706;55299
23566;71;2021-01-12;390;55689
23567;71;2021-01-13;402;56091
23568;71;2021-01-14;414;56505
23569;71;2021-01-15;502;57007
23570;71;2021-01-16;202;57209
23571;71;2021-01-17;58;57267
23572;71;2021-01-18;654;57921
23573;71;2021-01-19;546;58467
23574;71;2021-01-20;494;58961
23575;71;2021-01-21;460;59421
23576;71;2021-01-22;476;59897
23577;71;2021-01-23;254;60151
23578;71;2021-01-24;42;60193
23579;71;2021-01-25;538;60731
23580;71;2021-01-26;450;61181
23581;71;2021-01-27;394;61575
23582;71;2021-01-28;406;61981
23583;71;2021-01-29;482;62463
23584;71;2021-01-30;200;62663
23585;71;2021-01-31;28;62691
23586;71;2021-02-01;572;63263
23587;71;2021-02-02;392;63655
23588;71;2021-02-03;336;63991
23589;71;2021-02-04;392;64383
23590;71;2021-02-05;338;64721
23591;71;2021-02-06;192;64913
23592;71;2021-02-07;34;64947
23593;71;2021-02-08;430;65377
23594;71;2021-02-09;300;65677
23595;71;2021-02-10;284;65961
23596;71;2021-02-11;260;66221
23597;71;2021-02-12;282;66503
23598;71;2021-02-13;148;66651
23599;71;2021-02-14;36;66687
23600;71;2021-02-15;392;67079
23601;71;2021-02-16;318;67397
23602;71;2021-02-17;248;67645
23603;71;2021-02-18;238;67883
23604;71;2021-02-19;262;68145
23605;71;2021-02-20;178;68323
23606;71;2021-02-21;38;68361
23607;71;2021-02-22;374;68735
23608;71;2021-02-23;258;68993
23609;71;2021-02-24;278;69271
23610;71;2021-02-25;296;69567
23611;71;2021-02-26;252;69819
23612;71;2021-02-27;122;69941
23613;71;2021-02-28;22;69963
23614;71;2021-03-01;328;70291
23615;71;2021-03-02;212;70503
23616;71;2021-03-03;166;70669
23617;71;2021-03-04;146;70815
23618;71;2021-03-05;218;71033
23619;71;2021-03-06;96;71129
23620;71;2021-03-07;18;71147
23621;71;2021-03-08;246;71393
23622;71;2021-03-09;274;71667
23623;71;2021-03-10;208;71875
23624;71;2021-03-11;236;72111
23625;71;2021-03-12;248;72359
23626;71;2021-03-13;172;72531
23627;71;2021-03-14;40;72571
23628;71;2021-03-15;436;73007
23629;71;2021-03-16;288;73295
23630;71;2021-03-17;264;73559
23631;71;2021-03-18;344;73903
23632;71;2021-03-19;310;74213
23633;71;2021-03-20;192;74405
23634;71;2021-03-21;28;74433
23635;71;2021-03-22;488;74921
23636;71;2021-03-23;432;75353
23637;71;2021-03-24;426;75779
23638;71;2021-03-25;400;76179
23639;71;2021-03-26;490;76669
23640;71;2021-03-27;288;76957
23641;71;2021-03-28;58;77015
23642;71;2021-03-29;594;77609
23643;71;2021-03-30;528;78137
23644;71;2021-03-31;440;78577
23645;71;2021-04-01;596;79173
23646;71;2021-04-02;564;79737
23647;71;2021-04-03;330;80067
23648;71;2021-04-04;52;80119
23649;71;2021-04-05;100;80219
23650;71;2021-04-06;766;80985
23651;71;2021-04-07;448;81433
23652;71;2021-04-08;512;81945
23653;71;2021-04-09;498;82443
23654;71;2021-04-10;328;82771
23655;71;2021-04-11;28;82799
23656;71;2021-04-12;560;83359
23657;71;2021-04-13;496;83855
23658;71;2021-04-14;462;84317
23659;71;2021-04-15;450;84767
23660;72;2020-05-13;4;4
23661;72;2020-05-14;6;10
23662;72;2020-05-15;14;24
23663;72;2020-05-16;8;32
23664;72;2020-05-17;2;34
23665;72;2020-05-18;20;54
23666;72;2020-05-19;14;68
23667;72;2020-05-20;12;80
23668;72;2020-05-21;0;80
23669;72;2020-05-22;22;102
23670;72;2020-05-23;2;104
23671;72;2020-05-24;2;106
23672;72;2020-05-25;10;116
23673;72;2020-05-26;8;124
23674;72;2020-05-27;20;144
23675;72;2020-05-28;10;154
23676;72;2020-05-29;6;160
23677;72;2020-05-30;10;170
23678;72;2020-05-31;2;172
23679;72;2020-06-01;4;176
23680;72;2020-06-02;2;178
23681;72;2020-06-03;12;190
23682;72;2020-06-04;4;194
23683;72;2020-06-05;8;202
23684;72;2020-06-06;0;202
23685;72;2020-06-07;2;204
23686;72;2020-06-08;4;208
23687;72;2020-06-09;2;210
23688;72;2020-06-10;8;218
23689;72;2020-06-11;4;222
23690;72;2020-06-12;0;222
23691;72;2020-06-13;0;222
23692;72;2020-06-14;0;222
23693;72;2020-06-15;0;222
23694;72;2020-06-16;4;226
23695;72;2020-06-17;2;228
23696;72;2020-06-18;2;230
23697;72;2020-06-19;12;242
23698;72;2020-06-20;16;258
23699;72;2020-06-21;0;258
23700;72;2020-06-22;10;268
23701;72;2020-06-23;0;268
23702;72;2020-06-24;4;272
23703;72;2020-06-25;4;276
23704;72;2020-06-26;2;278
23705;72;2020-06-27;4;282
23706;72;2020-06-28;0;282
23707;72;2020-06-29;10;292
23708;72;2020-06-30;4;296
23709;72;2020-07-01;24;320
23710;72;2020-07-02;6;326
23711;72;2020-07-03;10;336
23712;72;2020-07-04;2;338
23713;72;2020-07-05;0;338
23714;72;2020-07-06;8;346
23715;72;2020-07-07;12;358
23716;72;2020-07-08;6;364
23717;72;2020-07-09;0;364
23718;72;2020-07-10;2;366
23719;72;2020-07-11;2;368
23720;72;2020-07-12;0;368
23721;72;2020-07-13;8;376
23722;72;2020-07-14;0;376
23723;72;2020-07-15;2;378
23724;72;2020-07-16;4;382
23725;72;2020-07-17;14;396
23726;72;2020-07-18;12;408
23727;72;2020-07-19;0;408
23728;72;2020-07-20;20;428
23729;72;2020-07-21;16;444
23730;72;2020-07-22;10;454
23731;72;2020-07-23;28;482
23732;72;2020-07-24;38;520
23733;72;2020-07-25;0;520
23734;72;2020-07-26;4;524
23735;72;2020-07-27;24;548
23736;72;2020-07-28;38;586
23737;72;2020-07-29;28;614
23738;72;2020-07-30;10;624
23739;72;2020-07-31;70;694
23740;72;2020-08-01;26;720
23741;72;2020-08-02;4;724
23742;72;2020-08-03;40;764
23743;72;2020-08-04;72;836
23744;72;2020-08-05;98;934
23745;72;2020-08-06;42;976
23746;72;2020-08-07;76;1052
23747;72;2020-08-08;32;1084
23748;72;2020-08-09;0;1084
23749;72;2020-08-10;56;1140
23750;72;2020-08-11;56;1196
23751;72;2020-08-12;58;1254
23752;72;2020-08-13;134;1388
23753;72;2020-08-14;218;1606
23754;72;2020-08-15;70;1676
23755;72;2020-08-16;92;1768
23756;72;2020-08-17;138;1906
23757;72;2020-08-18;130;2036
23758;72;2020-08-19;138;2174
23759;72;2020-08-20;176;2350
23760;72;2020-08-21;106;2456
23761;72;2020-08-22;38;2494
23762;72;2020-08-23;6;2500
23763;72;2020-08-24;128;2628
23764;72;2020-08-25;118;2746
23765;72;2020-08-26;60;2806
23766;72;2020-08-27;64;2870
23767;72;2020-08-28;84;2954
23768;72;2020-08-29;60;3014
23769;72;2020-08-30;16;3030
23770;72;2020-08-31;142;3172
23771;72;2020-09-01;54;3226
23772;72;2020-09-02;90;3316
23773;72;2020-09-03;82;3398
23774;72;2020-09-04;86;3484
23775;72;2020-09-05;70;3554
23776;72;2020-09-06;0;3554
23777;72;2020-09-07;172;3726
23778;72;2020-09-08;152;3878
23779;72;2020-09-09;142;4020
23780;72;2020-09-10;96;4116
23781;72;2020-09-11;102;4218
23782;72;2020-09-12;60;4278
23783;72;2020-09-13;10;4288
23784;72;2020-09-14;104;4392
23785;72;2020-09-15;128;4520
23786;72;2020-09-16;148;4668
23787;72;2020-09-17;114;4782
23788;72;2020-09-18;120;4902
23789;72;2020-09-19;92;4994
23790;72;2020-09-20;20;5014
23791;72;2020-09-21;158;5172
23792;72;2020-09-22;122;5294
23793;72;2020-09-23;160;5454
23794;72;2020-09-24;138;5592
23795;72;2020-09-25;100;5692
23796;72;2020-09-26;68;5760
23797;72;2020-09-27;10;5770
23798;72;2020-09-28;130;5900
23799;72;2020-09-29;176;6076
23800;72;2020-09-30;84;6160
23801;72;2020-10-01;114;6274
23802;72;2020-10-02;158;6432
23803;72;2020-10-03;116;6548
23804;72;2020-10-04;14;6562
23805;72;2020-10-05;178;6740
23806;72;2020-10-06;140;6880
23807;72;2020-10-07;216;7096
23808;72;2020-10-08;212;7308
23809;72;2020-10-09;188;7496
23810;72;2020-10-10;156;7652
23811;72;2020-10-11;28;7680
23812;72;2020-10-12;270;7950
23813;72;2020-10-13;236;8186
23814;72;2020-10-14;202;8388
23815;72;2020-10-15;238;8626
23816;72;2020-10-16;260;8886
23817;72;2020-10-17;178;9064
23818;72;2020-10-18;46;9110
23819;72;2020-10-19;326;9436
23820;72;2020-10-20;286;9722
23821;72;2020-10-21;314;10036
23822;72;2020-10-22;416;10452
23823;72;2020-10-23;460;10912
23824;72;2020-10-24;308;11220
23825;72;2020-10-25;60;11280
23826;72;2020-10-26;542;11822
23827;72;2020-10-27;550;12372
23828;72;2020-10-28;480;12852
23829;72;2020-10-29;502;13354
23830;72;2020-10-30;508;13862
23831;72;2020-10-31;402;14264
23832;72;2020-11-01;100;14364
23833;72;2020-11-02;670;15034
23834;72;2020-11-03;664;15698
23835;72;2020-11-04;478;16176
23836;72;2020-11-05;534;16710
23837;72;2020-11-06;496;17206
23838;72;2020-11-07;342;17548
23839;72;2020-11-08;48;17596
23840;72;2020-11-09;586;18182
23841;72;2020-11-10;430;18612
23842;72;2020-11-11;150;18762
23843;72;2020-11-12;404;19166
23844;72;2020-11-13;364;19530
23845;72;2020-11-14;182;19712
23846;72;2020-11-15;66;19778
23847;72;2020-11-16;330;20108
23848;72;2020-11-17;286;20394
23849;72;2020-11-18;358;20752
23850;72;2020-11-19;182;20934
23851;72;2020-11-20;198;21132
23852;72;2020-11-21;130;21262
23853;72;2020-11-22;36;21298
23854;72;2020-11-23;166;21464
23855;72;2020-11-24;222;21686
23856;72;2020-11-25;230;21916
23857;72;2020-11-26;140;22056
23858;72;2020-11-27;152;22208
23859;72;2020-11-28;134;22342
23860;72;2020-11-29;70;22412
23861;72;2020-11-30;222;22634
23862;72;2020-12-01;176;22810
23863;72;2020-12-02;248;23058
23864;72;2020-12-03;168;23226
23865;72;2020-12-04;244;23470
23866;72;2020-12-05;192;23662
23867;72;2020-12-06;92;23754
23868;72;2020-12-07;300;24054
23869;72;2020-12-08;254;24308
23870;72;2020-12-09;208;24516
23871;72;2020-12-10;232;24748
23872;72;2020-12-11;298;25046
23873;72;2020-12-12;150;25196
23874;72;2020-12-13;108;25304
23875;72;2020-12-14;308;25612
23876;72;2020-12-15;350;25962
23877;72;2020-12-16;230;26192
23878;72;2020-12-17;294;26486
23879;72;2020-12-18;214;26700
23880;72;2020-12-19;172;26872
23881;72;2020-12-20;70;26942
23882;72;2020-12-21;290;27232
23883;72;2020-12-22;278;27510
23884;72;2020-12-23;268;27778
23885;72;2020-12-24;194;27972
23886;72;2020-12-25;26;27998
23887;72;2020-12-26;192;28190
23888;72;2020-12-27;44;28234
23889;72;2020-12-28;276;28510
23890;72;2020-12-29;206;28716
23891;72;2020-12-30;212;28928
23892;72;2020-12-31;208;29136
23893;72;2021-01-01;48;29184
23894;72;2021-01-02;208;29392
23895;72;2021-01-03;74;29466
23896;72;2021-01-04;328;29794
23897;72;2021-01-05;296;30090
23898;72;2021-01-06;162;30252
23899;72;2021-01-07;214;30466
23900;72;2021-01-08;108;30574
23901;72;2021-01-09;76;30650
23902;72;2021-01-10;48;30698
23903;72;2021-01-11;140;30838
23904;72;2021-01-12;334;31172
23905;72;2021-01-13;466;31638
23906;72;2021-01-14;368;32006
23907;72;2021-01-15;408;32414
23908;72;2021-01-16;268;32682
23909;72;2021-01-17;130;32812
23910;72;2021-01-18;492;33304
23911;72;2021-01-19;396;33700
23912;72;2021-01-20;436;34136
23913;72;2021-01-21;402;34538
23914;72;2021-01-22;426;34964
23915;72;2021-01-23;274;35238
23916;72;2021-01-24;96;35334
23917;72;2021-01-25;522;35856
23918;72;2021-01-26;302;36158
23919;72;2021-01-27;322;36480
23920;72;2021-01-28;340;36820
23921;72;2021-01-29;422;37242
23922;72;2021-01-30;260;37502
23923;72;2021-01-31;104;37606
23924;72;2021-02-01;474;38080
23925;72;2021-02-02;292;38372
23926;72;2021-02-03;318;38690
23927;72;2021-02-04;254;38944
23928;72;2021-02-05;320;39264
23929;72;2021-02-06;188;39452
23930;72;2021-02-07;98;39550
23931;72;2021-02-08;436;39986
23932;72;2021-02-09;254;40240
23933;72;2021-02-10;214;40454
23934;72;2021-02-11;250;40704
23935;72;2021-02-12;258;40962
23936;72;2021-02-13;184;41146
23937;72;2021-02-14;80;41226
23938;72;2021-02-15;282;41508
23939;72;2021-02-16;226;41734
23940;72;2021-02-17;234;41968
23941;72;2021-02-18;236;42204
23942;72;2021-02-19;284;42488
23943;72;2021-02-20;246;42734
23944;72;2021-02-21;82;42816
23945;72;2021-02-22;352;43168
23946;72;2021-02-23;288;43456
23947;72;2021-02-24;302;43758
23948;72;2021-02-25;348;44106
23949;72;2021-02-26;262;44368
23950;72;2021-02-27;202;44570
23951;72;2021-02-28;70;44640
23952;72;2021-03-01;300;44940
23953;72;2021-03-02;324;45264
23954;72;2021-03-03;282;45546
23955;72;2021-03-04;258;45804
23956;72;2021-03-05;340;46144
23957;72;2021-03-06;302;46446
23958;72;2021-03-07;84;46530
23959;72;2021-03-08;324;46854
23960;72;2021-03-09;290;47144
23961;72;2021-03-10;390;47534
23962;72;2021-03-11;418;47952
23963;72;2021-03-12;404;48356
23964;72;2021-03-13;274;48630
23965;72;2021-03-14;110;48740
23966;72;2021-03-15;472;49212
23967;72;2021-03-16;440;49652
23968;72;2021-03-17;376;50028
23969;72;2021-03-18;430;50458
23970;72;2021-03-19;462;50920
23971;72;2021-03-20;340;51260
23972;72;2021-03-21;110;51370
23973;72;2021-03-22;696;52066
23974;72;2021-03-23;568;52634
23975;72;2021-03-24;692;53326
23976;72;2021-03-25;564;53890
23977;72;2021-03-26;612;54502
23978;72;2021-03-27;502;55004
23979;72;2021-03-28;112;55116
23980;72;2021-03-29;724;55840
23981;72;2021-03-30;688;56528
23982;72;2021-03-31;768;57296
23983;72;2021-04-01;646;57942
23984;72;2021-04-02;792;58734
23985;72;2021-04-03;596;59330
23986;72;2021-04-04;166;59496
23987;72;2021-04-05;226;59722
23988;72;2021-04-06;848;60570
23989;72;2021-04-07;864;61434
23990;72;2021-04-08;818;62252
23991;72;2021-04-09;796;63048
23992;72;2021-04-10;724;63772
23993;72;2021-04-11;208;63980
23994;72;2021-04-12;908;64888
23995;72;2021-04-13;910;65798
23996;72;2021-04-14;812;66610
23997;72;2021-04-15;778;67388
23998;73;2020-05-13;4;4
23999;73;2020-05-14;2;6
24000;73;2020-05-15;8;14
24001;73;2020-05-16;4;18
24002;73;2020-05-17;2;20
24003;73;2020-05-18;12;32
24004;73;2020-05-19;2;34
24005;73;2020-05-20;4;38
24006;73;2020-05-21;6;44
24007;73;2020-05-22;10;54
24008;73;2020-05-23;0;54
24009;73;2020-05-24;0;54
24010;73;2020-05-25;6;60
24011;73;2020-05-26;0;60
24012;73;2020-05-27;4;64
24013;73;2020-05-28;6;70
24014;73;2020-05-29;6;76
24015;73;2020-05-30;4;80
24016;73;2020-05-31;0;80
24017;73;2020-06-01;2;82
24018;73;2020-06-02;6;88
24019;73;2020-06-03;4;92
24020;73;2020-06-04;0;92
24021;73;2020-06-05;2;94
24022;73;2020-06-06;0;94
24023;73;2020-06-07;0;94
24024;73;2020-06-08;2;96
24025;73;2020-06-09;2;98
24026;73;2020-06-10;4;102
24027;73;2020-06-11;0;102
24028;73;2020-06-12;4;106
24029;73;2020-06-13;0;106
24030;73;2020-06-14;0;106
24031;73;2020-06-15;0;106
24032;73;2020-06-16;6;112
24033;73;2020-06-17;0;112
24034;73;2020-06-18;4;116
24035;73;2020-06-19;2;118
24036;73;2020-06-20;0;118
24037;73;2020-06-21;0;118
24038;73;2020-06-22;2;120
24039;73;2020-06-23;4;124
24040;73;2020-06-24;0;124
24041;73;2020-06-25;2;126
24042;73;2020-06-26;0;126
24043;73;2020-06-27;2;128
24044;73;2020-06-28;0;128
24045;73;2020-06-29;4;132
24046;73;2020-06-30;4;136
24047;73;2020-07-01;4;140
24048;73;2020-07-02;2;142
24049;73;2020-07-03;12;154
24050;73;2020-07-04;2;156
24051;73;2020-07-05;0;156
24052;73;2020-07-06;2;158
24053;73;2020-07-07;6;164
24054;73;2020-07-08;2;166
24055;73;2020-07-09;0;166
24056;73;2020-07-10;0;166
24057;73;2020-07-11;0;166
24058;73;2020-07-12;0;166
24059;73;2020-07-13;6;172
24060;73;2020-07-14;0;172
24061;73;2020-07-15;0;172
24062;73;2020-07-16;0;172
24063;73;2020-07-17;2;174
24064;73;2020-07-18;2;176
24065;73;2020-07-19;4;180
24066;73;2020-07-20;18;198
24067;73;2020-07-21;2;200
24068;73;2020-07-22;6;206
24069;73;2020-07-23;4;210
24070;73;2020-07-24;10;220
24071;73;2020-07-25;0;220
24072;73;2020-07-26;4;224
24073;73;2020-07-27;2;226
24074;73;2020-07-28;10;236
24075;73;2020-07-29;10;246
24076;73;2020-07-30;10;256
24077;73;2020-07-31;6;262
24078;73;2020-08-01;6;268
24079;73;2020-08-02;0;268
24080;73;2020-08-03;22;290
24081;73;2020-08-04;14;304
24082;73;2020-08-05;24;328
24083;73;2020-08-06;18;346
24084;73;2020-08-07;4;350
24085;73;2020-08-08;8;358
24086;73;2020-08-09;2;360
24087;73;2020-08-10;10;370
24088;73;2020-08-11;10;380
24089;73;2020-08-12;16;396
24090;73;2020-08-13;10;406
24091;73;2020-08-14;20;426
24092;73;2020-08-15;6;432
24093;73;2020-08-16;2;434
24094;73;2020-08-17;12;446
24095;73;2020-08-18;20;466
24096;73;2020-08-19;18;484
24097;73;2020-08-20;20;504
24098;73;2020-08-21;24;528
24099;73;2020-08-22;10;538
24100;73;2020-08-23;8;546
24101;73;2020-08-24;30;576
24102;73;2020-08-25;34;610
24103;73;2020-08-26;24;634
24104;73;2020-08-27;50;684
24105;73;2020-08-28;78;762
24106;73;2020-08-29;18;780
24107;73;2020-08-30;24;804
24108;73;2020-08-31;44;848
24109;73;2020-09-01;64;912
24110;73;2020-09-02;58;970
24111;73;2020-09-03;58;1028
24112;73;2020-09-04;58;1086
24113;73;2020-09-05;22;1108
24114;73;2020-09-06;4;1112
24115;73;2020-09-07;48;1160
24116;73;2020-09-08;36;1196
24117;73;2020-09-09;60;1256
24118;73;2020-09-10;86;1342
24119;73;2020-09-11;74;1416
24120;73;2020-09-12;44;1460
24121;73;2020-09-13;14;1474
24122;73;2020-09-14;70;1544
24123;73;2020-09-15;102;1646
24124;73;2020-09-16;96;1742
24125;73;2020-09-17;102;1844
24126;73;2020-09-18;84;1928
24127;73;2020-09-19;54;1982
24128;73;2020-09-20;26;2008
24129;73;2020-09-21;84;2092
24130;73;2020-09-22;90;2182
24131;73;2020-09-23;102;2284
24132;73;2020-09-24;120;2404
24133;73;2020-09-25;94;2498
24134;73;2020-09-26;50;2548
24135;73;2020-09-27;24;2572
24136;73;2020-09-28;96;2668
24137;73;2020-09-29;118;2786
24138;73;2020-09-30;124;2910
24139;73;2020-10-01;124;3034
24140;73;2020-10-02;188;3222
24141;73;2020-10-03;86;3308
24142;73;2020-10-04;28;3336
24143;73;2020-10-05;240;3576
24144;73;2020-10-06;242;3818
24145;73;2020-10-07;330;4148
24146;73;2020-10-08;306;4454
24147;73;2020-10-09;320;4774
24148;73;2020-10-10;162;4936
24149;73;2020-10-11;86;5022
24150;73;2020-10-12;476;5498
24151;73;2020-10-13;518;6016
24152;73;2020-10-14;518;6534
24153;73;2020-10-15;550;7084
24154;73;2020-10-16;626;7710
24155;73;2020-10-17;330;8040
24156;73;2020-10-18;164;8204
24157;73;2020-10-19;766;8970
24158;73;2020-10-20;900;9870
24159;73;2020-10-21;1086;10956
24160;73;2020-10-22;1006;11962
24161;73;2020-10-23;1064;13026
24162;73;2020-10-24;692;13718
24163;73;2020-10-25;328;14046
24164;73;2020-10-26;1462;15508
24165;73;2020-10-27;1494;17002
24166;73;2020-10-28;1550;18552
24167;73;2020-10-29;1764;20316
24168;73;2020-10-30;1786;22102
24169;73;2020-10-31;812;22914
24170;73;2020-11-01;422;23336
24171;73;2020-11-02;2166;25502
24172;73;2020-11-03;1880;27382
24173;73;2020-11-04;1570;28952
24174;73;2020-11-05;1574;30526
24175;73;2020-11-06;1678;32204
24176;73;2020-11-07;574;32778
24177;73;2020-11-08;194;32972
24178;73;2020-11-09;1432;34404
24179;73;2020-11-10;1298;35702
24180;73;2020-11-11;208;35910
24181;73;2020-11-12;938;36848
24182;73;2020-11-13;822;37670
24183;73;2020-11-14;288;37958
24184;73;2020-11-15;100;38058
24185;73;2020-11-16;788;38846
24186;73;2020-11-17;644;39490
24187;73;2020-11-18;424;39914
24188;73;2020-11-19;483;40397
24189;73;2020-11-20;470;40867
24190;73;2020-11-21;186;41053
24191;73;2020-11-22;46;41099
24192;73;2020-11-23;450;41549
24193;73;2020-11-24;392;41941
24194;73;2020-11-25;322;42263
24195;73;2020-11-26;284;42547
24196;73;2020-11-27;296;42843
24197;73;2020-11-28;146;42989
24198;73;2020-11-29;22;43011
24199;73;2020-11-30;332;43343
24200;73;2020-12-01;280;43623
24201;73;2020-12-02;264;43887
24202;73;2020-12-03;286;44173
24203;73;2020-12-04;216;44389
24204;73;2020-12-05;132;44521
24205;73;2020-12-06;34;44555
24206;73;2020-12-07;306;44861
24207;73;2020-12-08;246;45107
24208;73;2020-12-09;242;45349
24209;73;2020-12-10;226;45575
24210;73;2020-12-11;226;45801
24211;73;2020-12-12;142;45943
24212;73;2020-12-13;44;45987
24213;73;2020-12-14;276;46263
24214;73;2020-12-15;228;46491
24215;73;2020-12-16;224;46715
24216;73;2020-12-17;278;46993
24217;73;2020-12-18;407;47400
24218;73;2020-12-19;300;47700
24219;73;2020-12-20;252;47952
24220;73;2020-12-21;316;48268
24221;73;2020-12-22;436;48704
24222;73;2020-12-23;322;49026
24223;73;2020-12-24;154;49180
24224;73;2020-12-25;40;49220
24225;73;2020-12-26;132;49352
24226;73;2020-12-27;58;49410
24227;73;2020-12-28;306;49716
24228;73;2020-12-29;250;49966
24229;73;2020-12-30;314;50280
24230;73;2020-12-31;224;50504
24231;73;2021-01-01;20;50524
24232;73;2021-01-02;204;50728
24233;73;2021-01-03;42;50770
24234;73;2021-01-04;426;51196
24235;73;2021-01-05;348;51544
24236;73;2021-01-06;270;51814
24237;73;2021-01-07;254;52068
24238;73;2021-01-08;254;52322
24239;73;2021-01-09;154;52476
24240;73;2021-01-10;38;52514
24241;73;2021-01-11;300;52814
24242;73;2021-01-12;266;53080
24243;73;2021-01-13;204;53284
24244;73;2021-01-14;220;53504
24245;73;2021-01-15;228;53732
24246;73;2021-01-16;134;53866
24247;73;2021-01-17;58;53924
24248;73;2021-01-18;298;54222
24249;73;2021-01-19;214;54436
24250;73;2021-01-20;169;54605
24251;73;2021-01-21;184;54789
24252;73;2021-01-22;232;55021
24253;73;2021-01-23;168;55189
24254;73;2021-01-24;56;55245
24255;73;2021-01-25;256;55501
24256;73;2021-01-26;226;55727
24257;73;2021-01-27;180;55907
24258;73;2021-01-28;166;56073
24259;73;2021-01-29;234;56307
24260;73;2021-01-30;98;56405
24261;73;2021-01-31;48;56453
24262;73;2021-02-01;300;56753
24263;73;2021-02-02;200;56953
24264;73;2021-02-03;204;57157
24265;73;2021-02-04;200;57357
24266;73;2021-02-05;162;57519
24267;73;2021-02-06;118;57637
24268;73;2021-02-07;54;57691
24269;73;2021-02-08;286;57977
24270;73;2021-02-09;248;58225
24271;73;2021-02-10;170;58395
24272;73;2021-02-11;192;58587
24273;73;2021-02-12;174;58761
24274;73;2021-02-13;88;58849
24275;73;2021-02-14;36;58885
24276;73;2021-02-15;248;59133
24277;73;2021-02-16;180;59313
24278;73;2021-02-17;212;59525
24279;73;2021-02-18;228;59753
24280;73;2021-02-19;204;59957
24281;73;2021-02-20;110;60067
24282;73;2021-02-21;30;60097
24283;73;2021-02-22;290;60387
24284;73;2021-02-23;310;60697
24285;73;2021-02-24;264;60961
24286;73;2021-02-25;218;61179
24287;73;2021-02-26;256;61435
24288;73;2021-02-27;104;61539
24289;73;2021-02-28;36;61575
24290;73;2021-03-01;314;61889
24291;73;2021-03-02;288;62177
24292;73;2021-03-03;194;62371
24293;73;2021-03-04;206;62577
24294;73;2021-03-05;326;62903
24295;73;2021-03-06;168;63071
24296;73;2021-03-07;46;63117
24297;73;2021-03-08;338;63455
24298;73;2021-03-09;238;63693
24299;73;2021-03-10;270;63963
24300;73;2021-03-11;270;64233
24301;73;2021-03-12;338;64571
24302;73;2021-03-13;154;64725
24303;73;2021-03-14;44;64769
24304;73;2021-03-15;436;65205
24305;73;2021-03-16;442;65647
24306;73;2021-03-17;340;65987
24307;73;2021-03-18;392;66379
24308;73;2021-03-19;374;66753
24309;73;2021-03-20;290;67043
24310;73;2021-03-21;46;67089
24311;73;2021-03-22;586;67675
24312;73;2021-03-23;470;68145
24313;73;2021-03-24;436;68581
24314;73;2021-03-25;582;69163
24315;73;2021-03-26;562;69725
24316;73;2021-03-27;338;70063
24317;73;2021-03-28;130;70193
24318;73;2021-03-29;594;70787
24319;73;2021-03-30;520;71307
24320;73;2021-03-31;496;71803
24321;73;2021-04-01;482;72285
24322;73;2021-04-02;584;72869
24323;73;2021-04-03;394;73263
24324;73;2021-04-04;78;73341
24325;73;2021-04-05;136;73477
24326;73;2021-04-06;700;74177
24327;73;2021-04-07;598;74775
24328;73;2021-04-08;510;75285
24329;73;2021-04-09;512;75797
24330;73;2021-04-10;312;76109
24331;73;2021-04-11;86;76195
24332;73;2021-04-12;646;76841
24333;73;2021-04-13;436;77277
24334;73;2021-04-14;458;77735
24335;73;2021-04-15;414;78149
24336;74;2020-05-13;16;16
24337;74;2020-05-14;8;24
24338;74;2020-05-15;24;48
24339;74;2020-05-16;4;52
24340;74;2020-05-17;4;56
24341;74;2020-05-18;4;60
24342;74;2020-05-19;20;80
24343;74;2020-05-20;2;82
24344;74;2020-05-21;0;82
24345;74;2020-05-22;4;86
24346;74;2020-05-23;4;90
24347;74;2020-05-24;0;90
24348;74;2020-05-25;4;94
24349;74;2020-05-26;2;96
24350;74;2020-05-27;6;102
24351;74;2020-05-28;0;102
24352;74;2020-05-29;6;108
24353;74;2020-05-30;2;110
24354;74;2020-05-31;0;110
24355;74;2020-06-01;4;114
24356;74;2020-06-02;6;120
24357;74;2020-06-03;8;128
24358;74;2020-06-04;6;134
24359;74;2020-06-05;0;134
24360;74;2020-06-06;0;134
24361;74;2020-06-07;0;134
24362;74;2020-06-08;6;140
24363;74;2020-06-09;0;140
24364;74;2020-06-10;2;142
24365;74;2020-06-11;2;144
24366;74;2020-06-12;2;146
24367;74;2020-06-13;0;146
24368;74;2020-06-14;0;146
24369;74;2020-06-15;4;150
24370;74;2020-06-16;4;154
24371;74;2020-06-17;8;162
24372;74;2020-06-18;4;166
24373;74;2020-06-19;2;168
24374;74;2020-06-20;10;178
24375;74;2020-06-21;0;178
24376;74;2020-06-22;8;186
24377;74;2020-06-23;6;192
24378;74;2020-06-24;4;196
24379;74;2020-06-25;2;198
24380;74;2020-06-26;10;208
24381;74;2020-06-27;0;208
24382;74;2020-06-28;2;210
24383;74;2020-06-29;4;214
24384;74;2020-06-30;4;218
24385;74;2020-07-01;4;222
24386;74;2020-07-02;2;224
24387;74;2020-07-03;2;226
24388;74;2020-07-04;2;228
24389;74;2020-07-05;0;228
24390;74;2020-07-06;8;236
24391;74;2020-07-07;4;240
24392;74;2020-07-08;4;244
24393;74;2020-07-09;6;250
24394;74;2020-07-10;4;254
24395;74;2020-07-11;2;256
24396;74;2020-07-12;2;258
24397;74;2020-07-13;4;262
24398;74;2020-07-14;2;264
24399;74;2020-07-15;10;274
24400;74;2020-07-16;18;292
24401;74;2020-07-17;14;306
24402;74;2020-07-18;14;320
24403;74;2020-07-19;2;322
24404;74;2020-07-20;44;366
24405;74;2020-07-21;32;398
24406;74;2020-07-22;48;446
24407;74;2020-07-23;48;494
24408;74;2020-07-24;42;536
24409;74;2020-07-25;34;570
24410;74;2020-07-26;8;578
24411;74;2020-07-27;76;654
24412;74;2020-07-28;82;736
24413;74;2020-07-29;83;819
24414;74;2020-07-30;90;909
24415;74;2020-07-31;66;975
24416;74;2020-08-01;44;1019
24417;74;2020-08-02;4;1023
24418;74;2020-08-03;72;1095
24419;74;2020-08-04;82;1177
24420;74;2020-08-05;62;1239
24421;74;2020-08-06;60;1299
24422;74;2020-08-07;66;1365
24423;74;2020-08-08;30;1395
24424;74;2020-08-09;6;1401
24425;74;2020-08-10;54;1455
24426;74;2020-08-11;76;1531
24427;74;2020-08-12;62;1593
24428;74;2020-08-13;54;1647
24429;74;2020-08-14;80;1727
24430;74;2020-08-15;0;1727
24431;74;2020-08-16;4;1731
24432;74;2020-08-17;114;1845
24433;74;2020-08-18;88;1933
24434;74;2020-08-19;64;1997
24435;74;2020-08-20;98;2095
24436;74;2020-08-21;110;2205
24437;74;2020-08-22;40;2245
24438;74;2020-08-23;4;2249
24439;74;2020-08-24;146;2395
24440;74;2020-08-25;118;2513
24441;74;2020-08-26;74;2587
24442;74;2020-08-27;90;2677
24443;74;2020-08-28;94;2771
24444;74;2020-08-29;48;2819
24445;74;2020-08-30;14;2833
24446;74;2020-08-31;126;2959
24447;74;2020-09-01;72;3031
24448;74;2020-09-02;106;3137
24449;74;2020-09-03;91;3228
24450;74;2020-09-04;122;3350
24451;74;2020-09-05;36;3386
24452;74;2020-09-06;4;3390
24453;74;2020-09-07;172;3562
24454;74;2020-09-08;162;3724
24455;74;2020-09-09;130;3854
24456;74;2020-09-10;146;4000
24457;74;2020-09-11;134;4134
24458;74;2020-09-12;48;4182
24459;74;2020-09-13;6;4188
24460;74;2020-09-14;166;4354
24461;74;2020-09-15;120;4474
24462;74;2020-09-16;152;4626
24463;74;2020-09-17;150;4776
24464;74;2020-09-18;102;4878
24465;74;2020-09-19;52;4930
24466;74;2020-09-20;18;4948
24467;74;2020-09-21;160;5108
24468;74;2020-09-22;136;5244
24469;74;2020-09-23;136;5380
24470;74;2020-09-24;152;5532
24471;74;2020-09-25;102;5634
24472;74;2020-09-26;64;5698
24473;74;2020-09-27;10;5708
24474;74;2020-09-28;184;5892
24475;74;2020-09-29;126;6018
24476;74;2020-09-30;140;6158
24477;74;2020-10-01;148;6306
24478;74;2020-10-02;194;6500
24479;74;2020-10-03;58;6558
24480;74;2020-10-04;16;6574
24481;74;2020-10-05;294;6868
24482;74;2020-10-06;260;7128
24483;74;2020-10-07;305;7433
24484;74;2020-10-08;338;7771
24485;74;2020-10-09;412;8183
24486;74;2020-10-10;156;8339
24487;74;2020-10-11;14;8353
24488;74;2020-10-12;628;8981
24489;74;2020-10-13;612;9593
24490;74;2020-10-14;694;10287
24491;74;2020-10-15;894;11181
24492;74;2020-10-16;976;12157
24493;74;2020-10-17;522;12679
24494;74;2020-10-18;106;12785
24495;74;2020-10-19;1846;14631
24496;74;2020-10-20;1820;16451
24497;74;2020-10-21;1752;18203
24498;74;2020-10-22;2138;20341
24499;74;2020-10-23;2256;22597
24500;74;2020-10-24;1186;23783
24501;74;2020-10-25;198;23981
24502;74;2020-10-26;3536;27517
24503;74;2020-10-27;3530;31047
24504;74;2020-10-28;3060;34107
24505;74;2020-10-29;2996;37103
24506;74;2020-10-30;3272;40375
24507;74;2020-10-31;1596;41971
24508;74;2020-11-01;294;42265
24509;74;2020-11-02;4228;46493
24510;74;2020-11-03;3898;50391
24511;74;2020-11-04;3130;53521
24512;74;2020-11-05;2830;56351
24513;74;2020-11-06;2792;59143
24514;74;2020-11-07;1128;60271
24515;74;2020-11-08;244;60515
24516;74;2020-11-09;3268;63783
24517;74;2020-11-10;2266;66049
24518;74;2020-11-11;288;66337
24519;74;2020-11-12;2422;68759
24520;74;2020-11-13;1850;70609
24521;74;2020-11-14;618;71227
24522;74;2020-11-15;130;71357
24523;74;2020-11-16;2311;73668
24524;74;2020-11-17;1384;75052
24525;74;2020-11-18;1348;76400
24526;74;2020-11-19;1218;77618
24527;74;2020-11-20;1088;78706
24528;74;2020-11-21;516;79222
24529;74;2020-11-22;100;79322
24530;74;2020-11-23;1212;80534
24531;74;2020-11-24;728;81262
24532;74;2020-11-25;752;82014
24533;74;2020-11-26;642;82656
24534;74;2020-11-27;714;83370
24535;74;2020-11-28;414;83784
24536;74;2020-11-29;52;83836
24537;74;2020-11-30;910;84746
24538;74;2020-12-01;736;85482
24539;74;2020-12-02;524;86006
24540;74;2020-12-03;614;86620
24541;74;2020-12-04;590;87210
24542;74;2020-12-05;296;87506
24543;74;2020-12-06;74;87580
24544;74;2020-12-07;792;88372
24545;74;2020-12-08;540;88912
24546;74;2020-12-09;450;89362
24547;74;2020-12-10;502;89864
24548;74;2020-12-11;540;90404
24549;74;2020-12-12;244;90648
24550;74;2020-12-13;38;90686
24551;74;2020-12-14;786;91472
24552;74;2020-12-15;550;92022
24553;74;2020-12-16;512;92534
24554;74;2020-12-17;562;93096
24555;74;2020-12-18;716;93812
24556;74;2020-12-19;452;94264
24557;74;2020-12-20;290;94554
24558;74;2020-12-21;778;95332
24559;74;2020-12-22;636;95968
24560;74;2020-12-23;554;96522
24561;74;2020-12-24;454;96976
24562;74;2020-12-25;36;97012
24563;74;2020-12-26;439;97451
24564;74;2020-12-27;70;97521
24565;74;2020-12-28;872;98393
24566;74;2020-12-29;724;99117
24567;74;2020-12-30;688;99805
24568;74;2020-12-31;490;100295
24569;74;2021-01-01;68;100363
24570;74;2021-01-02;380;100743
24571;74;2021-01-03;68;100811
24572;74;2021-01-04;976;101787
24573;74;2021-01-05;622;102409
24574;74;2021-01-06;552;102961
24575;74;2021-01-07;582;103543
24576;74;2021-01-08;588;104131
24577;74;2021-01-09;362;104493
24578;74;2021-01-10;50;104543
24579;74;2021-01-11;684;105227
24580;74;2021-01-12;546;105773
24581;74;2021-01-13;438;106211
24582;74;2021-01-14;468;106679
24583;74;2021-01-15;540;107219
24584;74;2021-01-16;246;107465
24585;74;2021-01-17;38;107503
24586;74;2021-01-18;682;108185
24587;74;2021-01-19;570;108755
24588;74;2021-01-20;490;109245
24589;74;2021-01-21;472;109717
24590;74;2021-01-22;564;110281
24591;74;2021-01-23;280;110561
24592;74;2021-01-24;60;110621
24593;74;2021-01-25;708;111329
24594;74;2021-01-26;568;111897
24595;74;2021-01-27;516;112413
24596;74;2021-01-28;496;112909
24597;74;2021-01-29;480;113389
24598;74;2021-01-30;308;113697
24599;74;2021-01-31;66;113763
24600;74;2021-02-01;782;114545
24601;74;2021-02-02;584;115129
24602;74;2021-02-03;534;115663
24603;74;2021-02-04;486;116149
24604;74;2021-02-05;568;116717
24605;74;2021-02-06;324;117041
24606;74;2021-02-07;64;117105
24607;74;2021-02-08;646;117751
24608;74;2021-02-09;510;118261
24609;74;2021-02-10;450;118711
24610;74;2021-02-11;468;119179
24611;74;2021-02-12;578;119757
24612;74;2021-02-13;238;119995
24613;74;2021-02-14;36;120031
24614;74;2021-02-15;698;120729
24615;74;2021-02-16;428;121157
24616;74;2021-02-17;416;121573
24617;74;2021-02-18;468;122041
24618;74;2021-02-19;478;122519
24619;74;2021-02-20;320;122839
24620;74;2021-02-21;42;122881
24621;74;2021-02-22;614;123495
24622;74;2021-02-23;522;124017
24623;74;2021-02-24;560;124577
24624;74;2021-02-25;500;125077
24625;74;2021-02-26;504;125581
24626;74;2021-02-27;266;125847
24627;74;2021-02-28;44;125891
24628;74;2021-03-01;560;126451
24629;74;2021-03-02;536;126987
24630;74;2021-03-03;552;127539
24631;74;2021-03-04;468;128007
24632;74;2021-03-05;536;128543
24633;74;2021-03-06;336;128879
24634;74;2021-03-07;82;128961
24635;74;2021-03-08;776;129737
24636;74;2021-03-09;680;130417
24637;74;2021-03-10;696;131113
24638;74;2021-03-11;678;131791
24639;74;2021-03-12;632;132423
24640;74;2021-03-13;426;132849
24641;74;2021-03-14;80;132929
24642;74;2021-03-15;1304;134233
24643;74;2021-03-16;992;135225
24644;74;2021-03-17;650;135875
24645;74;2021-03-18;722;136597
24646;74;2021-03-19;692;137289
24647;74;2021-03-20;440;137729
24648;74;2021-03-21;64;137793
24649;74;2021-03-22;1082;138875
24650;74;2021-03-23;956;139831
24651;74;2021-03-24;864;140695
24652;74;2021-03-25;908;141603
24653;74;2021-03-26;912;142515
24654;74;2021-03-27;524;143039
24655;74;2021-03-28;84;143123
24656;74;2021-03-29;1250;144373
24657;74;2021-03-30;1118;145491
24658;74;2021-03-31;882;146373
24659;74;2021-04-01;902;147275
24660;74;2021-04-02;952;148227
24661;74;2021-04-03;474;148701
24662;74;2021-04-04;74;148775
24663;74;2021-04-05;148;148923
24664;74;2021-04-06;1502;150425
24665;74;2021-04-07;990;151415
24666;74;2021-04-08;836;152251
24667;74;2021-04-09;975;153226
24668;74;2021-04-10;546;153772
24669;74;2021-04-11;64;153836
24670;74;2021-04-12;1198;155034
24671;74;2021-04-13;854;155888
24672;74;2021-04-14;800;156688
24673;74;2021-04-15;700;157388
24674;75;2020-05-13;76;76
24675;75;2020-05-14;111;187
24676;75;2020-05-15;93;280
24677;75;2020-05-16;34;314
24678;75;2020-05-17;10;324
24679;75;2020-05-18;68;392
24680;75;2020-05-19;92;484
24681;75;2020-05-20;84;568
24682;75;2020-05-21;18;586
24683;75;2020-05-22;68;654
24684;75;2020-05-23;14;668
24685;75;2020-05-24;12;680
24686;75;2020-05-25;46;726
24687;75;2020-05-26;82;808
24688;75;2020-05-27;82;890
24689;75;2020-05-28;73;963
24690;75;2020-05-29;52;1015
24691;75;2020-05-30;22;1037
24692;75;2020-05-31;10;1047
24693;75;2020-06-01;26;1073
24694;75;2020-06-02;88;1161
24695;75;2020-06-03;80;1241
24696;75;2020-06-04;67;1308
24697;75;2020-06-05;51;1359
24698;75;2020-06-06;26;1385
24699;75;2020-06-07;4;1389
24700;75;2020-06-08;70;1459
24701;75;2020-06-09;64;1523
24702;75;2020-06-10;62;1585
24703;75;2020-06-11;30;1615
24704;75;2020-06-12;71;1686
24705;75;2020-06-13;18;1704
24706;75;2020-06-14;8;1712
24707;75;2020-06-15;36;1748
24708;75;2020-06-16;50;1798
24709;75;2020-06-17;70;1868
24710;75;2020-06-18;66;1934
24711;75;2020-06-19;44;1978
24712;75;2020-06-20;10;1988
24713;75;2020-06-21;2;1990
24714;75;2020-06-22;54;2044
24715;75;2020-06-23;39;2083
24716;75;2020-06-24;60;2143
24717;75;2020-06-25;48;2191
24718;75;2020-06-26;42;2233
24719;75;2020-06-27;6;2239
24720;75;2020-06-28;14;2253
24721;75;2020-06-29;38;2291
24722;75;2020-06-30;53;2344
24723;75;2020-07-01;41;2385
24724;75;2020-07-02;62;2447
24725;75;2020-07-03;74;2521
24726;75;2020-07-04;33;2554
24727;75;2020-07-05;4;2558
24728;75;2020-07-06;78;2636
24729;75;2020-07-07;46;2682
24730;75;2020-07-08;72;2754
24731;75;2020-07-09;95;2849
24732;75;2020-07-10;102;2951
24733;75;2020-07-11;24;2975
24734;75;2020-07-12;10;2985
24735;75;2020-07-13;144;3129
24736;75;2020-07-14;10;3139
24737;75;2020-07-15;102;3241
24738;75;2020-07-16;119;3360
24739;75;2020-07-17;108;3468
24740;75;2020-07-18;48;3516
24741;75;2020-07-19;16;3532
24742;75;2020-07-20;136;3668
24743;75;2020-07-21;105;3773
24744;75;2020-07-22;134;3907
24745;75;2020-07-23;125;4032
24746;75;2020-07-24;157;4189
24747;75;2020-07-25;62;4251
24748;75;2020-07-26;34;4285
24749;75;2020-07-27;195;4480
24750;75;2020-07-28;238;4718
24751;75;2020-07-29;235;4953
24752;75;2020-07-30;251;5204
24753;75;2020-07-31;244;5448
24754;75;2020-08-01;106;5554
24755;75;2020-08-02;70;5624
24756;75;2020-08-03;387;6011
24757;75;2020-08-04;362;6373
24758;75;2020-08-05;396;6769
24759;75;2020-08-06;485;7254
24760;75;2020-08-07;488;7742
24761;75;2020-08-08;300;8042
24762;75;2020-08-09;294;8336
24763;75;2020-08-10;572;8908
24764;75;2020-08-11;496;9404
24765;75;2020-08-12;536;9940
24766;75;2020-08-13;542;10482
24767;75;2020-08-14;612;11094
24768;75;2020-08-15;143;11237
24769;75;2020-08-16;150;11387
24770;75;2020-08-17;757;12144
24771;75;2020-08-18;743;12887
24772;75;2020-08-19;706;13593
24773;75;2020-08-20;818;14411
24774;75;2020-08-21;801;15212
24775;75;2020-08-22;296;15508
24776;75;2020-08-23;222;15730
24777;75;2020-08-24;1178;16908
24778;75;2020-08-25;1075;17983
24779;75;2020-08-26;1326;19309
24780;75;2020-08-27;1254;20563
24781;75;2020-08-28;1175;21738
24782;75;2020-08-29;450;22188
24783;75;2020-08-30;245;22433
24784;75;2020-08-31;1574;24007
24785;75;2020-09-01;1405;25412
24786;75;2020-09-02;1228;26640
24787;75;2020-09-03;1359;27999
24788;75;2020-09-04;1332;29331
24789;75;2020-09-05;648;29979
24790;75;2020-09-06;198;30177
24791;75;2020-09-07;1692;31869
24792;75;2020-09-08;1574;33443
24793;75;2020-09-09;1629;35072
24794;75;2020-09-10;1714;36786
24795;75;2020-09-11;1594;38380
24796;75;2020-09-12;540;38920
24797;75;2020-09-13;270;39190
24798;75;2020-09-14;2050;41240
24799;75;2020-09-15;1867;43107
24800;75;2020-09-16;2014;45121
24801;75;2020-09-17;1874;46995
24802;75;2020-09-18;1864;48859
24803;75;2020-09-19;976;49835
24804;75;2020-09-20;360;50195
24805;75;2020-09-21;2393;52588
24806;75;2020-09-22;2250;54838
24807;75;2020-09-23;2217;57055
24808;75;2020-09-24;1959;59014
24809;75;2020-09-25;1886;60900
24810;75;2020-09-26;844;61744
24811;75;2020-09-27;308;62052
24812;75;2020-09-28;2177;64229
24813;75;2020-09-29;2056;66285
24814;75;2020-09-30;2320;68605
24815;75;2020-10-01;2444;71049
24816;75;2020-10-02;2503;73552
24817;75;2020-10-03;1386;74938
24818;75;2020-10-04;472;75410
24819;75;2020-10-05;3583;78993
24820;75;2020-10-06;3223;82216
24821;75;2020-10-07;3224;85440
24822;75;2020-10-08;3423;88863
24823;75;2020-10-09;3259;92122
24824;75;2020-10-10;1476;93598
24825;75;2020-10-11;588;94186
24826;75;2020-10-12;4006;98192
24827;75;2020-10-13;3487;101679
24828;75;2020-10-14;3300;104979
24829;75;2020-10-15;3412;108391
24830;75;2020-10-16;3531;111922
24831;75;2020-10-17;1689;113611
24832;75;2020-10-18;582;114193
24833;75;2020-10-19;4422;118615
24834;75;2020-10-20;4414;123029
24835;75;2020-10-21;4538;127567
24836;75;2020-10-22;4665;132232
24837;75;2020-10-23;4539;136771
24838;75;2020-10-24;2248;139019
24839;75;2020-10-25;692;139711
24840;75;2020-10-26;5543;145254
24841;75;2020-10-27;4642;149896
24842;75;2020-10-28;3957;153853
24843;75;2020-10-29;3577;157430
24844;75;2020-10-30;3636;161066
24845;75;2020-10-31;1757;162823
24846;75;2020-11-01;534;163357
24847;75;2020-11-02;3898;167255
24848;75;2020-11-03;2965;170220
24849;75;2020-11-04;2338;172558
24850;75;2020-11-05;2053;174611
24851;75;2020-11-06;2081;176692
24852;75;2020-11-07;724;177416
24853;75;2020-11-08;212;177628
24854;75;2020-11-09;2046;179674
24855;75;2020-11-10;1623;181297
24856;75;2020-11-11;266;181563
24857;75;2020-11-12;1490;183053
24858;75;2020-11-13;1066;184119
24859;75;2020-11-14;486;184605
24860;75;2020-11-15;144;184749
24861;75;2020-11-16;1305;186054
24862;75;2020-11-17;960;187014
24863;75;2020-11-18;869;187883
24864;75;2020-11-19;739;188622
24865;75;2020-11-20;915;189537
24866;75;2020-11-21;449;189986
24867;75;2020-11-22;140;190126
24868;75;2020-11-23;914;191040
24869;75;2020-11-24;662;191702
24870;75;2020-11-25;727;192429
24871;75;2020-11-26;638;193067
24872;75;2020-11-27;682;193749
24873;75;2020-11-28;384;194133
24874;75;2020-11-29;180;194313
24875;75;2020-11-30;772;195085
24876;75;2020-12-01;625;195710
24877;75;2020-12-02;532;196242
24878;75;2020-12-03;636;196878
24879;75;2020-12-04;670;197548
24880;75;2020-12-05;404;197952
24881;75;2020-12-06;134;198086
24882;75;2020-12-07;856;198942
24883;75;2020-12-08;650;199592
24884;75;2020-12-09;722;200314
24885;75;2020-12-10;865;201179
24886;75;2020-12-11;809;201988
24887;75;2020-12-12;526;202514
24888;75;2020-12-13;210;202724
24889;75;2020-12-14;1193;203917
24890;75;2020-12-15;1011;204928
24891;75;2020-12-16;1037;205965
24892;75;2020-12-17;1076;207041
24893;75;2020-12-18;1129;208170
24894;75;2020-12-19;716;208886
24895;75;2020-12-20;326;209212
24896;75;2020-12-21;1468;210680
24897;75;2020-12-22;1308;211988
24898;75;2020-12-23;1176;213164
24899;75;2020-12-24;1008;214172
24900;75;2020-12-25;140;214312
24901;75;2020-12-26;830;215142
24902;75;2020-12-27;212;215354
24903;75;2020-12-28;1526;216880
24904;75;2020-12-29;1212;218092
24905;75;2020-12-30;1089;219181
24906;75;2020-12-31;1034;220215
24907;75;2021-01-01;162;220377
24908;75;2021-01-02;810;221187
24909;75;2021-01-03;364;221551
24910;75;2021-01-04;1708;223259
24911;75;2021-01-05;1402;224661
24912;75;2021-01-06;1181;225842
24913;75;2021-01-07;1229;227071
24914;75;2021-01-08;1420;228491
24915;75;2021-01-09;984;229475
24916;75;2021-01-10;384;229859
24917;75;2021-01-11;1932;231791
24918;75;2021-01-12;1578;233369
24919;75;2021-01-13;1506;234875
24920;75;2021-01-14;1377;236252
24921;75;2021-01-15;1430;237682
24922;75;2021-01-16;1014;238696
24923;75;2021-01-17;400;239096
24924;75;2021-01-18;1842;240938
24925;75;2021-01-19;1376;242314
24926;75;2021-01-20;1579;243893
24927;75;2021-01-21;1662;245555
24928;75;2021-01-22;1809;247364
24929;75;2021-01-23;976;248340
24930;75;2021-01-24;354;248694
24931;75;2021-01-25;1853;250547
24932;75;2021-01-26;1604;252151
24933;75;2021-01-27;1696;253847
24934;75;2021-01-28;1750;255597
24935;75;2021-01-29;1728;257325
24936;75;2021-01-30;1151;258476
24937;75;2021-01-31;510;258986
24938;75;2021-02-01;2178;261164
24939;75;2021-02-02;1759;262923
24940;75;2021-02-03;1672;264595
24941;75;2021-02-04;1564;266159
24942;75;2021-02-05;1846;268005
24943;75;2021-02-06;958;268963
24944;75;2021-02-07;390;269353
24945;75;2021-02-08;2275;271628
24946;75;2021-02-09;1826;273454
24947;75;2021-02-10;1966;275420
24948;75;2021-02-11;1610;277030
24949;75;2021-02-12;1903;278933
24950;75;2021-02-13;1032;279965
24951;75;2021-02-14;450;280415
24952;75;2021-02-15;2360;282775
24953;75;2021-02-16;2006;284781
24954;75;2021-02-17;2190;286971
24955;75;2021-02-18;2194;289165
24956;75;2021-02-19;2504;291669
24957;75;2021-02-20;1370;293039
24958;75;2021-02-21;550;293589
24959;75;2021-02-22;3016;296605
24960;75;2021-02-23;2406;299011
24961;75;2021-02-24;2128;301139
24962;75;2021-02-25;2262;303401
24963;75;2021-02-26;2218;305619
24964;75;2021-02-27;1464;307083
24965;75;2021-02-28;532;307615
24966;75;2021-03-01;3020;310635
24967;75;2021-03-02;2526;313161
24968;75;2021-03-03;2335;315496
24969;75;2021-03-04;2322;317818
24970;75;2021-03-05;2386;320204
24971;75;2021-03-06;1592;321796
24972;75;2021-03-07;542;322338
24973;75;2021-03-08;3289;325627
24974;75;2021-03-09;2875;328502
24975;75;2021-03-10;3061;331563
24976;75;2021-03-11;3377;334940
24977;75;2021-03-12;3402;338342
24978;75;2021-03-13;2228;340570
24979;75;2021-03-14;902;341472
24980;75;2021-03-15;4252;345724
24981;75;2021-03-16;3734;349458
24982;75;2021-03-17;3852;353310
24983;75;2021-03-18;3546;356856
24984;75;2021-03-19;3642;360498
24985;75;2021-03-20;2574;363072
24986;75;2021-03-21;1190;364262
24987;75;2021-03-22;5492;369754
24988;75;2021-03-23;4498;374252
24989;75;2021-03-24;4273;378525
24990;75;2021-03-25;3959;382484
24991;75;2021-03-26;4284;386768
24992;75;2021-03-27;2828;389596
24993;75;2021-03-28;948;390544
24994;75;2021-03-29;5497;396041
24995;75;2021-03-30;4689;400730
24996;75;2021-03-31;4424;405154
24997;75;2021-04-01;4360;409514
24998;75;2021-04-02;4372;413886
24999;75;2021-04-03;2678;416564
25000;75;2021-04-04;862;417426
25001;75;2021-04-05;1430;418856
25002;75;2021-04-06;5330;424186
25003;75;2021-04-07;4308;428494
25004;75;2021-04-08;4016;432510
25005;75;2021-04-09;3970;436480
25006;75;2021-04-10;2542;439022
25007;75;2021-04-11;920;439942
25008;75;2021-04-12;4733;444675
25009;75;2021-04-13;3664;448339
25010;75;2021-04-14;3530;451869
25011;75;2021-04-15;3375;455244
25012;76;2020-05-13;30;30
25013;76;2020-05-14;16;46
25014;76;2020-05-15;20;66
25015;76;2020-05-16;8;74
25016;76;2020-05-17;4;78
25017;76;2020-05-18;32;110
25018;76;2020-05-19;10;120
25019;76;2020-05-20;8;128
25020;76;2020-05-21;4;132
25021;76;2020-05-22;10;142
25022;76;2020-05-23;2;144
25023;76;2020-05-24;2;146
25024;76;2020-05-25;6;152
25025;76;2020-05-26;4;156
25026;76;2020-05-27;4;160
25027;76;2020-05-28;4;164
25028;76;2020-05-29;6;170
25029;76;2020-05-30;2;172
25030;76;2020-05-31;0;172
25031;76;2020-06-01;0;172
25032;76;2020-06-02;8;180
25033;76;2020-06-03;2;182
25034;76;2020-06-04;6;188
25035;76;2020-06-05;4;192
25036;76;2020-06-06;12;204
25037;76;2020-06-07;2;206
25038;76;2020-06-08;8;214
25039;76;2020-06-09;12;226
25040;76;2020-06-10;8;234
25041;76;2020-06-11;18;252
25042;76;2020-06-12;22;274
25043;76;2020-06-13;24;298
25044;76;2020-06-14;12;310
25045;76;2020-06-15;38;348
25046;76;2020-06-16;16;364
25047;76;2020-06-17;58;422
25048;76;2020-06-18;34;456
25049;76;2020-06-19;26;482
25050;76;2020-06-20;32;514
25051;76;2020-06-21;6;520
25052;76;2020-06-22;66;586
25053;76;2020-06-23;28;614
25054;76;2020-06-24;36;650
25055;76;2020-06-25;36;686
25056;76;2020-06-26;20;706
25057;76;2020-06-27;18;724
25058;76;2020-06-28;20;744
25059;76;2020-06-29;36;780
25060;76;2020-06-30;47;827
25061;76;2020-07-01;32;859
25062;76;2020-07-02;28;887
25063;76;2020-07-03;32;919
25064;76;2020-07-04;20;939
25065;76;2020-07-05;10;949
25066;76;2020-07-06;18;967
25067;76;2020-07-07;36;1003
25068;76;2020-07-08;18;1021
25069;76;2020-07-09;30;1051
25070;76;2020-07-10;16;1067
25071;76;2020-07-11;10;1077
25072;76;2020-07-12;8;1085
25073;76;2020-07-13;28;1113
25074;76;2020-07-14;10;1123
25075;76;2020-07-15;8;1131
25076;76;2020-07-16;20;1151
25077;76;2020-07-17;10;1161
25078;76;2020-07-18;0;1161
25079;76;2020-07-19;6;1167
25080;76;2020-07-20;8;1175
25081;76;2020-07-21;16;1191
25082;76;2020-07-22;12;1203
25083;76;2020-07-23;30;1233
25084;76;2020-07-24;18;1251
25085;76;2020-07-25;8;1259
25086;76;2020-07-26;12;1271
25087;76;2020-07-27;12;1283
25088;76;2020-07-28;16;1299
25089;76;2020-07-29;20;1319
25090;76;2020-07-30;14;1333
25091;76;2020-07-31;28;1361
25092;76;2020-08-01;26;1387
25093;76;2020-08-02;22;1409
25094;76;2020-08-03;30;1439
25095;76;2020-08-04;32;1471
25096;76;2020-08-05;34;1505
25097;76;2020-08-06;34;1539
25098;76;2020-08-07;54;1593
25099;76;2020-08-08;22;1615
25100;76;2020-08-09;14;1629
25101;76;2020-08-10;26;1655
25102;76;2020-08-11;42;1697
25103;76;2020-08-12;34;1731
25104;76;2020-08-13;42;1773
25105;76;2020-08-14;44;1817
25106;76;2020-08-15;40;1857
25107;76;2020-08-16;54;1911
25108;76;2020-08-17;60;1971
25109;76;2020-08-18;90;2061
25110;76;2020-08-19;102;2163
25111;76;2020-08-20;72;2235
25112;76;2020-08-21;90;2325
25113;76;2020-08-22;82;2407
25114;76;2020-08-23;26;2433
25115;76;2020-08-24;138;2571
25116;76;2020-08-25;210;2781
25117;76;2020-08-26;166;2947
25118;76;2020-08-27;290;3237
25119;76;2020-08-28;216;3453
25120;76;2020-08-29;138;3591
25121;76;2020-08-30;128;3719
25122;76;2020-08-31;318;4037
25123;76;2020-09-01;226;4263
25124;76;2020-09-02;306;4569
25125;76;2020-09-03;348;4917
25126;76;2020-09-04;300;5217
25127;76;2020-09-05;156;5373
25128;76;2020-09-06;226;5599
25129;76;2020-09-07;412;6011
25130;76;2020-09-08;402;6413
25131;76;2020-09-09;386;6799
25132;76;2020-09-10;410;7209
25133;76;2020-09-11;504;7713
25134;76;2020-09-12;180;7893
25135;76;2020-09-13;92;7985
25136;76;2020-09-14;532;8517
25137;76;2020-09-15;590;9107
25138;76;2020-09-16;658;9765
25139;76;2020-09-17;578;10343
25140;76;2020-09-18;660;11003
25141;76;2020-09-19;292;11295
25142;76;2020-09-20;192;11487
25143;76;2020-09-21;688;12175
25144;76;2020-09-22;680;12855
25145;76;2020-09-23;514;13369
25146;76;2020-09-24;436;13805
25147;76;2020-09-25;504;14309
25148;76;2020-09-26;210;14519
25149;76;2020-09-27;112;14631
25150;76;2020-09-28;442;15073
25151;76;2020-09-29;442;15515
25152;76;2020-09-30;495;16010
25153;76;2020-10-01;578;16588
25154;76;2020-10-02;736;17324
25155;76;2020-10-03;299;17623
25156;76;2020-10-04;184;17807
25157;76;2020-10-05;692;18499
25158;76;2020-10-06;798;19297
25159;76;2020-10-07;816;20113
25160;76;2020-10-08;736;20849
25161;76;2020-10-09;802;21651
25162;76;2020-10-10;578;22229
25163;76;2020-10-11;304;22533
25164;76;2020-10-12;896;23429
25165;76;2020-10-13;974;24403
25166;76;2020-10-14;1082;25485
25167;76;2020-10-15;962;26447
25168;76;2020-10-16;1166;27613
25169;76;2020-10-17;520;28133
25170;76;2020-10-18;260;28393
25171;76;2020-10-19;1320;29713
25172;76;2020-10-20;1378;31091
25173;76;2020-10-21;1430;32521
25174;76;2020-10-22;1572;34093
25175;76;2020-10-23;1738;35831
25176;76;2020-10-24;826;36657
25177;76;2020-10-25;402;37059
25178;76;2020-10-26;2112;39171
25179;76;2020-10-27;1970;41141
25180;76;2020-10-28;2006;43147
25181;76;2020-10-29;1752;44899
25182;76;2020-10-30;1760;46659
25183;76;2020-10-31;844;47503
25184;76;2020-11-01;370;47873
25185;76;2020-11-02;2362;50235
25186;76;2020-11-03;1866;52101
25187;76;2020-11-04;1608;53709
25188;76;2020-11-05;1546;55255
25189;76;2020-11-06;1566;56821
25190;76;2020-11-07;546;57367
25191;76;2020-11-08;222;57589
25192;76;2020-11-09;1310;58899
25193;76;2020-11-10;1263;60162
25194;76;2020-11-11;260;60422
25195;76;2020-11-12;1062;61484
25196;76;2020-11-13;895;62379
25197;76;2020-11-14;354;62733
25198;76;2020-11-15;206;62939
25199;76;2020-11-16;1012;63951
25200;76;2020-11-17;898;64849
25201;76;2020-11-18;624;65473
25202;76;2020-11-19;698;66171
25203;76;2020-11-20;496;66667
25204;76;2020-11-21;250;66917
25205;76;2020-11-22;48;66965
25206;76;2020-11-23;570;67535
25207;76;2020-11-24;424;67959
25208;76;2020-11-25;410;68369
25209;76;2020-11-26;420;68789
25210;76;2020-11-27;358;69147
25211;76;2020-11-28;156;69303
25212;76;2020-11-29;66;69369
25213;76;2020-11-30;298;69667
25214;76;2020-12-01;370;70037
25215;76;2020-12-02;264;70301
25216;76;2020-12-03;322;70623
25217;76;2020-12-04;298;70921
25218;76;2020-12-05;176;71097
25219;76;2020-12-06;144;71241
25220;76;2020-12-07;404;71645
25221;76;2020-12-08;426;72071
25222;76;2020-12-09;408;72479
25223;76;2020-12-10;436;72915
25224;76;2020-12-11;352;73267
25225;76;2020-12-12;270;73537
25226;76;2020-12-13;56;73593
25227;76;2020-12-14;628;74221
25228;76;2020-12-15;526;74747
25229;76;2020-12-16;484;75231
25230;76;2020-12-17;574;75805
25231;76;2020-12-18;453;76258
25232;76;2020-12-19;236;76494
25233;76;2020-12-20;62;76556
25234;76;2020-12-21;582;77138
25235;76;2020-12-22;551;77689
25236;76;2020-12-23;566;78255
25237;76;2020-12-24;368;78623
25238;76;2020-12-25;54;78677
25239;76;2020-12-26;352;79029
25240;76;2020-12-27;56;79085
25241;76;2020-12-28;696;79781
25242;76;2020-12-29;706;80487
25243;76;2020-12-30;626;81113
25244;76;2020-12-31;566;81679
25245;76;2021-01-01;72;81751
25246;76;2021-01-02;474;82225
25247;76;2021-01-03;130;82355
25248;76;2021-01-04;980;83335
25249;76;2021-01-05;970;84305
25250;76;2021-01-06;736;85041
25251;76;2021-01-07;838;85879
25252;76;2021-01-08;868;86747
25253;76;2021-01-09;434;87181
25254;76;2021-01-10;148;87329
25255;76;2021-01-11;1093;88422
25256;76;2021-01-12;960;89382
25257;76;2021-01-13;990;90372
25258;76;2021-01-14;1028;91400
25259;76;2021-01-15;902;92302
25260;76;2021-01-16;458;92760
25261;76;2021-01-17;154;92914
25262;76;2021-01-18;1274;94188
25263;76;2021-01-19;968;95156
25264;76;2021-01-20;1119;96275
25265;76;2021-01-21;976;97251
25266;76;2021-01-22;988;98239
25267;76;2021-01-23;436;98675
25268;76;2021-01-24;90;98765
25269;76;2021-01-25;960;99725
25270;76;2021-01-26;740;100465
25271;76;2021-01-27;858;101323
25272;76;2021-01-28;878;102201
25273;76;2021-01-29;856;103057
25274;76;2021-01-30;538;103595
25275;76;2021-01-31;146;103741
25276;76;2021-02-01;1168;104909
25277;76;2021-02-02;802;105711
25278;76;2021-02-03;934;106645
25279;76;2021-02-04;696;107341
25280;76;2021-02-05;728;108069
25281;76;2021-02-06;384;108453
25282;76;2021-02-07;44;108497
25283;76;2021-02-08;782;109279
25284;76;2021-02-09;586;109865
25285;76;2021-02-10;548;110413
25286;76;2021-02-11;500;110913
25287;76;2021-02-12;610;111523
25288;76;2021-02-13;350;111873
25289;76;2021-02-14;84;111957
25290;76;2021-02-15;928;112885
25291;76;2021-02-16;696;113581
25292;76;2021-02-17;772;114353
25293;76;2021-02-18;744;115097
25294;76;2021-02-19;820;115917
25295;76;2021-02-20;450;116367
25296;76;2021-02-21;88;116455
25297;76;2021-02-22;1057;117512
25298;76;2021-02-23;918;118430
25299;76;2021-02-24;852;119282
25300;76;2021-02-25;993;120275
25301;76;2021-02-26;856;121131
25302;76;2021-02-27;494;121625
25303;76;2021-02-28;128;121753
25304;76;2021-03-01;1172;122925
25305;76;2021-03-02;890;123815
25306;76;2021-03-03;850;124665
25307;76;2021-03-04;860;125525
25308;76;2021-03-05;860;126385
25309;76;2021-03-06;514;126899
25310;76;2021-03-07;146;127045
25311;76;2021-03-08;1104;128149
25312;76;2021-03-09;986;129135
25313;76;2021-03-10;1132;130267
25314;76;2021-03-11;1180;131447
25315;76;2021-03-12;1326;132773
25316;76;2021-03-13;856;133629
25317;76;2021-03-14;142;133771
25318;76;2021-03-15;1782;135553
25319;76;2021-03-16;1500;137053
25320;76;2021-03-17;1228;138281
25321;76;2021-03-18;1424;139705
25322;76;2021-03-19;1516;141221
25323;76;2021-03-20;948;142169
25324;76;2021-03-21;214;142383
25325;76;2021-03-22;1960;144343
25326;76;2021-03-23;1788;146131
25327;76;2021-03-24;1582;147713
25328;76;2021-03-25;1700;149413
25329;76;2021-03-26;1728;151141
25330;76;2021-03-27;1092;152233
25331;76;2021-03-28;213;152446
25332;76;2021-03-29;2140;154586
25333;76;2021-03-30;1826;156412
25334;76;2021-03-31;1698;158110
25335;76;2021-04-01;1663;159773
25336;76;2021-04-02;1862;161635
25337;76;2021-04-03;937;162572
25338;76;2021-04-04;156;162728
25339;76;2021-04-05;214;162942
25340;76;2021-04-06;2303;165245
25341;76;2021-04-07;1855;167100
25342;76;2021-04-08;1638;168738
25343;76;2021-04-09;1928;170666
25344;76;2021-04-10;1020;171686
25345;76;2021-04-11;210;171896
25346;76;2021-04-12;2096;173992
25347;76;2021-04-13;1646;175638
25348;76;2021-04-14;1308;176946
25349;76;2021-04-15;1326;178272
25350;77;2020-05-13;54;54
25351;77;2020-05-14;57;111
25352;77;2020-05-15;40;151
25353;77;2020-05-16;22;173
25354;77;2020-05-17;8;181
25355;77;2020-05-18;100;281
25356;77;2020-05-19;30;311
25357;77;2020-05-20;44;355
25358;77;2020-05-21;22;377
25359;77;2020-05-22;30;407
25360;77;2020-05-23;20;427
25361;77;2020-05-24;10;437
25362;77;2020-05-25;62;499
25363;77;2020-05-26;58;557
25364;77;2020-05-27;50;607
25365;77;2020-05-28;24;631
25366;77;2020-05-29;22;653
25367;77;2020-05-30;26;679
25368;77;2020-05-31;2;681
25369;77;2020-06-01;6;687
25370;77;2020-06-02;54;741
25371;77;2020-06-03;44;785
25372;77;2020-06-04;26;811
25373;77;2020-06-05;16;827
25374;77;2020-06-06;12;839
25375;77;2020-06-07;2;841
25376;77;2020-06-08;18;859
25377;77;2020-06-09;36;895
25378;77;2020-06-10;18;913
25379;77;2020-06-11;26;939
25380;77;2020-06-12;10;949
25381;77;2020-06-13;10;959
25382;77;2020-06-14;4;963
25383;77;2020-06-15;16;979
25384;77;2020-06-16;16;995
25385;77;2020-06-17;26;1021
25386;77;2020-06-18;8;1029
25387;77;2020-06-19;16;1045
25388;77;2020-06-20;6;1051
25389;77;2020-06-21;4;1055
25390;77;2020-06-22;26;1081
25391;77;2020-06-23;28;1109
25392;77;2020-06-24;10;1119
25393;77;2020-06-25;10;1129
25394;77;2020-06-26;26;1155
25395;77;2020-06-27;18;1173
25396;77;2020-06-28;6;1179
25397;77;2020-06-29;26;1205
25398;77;2020-06-30;20;1225
25399;77;2020-07-01;24;1249
25400;77;2020-07-02;12;1261
25401;77;2020-07-03;18;1279
25402;77;2020-07-04;10;1289
25403;77;2020-07-05;4;1293
25404;77;2020-07-06;28;1321
25405;77;2020-07-07;14;1335
25406;77;2020-07-08;10;1345
25407;77;2020-07-09;40;1385
25408;77;2020-07-10;12;1397
25409;77;2020-07-11;12;1409
25410;77;2020-07-12;0;1409
25411;77;2020-07-13;18;1427
25412;77;2020-07-14;4;1431
25413;77;2020-07-15;24;1455
25414;77;2020-07-16;32;1487
25415;77;2020-07-17;36;1523
25416;77;2020-07-18;14;1537
25417;77;2020-07-19;2;1539
25418;77;2020-07-20;22;1561
25419;77;2020-07-21;50;1611
25420;77;2020-07-22;48;1659
25421;77;2020-07-23;54;1713
25422;77;2020-07-24;38;1751
25423;77;2020-07-25;50;1801
25424;77;2020-07-26;2;1803
25425;77;2020-07-27;86;1889
25426;77;2020-07-28;62;1951
25427;77;2020-07-29;136;2087
25428;77;2020-07-30;94;2181
25429;77;2020-07-31;82;2263
25430;77;2020-08-01;58;2321
25431;77;2020-08-02;12;2333
25432;77;2020-08-03;92;2425
25433;77;2020-08-04;82;2507
25434;77;2020-08-05;108;2615
25435;77;2020-08-06;70;2685
25436;77;2020-08-07;132;2817
25437;77;2020-08-08;60;2877
25438;77;2020-08-09;14;2891
25439;77;2020-08-10;112;3003
25440;77;2020-08-11;98;3101
25441;77;2020-08-12;158;3259
25442;77;2020-08-13;132;3391
25443;77;2020-08-14;212;3603
25444;77;2020-08-15;16;3619
25445;77;2020-08-16;12;3631
25446;77;2020-08-17;210;3841
25447;77;2020-08-18;180;4021
25448;77;2020-08-19;174;4195
25449;77;2020-08-20;244;4439
25450;77;2020-08-21;204;4643
25451;77;2020-08-22;110;4753
25452;77;2020-08-23;30;4783
25453;77;2020-08-24;296;5079
25454;77;2020-08-25;290;5369
25455;77;2020-08-26;364;5733
25456;77;2020-08-27;346;6079
25457;77;2020-08-28;472;6551
25458;77;2020-08-29;88;6639
25459;77;2020-08-30;38;6677
25460;77;2020-08-31;330;7007
25461;77;2020-09-01;370;7377
25462;77;2020-09-02;330;7707
25463;77;2020-09-03;412;8119
25464;77;2020-09-04;410;8529
25465;77;2020-09-05;152;8681
25466;77;2020-09-06;36;8717
25467;77;2020-09-07;412;9129
25468;77;2020-09-08;454;9583
25469;77;2020-09-09;412;9995
25470;77;2020-09-10;478;10473
25471;77;2020-09-11;476;10949
25472;77;2020-09-12;204;11153
25473;77;2020-09-13;76;11229
25474;77;2020-09-14;680;11909
25475;77;2020-09-15;526;12435
25476;77;2020-09-16;506;12941
25477;77;2020-09-17;446;13387
25478;77;2020-09-18;539;13926
25479;77;2020-09-19;210;14136
25480;77;2020-09-20;58;14194
25481;77;2020-09-21;642;14836
25482;77;2020-09-22;656;15492
25483;77;2020-09-23;550;16042
25484;77;2020-09-24;632;16674
25485;77;2020-09-25;633;17307
25486;77;2020-09-26;248;17555
25487;77;2020-09-27;32;17587
25488;77;2020-09-28;560;18147
25489;77;2020-09-29;624;18771
25490;77;2020-09-30;676;19447
25491;77;2020-10-01;688;20135
25492;77;2020-10-02;840;20975
25493;77;2020-10-03;381;21356
25494;77;2020-10-04;102;21458
25495;77;2020-10-05;1038;22496
25496;77;2020-10-06;978;23474
25497;77;2020-10-07;1014;24488
25498;77;2020-10-08;1142;25630
25499;77;2020-10-09;1298;26928
25500;77;2020-10-10;598;27526
25501;77;2020-10-11;94;27620
25502;77;2020-10-12;1414;29034
25503;77;2020-10-13;1476;30510
25504;77;2020-10-14;1344;31854
25505;77;2020-10-15;1508;33362
25506;77;2020-10-16;1364;34726
25507;77;2020-10-17;746;35472
25508;77;2020-10-18;95;35567
25509;77;2020-10-19;1747;37314
25510;77;2020-10-20;1880;39194
25511;77;2020-10-21;1706;40900
25512;77;2020-10-22;2116;43016
25513;77;2020-10-23;2240;45256
25514;77;2020-10-24;1155;46411
25515;77;2020-10-25;98;46509
25516;77;2020-10-26;2505;49014
25517;77;2020-10-27;2539;51553
25518;77;2020-10-28;2246;53799
25519;77;2020-10-29;2118;55917
25520;77;2020-10-30;2033;57950
25521;77;2020-10-31;1074;59024
25522;77;2020-11-01;168;59192
25523;77;2020-11-02;2418;61610
25524;77;2020-11-03;2106;63716
25525;77;2020-11-04;1870;65586
25526;77;2020-11-05;1738;67324
25527;77;2020-11-06;1833;69157
25528;77;2020-11-07;866;70023
25529;77;2020-11-08;114;70137
25530;77;2020-11-09;1682;71819
25531;77;2020-11-10;1578;73397
25532;77;2020-11-11;310;73707
25533;77;2020-11-12;1488;75195
25534;77;2020-11-13;1118;76313
25535;77;2020-11-14;564;76877
25536;77;2020-11-15;100;76977
25537;77;2020-11-16;1304;78281
25538;77;2020-11-17;942;79223
25539;77;2020-11-18;890;80113
25540;77;2020-11-19;845;80958
25541;77;2020-11-20;678;81636
25542;77;2020-11-21;390;82026
25543;77;2020-11-22;84;82110
25544;77;2020-11-23;785;82895
25545;77;2020-11-24;712;83607
25546;77;2020-11-25;638;84245
25547;77;2020-11-26;558;84803
25548;77;2020-11-27;516;85319
25549;77;2020-11-28;306;85625
25550;77;2020-11-29;86;85711
25551;77;2020-11-30;734;86445
25552;77;2020-12-01;578;87023
25553;77;2020-12-02;490;87513
25554;77;2020-12-03;496;88009
25555;77;2020-12-04;594;88603
25556;77;2020-12-05;280;88883
25557;77;2020-12-06;86;88969
25558;77;2020-12-07;680;89649
25559;77;2020-12-08;514;90163
25560;77;2020-12-09;558;90721
25561;77;2020-12-10;562;91283
25562;77;2020-12-11;580;91863
25563;77;2020-12-12;390;92253
25564;77;2020-12-13;76;92329
25565;77;2020-12-14;710;93039
25566;77;2020-12-15;640;93679
25567;77;2020-12-16;574;94253
25568;77;2020-12-17;536;94789
25569;77;2020-12-18;708;95497
25570;77;2020-12-19;432;95929
25571;77;2020-12-20;106;96035
25572;77;2020-12-21;870;96905
25573;77;2020-12-22;654;97559
25574;77;2020-12-23;621;98180
25575;77;2020-12-24;542;98722
25576;77;2020-12-25;96;98818
25577;77;2020-12-26;454;99272
25578;77;2020-12-27;88;99360
25579;77;2020-12-28;822;100182
25580;77;2020-12-29;822;101004
25581;77;2020-12-30;683;101687
25582;77;2020-12-31;610;102297
25583;77;2021-01-01;84;102381
25584;77;2021-01-02;550;102931
25585;77;2021-01-03;110;103041
25586;77;2021-01-04;1016;104057
25587;77;2021-01-05;882;104939
25588;77;2021-01-06;848;105787
25589;77;2021-01-07;832;106619
25590;77;2021-01-08;828;107447
25591;77;2021-01-09;462;107909
25592;77;2021-01-10;132;108041
25593;77;2021-01-11;1008;109049
25594;77;2021-01-12;854;109903
25595;77;2021-01-13;812;110715
25596;77;2021-01-14;946;111661
25597;77;2021-01-15;1036;112697
25598;77;2021-01-16;616;113313
25599;77;2021-01-17;164;113477
25600;77;2021-01-18;1132;114609
25601;77;2021-01-19;956;115565
25602;77;2021-01-20;890;116455
25603;77;2021-01-21;1028;117483
25604;77;2021-01-22;1032;118515
25605;77;2021-01-23;714;119229
25606;77;2021-01-24;154;119383
25607;77;2021-01-25;1306;120689
25608;77;2021-01-26;1103;121792
25609;77;2021-01-27;1040;122832
25610;77;2021-01-28;1125;123957
25611;77;2021-01-29;1324;125281
25612;77;2021-01-30;818;126099
25613;77;2021-01-31;170;126269
25614;77;2021-02-01;1553;127822
25615;77;2021-02-02;1190;129012
25616;77;2021-02-03;1100;130112
25617;77;2021-02-04;1182;131294
25618;77;2021-02-05;1190;132484
25619;77;2021-02-06;722;133206
25620;77;2021-02-07;198;133404
25621;77;2021-02-08;1398;134802
25622;77;2021-02-09;1236;136038
25623;77;2021-02-10;1076;137114
25624;77;2021-02-11;1226;138340
25625;77;2021-02-12;1202;139542
25626;77;2021-02-13;772;140314
25627;77;2021-02-14;142;140456
25628;77;2021-02-15;1550;142006
25629;77;2021-02-16;1435;143441
25630;77;2021-02-17;1308;144749
25631;77;2021-02-18;1488;146237
25632;77;2021-02-19;1516;147753
25633;77;2021-02-20;932;148685
25634;77;2021-02-21;274;148959
25635;77;2021-02-22;1984;150943
25636;77;2021-02-23;1690;152633
25637;77;2021-02-24;1676;154309
25638;77;2021-02-25;1588;155897
25639;77;2021-02-26;1774;157671
25640;77;2021-02-27;1118;158789
25641;77;2021-02-28;216;159005
25642;77;2021-03-01;2126;161131
25643;77;2021-03-02;1731;162862
25644;77;2021-03-03;1692;164554
25645;77;2021-03-04;1780;166334
25646;77;2021-03-05;1790;168124
25647;77;2021-03-06;1196;169320
25648;77;2021-03-07;240;169560
25649;77;2021-03-08;2298;171858
25650;77;2021-03-09;1916;173774
25651;77;2021-03-10;2151;175925
25652;77;2021-03-11;2438;178363
25653;77;2021-03-12;2263;180626
25654;77;2021-03-13;1804;182430
25655;77;2021-03-14;512;182942
25656;77;2021-03-15;3356;186298
25657;77;2021-03-16;2874;189172
25658;77;2021-03-17;2516;191688
25659;77;2021-03-18;2852;194540
25660;77;2021-03-19;2786;197326
25661;77;2021-03-20;2134;199460
25662;77;2021-03-21;532;199992
25663;77;2021-03-22;4119;204111
25664;77;2021-03-23;3636;207747
25665;77;2021-03-24;3404;211151
25666;77;2021-03-25;3319;214470
25667;77;2021-03-26;3560;218030
25668;77;2021-03-27;2364;220394
25669;77;2021-03-28;538;220932
25670;77;2021-03-29;4520;225452
25671;77;2021-03-30;3692;229144
25672;77;2021-03-31;3282;232426
25673;77;2021-04-01;3220;235646
25674;77;2021-04-02;3353;238999
25675;77;2021-04-03;2150;241149
25676;77;2021-04-04;376;241525
25677;77;2021-04-05;698;242223
25678;77;2021-04-06;3838;246061
25679;77;2021-04-07;3040;249101
25680;77;2021-04-08;2713;251814
25681;77;2021-04-09;2768;254582
25682;77;2021-04-10;2114;256696
25683;77;2021-04-11;314;257010
25684;77;2021-04-12;3379;260389
25685;77;2021-04-13;2604;262993
25686;77;2021-04-14;2040;265033
25687;77;2021-04-15;2160;267193
25688;78;2020-05-13;64;64
25689;78;2020-05-14;42;106
25690;78;2020-05-15;64;170
25691;78;2020-05-16;30;200
25692;78;2020-05-17;8;208
25693;78;2020-05-18;58;266
25694;78;2020-05-19;88;354
25695;78;2020-05-20;84;438
25696;78;2020-05-21;0;438
25697;78;2020-05-22;28;466
25698;78;2020-05-23;20;486
25699;78;2020-05-24;10;496
25700;78;2020-05-25;66;562
25701;78;2020-05-26;60;622
25702;78;2020-05-27;52;674
25703;78;2020-05-28;35;709
25704;78;2020-05-29;64;773
25705;78;2020-05-30;22;795
25706;78;2020-05-31;12;807
25707;78;2020-06-01;4;811
25708;78;2020-06-02;48;859
25709;78;2020-06-03;46;905
25710;78;2020-06-04;34;939
25711;78;2020-06-05;26;965
25712;78;2020-06-06;12;977
25713;78;2020-06-07;4;981
25714;78;2020-06-08;38;1019
25715;78;2020-06-09;20;1039
25716;78;2020-06-10;36;1075
25717;78;2020-06-11;12;1087
25718;78;2020-06-12;38;1125
25719;78;2020-06-13;16;1141
25720;78;2020-06-14;6;1147
25721;78;2020-06-15;40;1187
25722;78;2020-06-16;32;1219
25723;78;2020-06-17;40;1259
25724;78;2020-06-18;32;1291
25725;78;2020-06-19;40;1331
25726;78;2020-06-20;8;1339
25727;78;2020-06-21;4;1343
25728;78;2020-06-22;50;1393
25729;78;2020-06-23;38;1431
25730;78;2020-06-24;36;1467
25731;78;2020-06-25;34;1501
25732;78;2020-06-26;40;1541
25733;78;2020-06-27;2;1543
25734;78;2020-06-28;8;1551
25735;78;2020-06-29;24;1575
25736;78;2020-06-30;32;1607
25737;78;2020-07-01;16;1623
25738;78;2020-07-02;42;1665
25739;78;2020-07-03;28;1693
25740;78;2020-07-04;18;1711
25741;78;2020-07-05;4;1715
25742;78;2020-07-06;40;1755
25743;78;2020-07-07;28;1783
25744;78;2020-07-08;48;1831
25745;78;2020-07-09;30;1861
25746;78;2020-07-10;30;1891
25747;78;2020-07-11;30;1921
25748;78;2020-07-12;4;1925
25749;78;2020-07-13;38;1963
25750;78;2020-07-14;6;1969
25751;78;2020-07-15;38;2007
25752;78;2020-07-16;64;2071
25753;78;2020-07-17;62;2133
25754;78;2020-07-18;46;2179
25755;78;2020-07-19;18;2197
25756;78;2020-07-20;54;2251
25757;78;2020-07-21;56;2307
25758;78;2020-07-22;96;2403
25759;78;2020-07-23;38;2441
25760;78;2020-07-24;62;2503
25761;78;2020-07-25;34;2537
25762;78;2020-07-26;14;2551
25763;78;2020-07-27;78;2629
25764;78;2020-07-28;84;2713
25765;78;2020-07-29;112;2825
25766;78;2020-07-30;80;2905
25767;78;2020-07-31;124;3029
25768;78;2020-08-01;22;3051
25769;78;2020-08-02;8;3059
25770;78;2020-08-03;188;3247
25771;78;2020-08-04;200;3447
25772;78;2020-08-05;134;3581
25773;78;2020-08-06;118;3699
25774;78;2020-08-07;138;3837
25775;78;2020-08-08;34;3871
25776;78;2020-08-09;12;3883
25777;78;2020-08-10;102;3985
25778;78;2020-08-11;144;4129
25779;78;2020-08-12;132;4261
25780;78;2020-08-13;194;4455
25781;78;2020-08-14;212;4667
25782;78;2020-08-15;30;4697
25783;78;2020-08-16;64;4761
25784;78;2020-08-17;248;5009
25785;78;2020-08-18;192;5201
25786;78;2020-08-19;174;5375
25787;78;2020-08-20;192;5567
25788;78;2020-08-21;190;5757
25789;78;2020-08-22;68;5825
25790;78;2020-08-23;34;5859
25791;78;2020-08-24;290;6149
25792;78;2020-08-25;382;6531
25793;78;2020-08-26;268;6799
25794;78;2020-08-27;328;7127
25795;78;2020-08-28;374;7501
25796;78;2020-08-29;128;7629
25797;78;2020-08-30;58;7687
25798;78;2020-08-31;382;8069
25799;78;2020-09-01;457;8526
25800;78;2020-09-02;420;8946
25801;78;2020-09-03;408;9354
25802;78;2020-09-04;426;9780
25803;78;2020-09-05;168;9948
25804;78;2020-09-06;62;10010
25805;78;2020-09-07;526;10536
25806;78;2020-09-08;592;11128
25807;78;2020-09-09;490;11618
25808;78;2020-09-10;600;12218
25809;78;2020-09-11;586;12804
25810;78;2020-09-12;214;13018
25811;78;2020-09-13;60;13078
25812;78;2020-09-14;652;13730
25813;78;2020-09-15;598;14328
25814;78;2020-09-16;626;14954
25815;78;2020-09-17;672;15626
25816;78;2020-09-18;600;16226
25817;78;2020-09-19;268;16494
25818;78;2020-09-20;105;16599
25819;78;2020-09-21;721;17320
25820;78;2020-09-22;586;17906
25821;78;2020-09-23;722;18628
25822;78;2020-09-24;666;19294
25823;78;2020-09-25;632;19926
25824;78;2020-09-26;262;20188
25825;78;2020-09-27;44;20232
25826;78;2020-09-28;702;20934
25827;78;2020-09-29;658;21592
25828;78;2020-09-30;580;22172
25829;78;2020-10-01;808;22980
25830;78;2020-10-02;847;23827
25831;78;2020-10-03;338;24165
25832;78;2020-10-04;88;24253
25833;78;2020-10-05;1244;25497
25834;78;2020-10-06;1040;26537
25835;78;2020-10-07;1218;27755
25836;78;2020-10-08;1300;29055
25837;78;2020-10-09;1284;30339
25838;78;2020-10-10;546;30885
25839;78;2020-10-11;108;30993
25840;78;2020-10-12;1576;32569
25841;78;2020-10-13;1580;34149
25842;78;2020-10-14;1383;35532
25843;78;2020-10-15;1676;37208
25844;78;2020-10-16;1716;38924
25845;78;2020-10-17;570;39494
25846;78;2020-10-18;136;39630
25847;78;2020-10-19;2108;41738
25848;78;2020-10-20;2250;43988
25849;78;2020-10-21;2208;46196
25850;78;2020-10-22;2526;48722
25851;78;2020-10-23;2474;51196
25852;78;2020-10-24;1061;52257
25853;78;2020-10-25;246;52503
25854;78;2020-10-26;3050;55553
25855;78;2020-10-27;2606;58159
25856;78;2020-10-28;2434;60593
25857;78;2020-10-29;2344;62937
25858;78;2020-10-30;2326;65263
25859;78;2020-10-31;1022;66285
25860;78;2020-11-01;204;66489
25861;78;2020-11-02;2742;69231
25862;78;2020-11-03;2058;71289
25863;78;2020-11-04;1538;72827
25864;78;2020-11-05;1808;74635
25865;78;2020-11-06;1448;76083
25866;78;2020-11-07;554;76637
25867;78;2020-11-08;208;76845
25868;78;2020-11-09;1638;78483
25869;78;2020-11-10;1300;79783
25870;78;2020-11-11;266;80049
25871;78;2020-11-12;1250;81299
25872;78;2020-11-13;880;82179
25873;78;2020-11-14;326;82505
25874;78;2020-11-15;100;82605
25875;78;2020-11-16;1134;83739
25876;78;2020-11-17;832;84571
25877;78;2020-11-18;596;85167
25878;78;2020-11-19;654;85821
25879;78;2020-11-20;572;86393
25880;78;2020-11-21;266;86659
25881;78;2020-11-22;70;86729
25882;78;2020-11-23;752;87481
25883;78;2020-11-24;516;87997
25884;78;2020-11-25;500;88497
25885;78;2020-11-26;486;88983
25886;78;2020-11-27;478;89461
25887;78;2020-11-28;214;89675
25888;78;2020-11-29;66;89741
25889;78;2020-11-30;610;90351
25890;78;2020-12-01;524;90875
25891;78;2020-12-02;476;91351
25892;78;2020-12-03;436;91787
25893;78;2020-12-04;498;92285
25894;78;2020-12-05;290;92575
25895;78;2020-12-06;66;92641
25896;78;2020-12-07;746;93387
25897;78;2020-12-08;472;93859
25898;78;2020-12-09;420;94279
25899;78;2020-12-10;542;94821
25900;78;2020-12-11;516;95337
25901;78;2020-12-12;348;95685
25902;78;2020-12-13;66;95751
25903;78;2020-12-14;682;96433
25904;78;2020-12-15;664;97097
25905;78;2020-12-16;516;97613
25906;78;2020-12-17;516;98129
25907;78;2020-12-18;635;98764
25908;78;2020-12-19;418;99182
25909;78;2020-12-20;102;99284
25910;78;2020-12-21;746;100030
25911;78;2020-12-22;674;100704
25912;78;2020-12-23;588;101292
25913;78;2020-12-24;496;101788
25914;78;2020-12-25;52;101840
25915;78;2020-12-26;508;102348
25916;78;2020-12-27;66;102414
25917;78;2020-12-28;852;103266
25918;78;2020-12-29;730;103996
25919;78;2020-12-30;800;104796
25920;78;2020-12-31;648;105444
25921;78;2021-01-01;50;105494
25922;78;2021-01-02;650;106144
25923;78;2021-01-03;77;106221
25924;78;2021-01-04;1048;107269
25925;78;2021-01-05;818;108087
25926;78;2021-01-06;750;108837
25927;78;2021-01-07;716;109553
25928;78;2021-01-08;732;110285
25929;78;2021-01-09;466;110751
25930;78;2021-01-10;88;110839
25931;78;2021-01-11;930;111769
25932;78;2021-01-12;794;112563
25933;78;2021-01-13;644;113207
25934;78;2021-01-14;698;113905
25935;78;2021-01-15;802;114707
25936;78;2021-01-16;526;115233
25937;78;2021-01-17;134;115367
25938;78;2021-01-18;1062;116429
25939;78;2021-01-19;884;117313
25940;78;2021-01-20;968;118281
25941;78;2021-01-21;884;119165
25942;78;2021-01-22;874;120039
25943;78;2021-01-23;540;120579
25944;78;2021-01-24;128;120707
25945;78;2021-01-25;1224;121931
25946;78;2021-01-26;948;122879
25947;78;2021-01-27;954;123833
25948;78;2021-01-28;1022;124855
25949;78;2021-01-29;904;125759
25950;78;2021-01-30;590;126349
25951;78;2021-01-31;146;126495
25952;78;2021-02-01;1170;127665
25953;78;2021-02-02;1210;128875
25954;78;2021-02-03;940;129815
25955;78;2021-02-04;1086;130901
25956;78;2021-02-05;1080;131981
25957;78;2021-02-06;663;132644
25958;78;2021-02-07;174;132818
25959;78;2021-02-08;1274;134092
25960;78;2021-02-09;1106;135198
25961;78;2021-02-10;1012;136210
25962;78;2021-02-11;962;137172
25963;78;2021-02-12;1048;138220
25964;78;2021-02-13;668;138888
25965;78;2021-02-14;136;139024
25966;78;2021-02-15;1336;140360
25967;78;2021-02-16;1248;141608
25968;78;2021-02-17;1198;142806
25969;78;2021-02-18;1162;143968
25970;78;2021-02-19;1342;145310
25971;78;2021-02-20;890;146200
25972;78;2021-02-21;168;146368
25973;78;2021-02-22;1768;148136
25974;78;2021-02-23;1358;149494
25975;78;2021-02-24;1314;150808
25976;78;2021-02-25;1170;151978
25977;78;2021-02-26;1268;153246
25978;78;2021-02-27;808;154054
25979;78;2021-02-28;144;154198
25980;78;2021-03-01;1700;155898
25981;78;2021-03-02;1430;157328
25982;78;2021-03-03;1304;158632
25983;78;2021-03-04;1282;159914
25984;78;2021-03-05;1252;161166
25985;78;2021-03-06;872;162038
25986;78;2021-03-07;204;162242
25987;78;2021-03-08;1694;163936
25988;78;2021-03-09;1662;165598
25989;78;2021-03-10;1566;167164
25990;78;2021-03-11;2000;169164
25991;78;2021-03-12;1776;170940
25992;78;2021-03-13;1478;172418
25993;78;2021-03-14;358;172776
25994;78;2021-03-15;2696;175472
25995;78;2021-03-16;2388;177860
25996;78;2021-03-17;2331;180191
25997;78;2021-03-18;2384;182575
25998;78;2021-03-19;2542;185117
25999;78;2021-03-20;1708;186825
26000;78;2021-03-21;466;187291
26001;78;2021-03-22;3287;190578
26002;78;2021-03-23;2858;193436
26003;78;2021-03-24;2692;196128
26004;78;2021-03-25;2742;198870
26005;78;2021-03-26;2804;201674
26006;78;2021-03-27;1786;203460
26007;78;2021-03-28;404;203864
26008;78;2021-03-29;3416;207280
26009;78;2021-03-30;3280;210560
26010;78;2021-03-31;3028;213588
26011;78;2021-04-01;2731;216319
26012;78;2021-04-02;2468;218787
26013;78;2021-04-03;1572;220359
26014;78;2021-04-04;206;220565
26015;78;2021-04-05;464;221029
26016;78;2021-04-06;3640;224669
26017;78;2021-04-07;2660;227329
26018;78;2021-04-08;2523;229852
26019;78;2021-04-09;2370;232222
26020;78;2021-04-10;1508;233730
26021;78;2021-04-11;254;233984
26022;78;2021-04-12;2706;236690
26023;78;2021-04-13;2110;238800
26024;78;2021-04-14;1944;240744
26025;78;2021-04-15;1716;242460
26026;79;2020-05-13;16;16
26027;79;2020-05-14;6;22
26028;79;2020-05-15;6;28
26029;79;2020-05-16;8;36
26030;79;2020-05-17;0;36
26031;79;2020-05-18;18;54
26032;79;2020-05-19;56;110
26033;79;2020-05-20;26;136
26034;79;2020-05-21;0;136
26035;79;2020-05-22;12;148
26036;79;2020-05-23;2;150
26037;79;2020-05-24;0;150
26038;79;2020-05-25;12;162
26039;79;2020-05-26;30;192
26040;79;2020-05-27;22;214
26041;79;2020-05-28;8;222
26042;79;2020-05-29;0;222
26043;79;2020-05-30;8;230
26044;79;2020-05-31;2;232
26045;79;2020-06-01;0;232
26046;79;2020-06-02;0;232
26047;79;2020-06-03;4;236
26048;79;2020-06-04;2;238
26049;79;2020-06-05;2;240
26050;79;2020-06-06;8;248
26051;79;2020-06-07;0;248
26052;79;2020-06-08;0;248
26053;79;2020-06-09;0;248
26054;79;2020-06-10;2;250
26055;79;2020-06-11;4;254
26056;79;2020-06-12;6;260
26057;79;2020-06-13;4;264
26058;79;2020-06-14;0;264
26059;79;2020-06-15;0;264
26060;79;2020-06-16;0;264
26061;79;2020-06-17;0;264
26062;79;2020-06-18;6;270
26063;79;2020-06-19;8;278
26064;79;2020-06-20;2;280
26065;79;2020-06-21;0;280
26066;79;2020-06-22;6;286
26067;79;2020-06-23;6;292
26068;79;2020-06-24;2;294
26069;79;2020-06-25;0;294
26070;79;2020-06-26;2;296
26071;79;2020-06-27;0;296
26072;79;2020-06-28;0;296
26073;79;2020-06-29;0;296
26074;79;2020-06-30;3;299
26075;79;2020-07-01;0;299
26076;79;2020-07-02;0;299
26077;79;2020-07-03;0;299
26078;79;2020-07-04;0;299
26079;79;2020-07-05;2;301
26080;79;2020-07-06;4;305
26081;79;2020-07-07;0;305
26082;79;2020-07-08;0;305
26083;79;2020-07-09;2;307
26084;79;2020-07-10;0;307
26085;79;2020-07-11;2;309
26086;79;2020-07-12;0;309
26087;79;2020-07-13;0;309
26088;79;2020-07-14;0;309
26089;79;2020-07-15;4;313
26090;79;2020-07-16;4;317
26091;79;2020-07-17;12;329
26092;79;2020-07-18;4;333
26093;79;2020-07-19;0;333
26094;79;2020-07-20;2;335
26095;79;2020-07-21;2;337
26096;79;2020-07-22;4;341
26097;79;2020-07-23;0;341
26098;79;2020-07-24;2;343
26099;79;2020-07-25;2;345
26100;79;2020-07-26;0;345
26101;79;2020-07-27;0;345
26102;79;2020-07-28;0;345
26103;79;2020-07-29;2;347
26104;79;2020-07-30;6;353
26105;79;2020-07-31;6;359
26106;79;2020-08-01;0;359
26107;79;2020-08-02;0;359
26108;79;2020-08-03;2;361
26109;79;2020-08-04;6;367
26110;79;2020-08-05;4;371
26111;79;2020-08-06;2;373
26112;79;2020-08-07;6;379
26113;79;2020-08-08;0;379
26114;79;2020-08-09;4;383
26115;79;2020-08-10;2;385
26116;79;2020-08-11;8;393
26117;79;2020-08-12;2;395
26118;79;2020-08-13;6;401
26119;79;2020-08-14;8;409
26120;79;2020-08-15;2;411
26121;79;2020-08-16;0;411
26122;79;2020-08-17;6;417
26123;79;2020-08-18;6;423
26124;79;2020-08-19;14;437
26125;79;2020-08-20;54;491
26126;79;2020-08-21;14;505
26127;79;2020-08-22;26;531
26128;79;2020-08-23;20;551
26129;79;2020-08-24;22;573
26130;79;2020-08-25;28;601
26131;79;2020-08-26;14;615
26132;79;2020-08-27;20;635
26133;79;2020-08-28;40;675
26134;79;2020-08-29;30;705
26135;79;2020-08-30;2;707
26136;79;2020-08-31;34;741
26137;79;2020-09-01;46;787
26138;79;2020-09-02;60;847
26139;79;2020-09-03;40;887
26140;79;2020-09-04;48;935
26141;79;2020-09-05;38;973
26142;79;2020-09-06;2;975
26143;79;2020-09-07;32;1007
26144;79;2020-09-08;44;1051
26145;79;2020-09-09;46;1097
26146;79;2020-09-10;52;1149
26147;79;2020-09-11;66;1215
26148;79;2020-09-12;12;1227
26149;79;2020-09-13;2;1229
26150;79;2020-09-14;52;1281
26151;79;2020-09-15;38;1319
26152;79;2020-09-16;50;1369
26153;79;2020-09-17;54;1423
26154;79;2020-09-18;50;1473
26155;79;2020-09-19;46;1519
26156;79;2020-09-20;4;1523
26157;79;2020-09-21;40;1563
26158;79;2020-09-22;30;1593
26159;79;2020-09-23;36;1629
26160;79;2020-09-24;26;1655
26161;79;2020-09-25;30;1685
26162;79;2020-09-26;32;1717
26163;79;2020-09-27;4;1721
26164;79;2020-09-28;18;1739
26165;79;2020-09-29;24;1763
26166;79;2020-09-30;32;1795
26167;79;2020-10-01;38;1833
26168;79;2020-10-02;36;1869
26169;79;2020-10-03;40;1909
26170;79;2020-10-04;0;1909
26171;79;2020-10-05;90;1999
26172;79;2020-10-06;68;2067
26173;79;2020-10-07;62;2129
26174;79;2020-10-08;70;2199
26175;79;2020-10-09;74;2273
26176;79;2020-10-10;62;2335
26177;79;2020-10-11;2;2337
26178;79;2020-10-12;126;2463
26179;79;2020-10-13;88;2551
26180;79;2020-10-14;139;2690
26181;79;2020-10-15;114;2804
26182;79;2020-10-16;128;2932
26183;79;2020-10-17;92;3024
26184;79;2020-10-18;4;3028
26185;79;2020-10-19;272;3300
26186;79;2020-10-20;162;3462
26187;79;2020-10-21;248;3710
26188;79;2020-10-22;292;4002
26189;79;2020-10-23;334;4336
26190;79;2020-10-24;183;4519
26191;79;2020-10-25;16;4535
26192;79;2020-10-26;554;5089
26193;79;2020-10-27;406;5495
26194;79;2020-10-28;410;5905
26195;79;2020-10-29;394;6299
26196;79;2020-10-30;392;6691
26197;79;2020-10-31;188;6879
26198;79;2020-11-01;24;6903
26199;79;2020-11-02;578;7481
26200;79;2020-11-03;454;7935
26201;79;2020-11-04;310;8245
26202;79;2020-11-05;368;8613
26203;79;2020-11-06;306;8919
26204;79;2020-11-07;176;9095
26205;79;2020-11-08;20;9115
26206;79;2020-11-09;366;9481
26207;79;2020-11-10;386;9867
26208;79;2020-11-11;20;9887
26209;79;2020-11-12;260;10147
26210;79;2020-11-13;240;10387
26211;79;2020-11-14;144;10531
26212;79;2020-11-15;10;10541
26213;79;2020-11-16;248;10789
26214;79;2020-11-17;234;11023
26215;79;2020-11-18;178;11201
26216;79;2020-11-19;122;11323
26217;79;2020-11-20;160;11483
26218;79;2020-11-21;60;11543
26219;79;2020-11-22;6;11549
26220;79;2020-11-23;110;11659
26221;79;2020-11-24;102;11761
26222;79;2020-11-25;102;11863
26223;79;2020-11-26;116;11979
26224;79;2020-11-27;104;12083
26225;79;2020-11-28;60;12143
26226;79;2020-11-29;4;12147
26227;79;2020-11-30;140;12287
26228;79;2020-12-01;86;12373
26229;79;2020-12-02;130;12503
26230;79;2020-12-03;136;12639
26231;79;2020-12-04;114;12753
26232;79;2020-12-05;80;12833
26233;79;2020-12-06;12;12845
26234;79;2020-12-07;214;13059
26235;79;2020-12-08;88;13147
26236;79;2020-12-09;78;13225
26237;79;2020-12-10;160;13385
26238;79;2020-12-11;134;13519
26239;79;2020-12-12;80;13599
26240;79;2020-12-13;18;13617
26241;79;2020-12-14;216;13833
26242;79;2020-12-15;172;14005
26243;79;2020-12-16;156;14161
26244;79;2020-12-17;162;14323
26245;79;2020-12-18;82;14405
26246;79;2020-12-19;70;14475
26247;79;2020-12-20;8;14483
26248;79;2020-12-21;204;14687
26249;79;2020-12-22;198;14885
26250;79;2020-12-23;142;15027
26251;79;2020-12-24;104;15131
26252;79;2020-12-25;8;15139
26253;79;2020-12-26;92;15231
26254;79;2020-12-27;17;15248
26255;79;2020-12-28;234;15482
26256;79;2020-12-29;230;15712
26257;79;2020-12-30;288;16000
26258;79;2020-12-31;246;16246
26259;79;2021-01-01;28;16274
26260;79;2021-01-02;210;16484
26261;79;2021-01-03;28;16512
26262;79;2021-01-04;366;16878
26263;79;2021-01-05;362;17240
26264;79;2021-01-06;336;17576
26265;79;2021-01-07;264;17840
26266;79;2021-01-08;298;18138
26267;79;2021-01-09;156;18294
26268;79;2021-01-10;42;18336
26269;79;2021-01-11;342;18678
26270;79;2021-01-12;324;19002
26271;79;2021-01-13;448;19450
26272;79;2021-01-14;298;19748
26273;79;2021-01-15;362;20110
26274;79;2021-01-16;202;20312
26275;79;2021-01-17;22;20334
26276;79;2021-01-18;502;20836
26277;79;2021-01-19;378;21214
26278;79;2021-01-20;282;21496
26279;79;2021-01-21;329;21825
26280;79;2021-01-22;262;22087
26281;79;2021-01-23;188;22275
26282;79;2021-01-24;10;22285
26283;79;2021-01-25;338;22623
26284;79;2021-01-26;304;22927
26285;79;2021-01-27;244;23171
26286;79;2021-01-28;284;23455
26287;79;2021-01-29;302;23757
26288;79;2021-01-30;154;23911
26289;79;2021-01-31;18;23929
26290;79;2021-02-01;438;24367
26291;79;2021-02-02;290;24657
26292;79;2021-02-03;230;24887
26293;79;2021-02-04;176;25063
26294;79;2021-02-05;264;25327
26295;79;2021-02-06;170;25497
26296;79;2021-02-07;10;25507
26297;79;2021-02-08;314;25821
26298;79;2021-02-09;210;26031
26299;79;2021-02-10;144;26175
26300;79;2021-02-11;134;26309
26301;79;2021-02-12;148;26457
26302;79;2021-02-13;142;26599
26303;79;2021-02-14;2;26601
26304;79;2021-02-15;184;26785
26305;79;2021-02-16;130;26915
26306;79;2021-02-17;142;27057
26307;79;2021-02-18;206;27263
26308;79;2021-02-19;178;27441
26309;79;2021-02-20;128;27569
26310;79;2021-02-21;8;27577
26311;79;2021-02-22;194;27771
26312;79;2021-02-23;254;28025
26313;79;2021-02-24;254;28279
26314;79;2021-02-25;200;28479
26315;79;2021-02-26;252;28731
26316;79;2021-02-27;150;28881
26317;79;2021-02-28;6;28887
26318;79;2021-03-01;316;29203
26319;79;2021-03-02;202;29405
26320;79;2021-03-03;210;29615
26321;79;2021-03-04;192;29807
26322;79;2021-03-05;198;30005
26323;79;2021-03-06;112;30117
26324;79;2021-03-07;4;30121
26325;79;2021-03-08;210;30331
26326;79;2021-03-09;156;30487
26327;79;2021-03-10;148;30635
26328;79;2021-03-11;242;30877
26329;79;2021-03-12;166;31043
26330;79;2021-03-13;154;31197
26331;79;2021-03-14;6;31203
26332;79;2021-03-15;432;31635
26333;79;2021-03-16;304;31939
26334;79;2021-03-17;224;32163
26335;79;2021-03-18;288;32451
26336;79;2021-03-19;268;32719
26337;79;2021-03-20;178;32897
26338;79;2021-03-21;10;32907
26339;79;2021-03-22;364;33271
26340;79;2021-03-23;292;33563
26341;79;2021-03-24;252;33815
26342;79;2021-03-25;302;34117
26343;79;2021-03-26;308;34425
26344;79;2021-03-27;200;34625
26345;79;2021-03-28;10;34635
26346;79;2021-03-29;386;35021
26347;79;2021-03-30;366;35387
26348;79;2021-03-31;368;35755
26349;79;2021-04-01;348;36103
26350;79;2021-04-02;360;36463
26351;79;2021-04-03;268;36731
26352;79;2021-04-04;12;36743
26353;79;2021-04-05;18;36761
26354;79;2021-04-06;490;37251
26355;79;2021-04-07;450;37701
26356;79;2021-04-08;408;38109
26357;79;2021-04-09;404;38513
26358;79;2021-04-10;266;38779
26359;79;2021-04-11;18;38797
26360;79;2021-04-12;440;39237
26361;79;2021-04-13;274;39511
26362;79;2021-04-14;308;39819
26363;79;2021-04-15;326;40145
26364;80;2020-05-13;21;21
26365;80;2020-05-14;20;41
26366;80;2020-05-15;16;57
26367;80;2020-05-16;6;63
26368;80;2020-05-17;0;63
26369;80;2020-05-18;16;79
26370;80;2020-05-19;28;107
26371;80;2020-05-20;12;119
26372;80;2020-05-21;0;119
26373;80;2020-05-22;18;137
26374;80;2020-05-23;8;145
26375;80;2020-05-24;2;147
26376;80;2020-05-25;8;155
26377;80;2020-05-26;18;173
26378;80;2020-05-27;34;207
26379;80;2020-05-28;4;211
26380;80;2020-05-29;6;217
26381;80;2020-05-30;8;225
26382;80;2020-05-31;0;225
26383;80;2020-06-01;0;225
26384;80;2020-06-02;6;231
26385;80;2020-06-03;10;241
26386;80;2020-06-04;4;245
26387;80;2020-06-05;12;257
26388;80;2020-06-06;8;265
26389;80;2020-06-07;0;265
26390;80;2020-06-08;10;275
26391;80;2020-06-09;2;277
26392;80;2020-06-10;4;281
26393;80;2020-06-11;0;281
26394;80;2020-06-12;0;281
26395;80;2020-06-13;2;283
26396;80;2020-06-14;4;287
26397;80;2020-06-15;14;301
26398;80;2020-06-16;8;309
26399;80;2020-06-17;4;313
26400;80;2020-06-18;0;313
26401;80;2020-06-19;6;319
26402;80;2020-06-20;2;321
26403;80;2020-06-21;0;321
26404;80;2020-06-22;2;323
26405;80;2020-06-23;2;325
26406;80;2020-06-24;2;327
26407;80;2020-06-25;6;333
26408;80;2020-06-26;2;335
26409;80;2020-06-27;0;335
26410;80;2020-06-28;2;337
26411;80;2020-06-29;0;337
26412;80;2020-06-30;0;337
26413;80;2020-07-01;0;337
26414;80;2020-07-02;6;343
26415;80;2020-07-03;4;347
26416;80;2020-07-04;2;349
26417;80;2020-07-05;0;349
26418;80;2020-07-06;6;355
26419;80;2020-07-07;2;357
26420;80;2020-07-08;2;359
26421;80;2020-07-09;0;359
26422;80;2020-07-10;2;361
26423;80;2020-07-11;4;365
26424;80;2020-07-12;0;365
26425;80;2020-07-13;0;365
26426;80;2020-07-14;0;365
26427;80;2020-07-15;4;369
26428;80;2020-07-16;4;373
26429;80;2020-07-17;4;377
26430;80;2020-07-18;0;377
26431;80;2020-07-19;0;377
26432;80;2020-07-20;4;381
26433;80;2020-07-21;0;381
26434;80;2020-07-22;4;385
26435;80;2020-07-23;2;387
26436;80;2020-07-24;2;389
26437;80;2020-07-25;8;397
26438;80;2020-07-26;0;397
26439;80;2020-07-27;8;405
26440;80;2020-07-28;6;411
26441;80;2020-07-29;4;415
26442;80;2020-07-30;8;423
26443;80;2020-07-31;12;435
26444;80;2020-08-01;6;441
26445;80;2020-08-02;0;441
26446;80;2020-08-03;14;455
26447;80;2020-08-04;16;471
26448;80;2020-08-05;16;487
26449;80;2020-08-06;8;495
26450;80;2020-08-07;4;499
26451;80;2020-08-08;4;503
26452;80;2020-08-09;0;503
26453;80;2020-08-10;10;513
26454;80;2020-08-11;8;521
26455;80;2020-08-12;6;527
26456;80;2020-08-13;4;531
26457;80;2020-08-14;14;545
26458;80;2020-08-15;0;545
26459;80;2020-08-16;2;547
26460;80;2020-08-17;14;561
26461;80;2020-08-18;20;581
26462;80;2020-08-19;16;597
26463;80;2020-08-20;20;617
26464;80;2020-08-21;16;633
26465;80;2020-08-22;14;647
26466;80;2020-08-23;0;647
26467;80;2020-08-24;30;677
26468;80;2020-08-25;34;711
26469;80;2020-08-26;26;737
26470;80;2020-08-27;22;759
26471;80;2020-08-28;38;797
26472;80;2020-08-29;20;817
26473;80;2020-08-30;2;819
26474;80;2020-08-31;34;853
26475;80;2020-09-01;42;895
26476;80;2020-09-02;86;981
26477;80;2020-09-03;74;1055
26478;80;2020-09-04;102;1157
26479;80;2020-09-05;54;1211
26480;80;2020-09-06;8;1219
26481;80;2020-09-07;80;1299
26482;80;2020-09-08;92;1391
26483;80;2020-09-09;128;1519
26484;80;2020-09-10;132;1651
26485;80;2020-09-11;60;1711
26486;80;2020-09-12;60;1771
26487;80;2020-09-13;6;1777
26488;80;2020-09-14;126;1903
26489;80;2020-09-15;142;2045
26490;80;2020-09-16;198;2243
26491;80;2020-09-17;190;2433
26492;80;2020-09-18;122;2555
26493;80;2020-09-19;64;2619
26494;80;2020-09-20;10;2629
26495;80;2020-09-21;198;2827
26496;80;2020-09-22;246;3073
26497;80;2020-09-23;180;3253
26498;80;2020-09-24;194;3447
26499;80;2020-09-25;166;3613
26500;80;2020-09-26;62;3675
26501;80;2020-09-27;8;3683
26502;80;2020-09-28;228;3911
26503;80;2020-09-29;140;4051
26504;80;2020-09-30;176;4227
26505;80;2020-10-01;190;4417
26506;80;2020-10-02;194;4611
26507;80;2020-10-03;80;4691
26508;80;2020-10-04;12;4703
26509;80;2020-10-05;260;4963
26510;80;2020-10-06;208;5171
26511;80;2020-10-07;226;5397
26512;80;2020-10-08;240;5637
26513;80;2020-10-09;252;5889
26514;80;2020-10-10;104;5993
26515;80;2020-10-11;10;6003
26516;80;2020-10-12;322;6325
26517;80;2020-10-13;278;6603
26518;80;2020-10-14;256;6859
26519;80;2020-10-15;266;7125
26520;80;2020-10-16;250;7375
26521;80;2020-10-17;140;7515
26522;80;2020-10-18;36;7551
26523;80;2020-10-19;350;7901
26524;80;2020-10-20;420;8321
26525;80;2020-10-21;406;8727
26526;80;2020-10-22;460;9187
26527;80;2020-10-23;456;9643
26528;80;2020-10-24;258;9901
26529;80;2020-10-25;26;9927
26530;80;2020-10-26;592;10519
26531;80;2020-10-27;632;11151
26532;80;2020-10-28;636;11787
26533;80;2020-10-29;670;12457
26534;80;2020-10-30;478;12935
26535;80;2020-10-31;336;13271
26536;80;2020-11-01;62;13333
26537;80;2020-11-02;760;14093
26538;80;2020-11-03;674;14767
26539;80;2020-11-04;576;15343
26540;80;2020-11-05;500;15843
26541;80;2020-11-06;500;16343
26542;80;2020-11-07;328;16671
26543;80;2020-11-08;66;16737
26544;80;2020-11-09;548;17285
26545;80;2020-11-10;418;17703
26546;80;2020-11-11;98;17801
26547;80;2020-11-12;464;18265
26548;80;2020-11-13;430;18695
26549;80;2020-11-14;194;18889
26550;80;2020-11-15;26;18915
26551;80;2020-11-16;338;19253
26552;80;2020-11-17;264;19517
26553;80;2020-11-18;276;19793
26554;80;2020-11-19;256;20049
26555;80;2020-11-20;284;20333
26556;80;2020-11-21;90;20423
26557;80;2020-11-22;36;20459
26558;80;2020-11-23;224;20683
26559;80;2020-11-24;142;20825
26560;80;2020-11-25;136;20961
26561;80;2020-11-26;240;21201
26562;80;2020-11-27;180;21381
26563;80;2020-11-28;110;21491
26564;80;2020-11-29;22;21513
26565;80;2020-11-30;210;21723
26566;80;2020-12-01;166;21889
26567;80;2020-12-02;122;22011
26568;80;2020-12-03;186;22197
26569;80;2020-12-04;152;22349
26570;80;2020-12-05;110;22459
26571;80;2020-12-06;46;22505
26572;80;2020-12-07;204;22709
26573;80;2020-12-08;230;22939
26574;80;2020-12-09;176;23115
26575;80;2020-12-10;212;23327
26576;80;2020-12-11;278;23605
26577;80;2020-12-12;128;23733
26578;80;2020-12-13;22;23755
26579;80;2020-12-14;258;24013
26580;80;2020-12-15;304;24317
26581;80;2020-12-16;290;24607
26582;80;2020-12-17;338;24945
26583;80;2020-12-18;322;25267
26584;80;2020-12-19;156;25423
26585;80;2020-12-20;34;25457
26586;80;2020-12-21;292;25749
26587;80;2020-12-22;398;26147
26588;80;2020-12-23;396;26543
26589;80;2020-12-24;240;26783
26590;80;2020-12-25;8;26791
26591;80;2020-12-26;182;26973
26592;80;2020-12-27;24;26997
26593;80;2020-12-28;328;27325
26594;80;2020-12-29;460;27785
26595;80;2020-12-30;360;28145
26596;80;2020-12-31;334;28479
26597;80;2021-01-01;24;28503
26598;80;2021-01-02;374;28877
26599;80;2021-01-03;56;28933
26600;80;2021-01-04;516;29449
26601;80;2021-01-05;430;29879
26602;80;2021-01-06;448;30327
26603;80;2021-01-07;350;30677
26604;80;2021-01-08;448;31125
26605;80;2021-01-09;302;31427
26606;80;2021-01-10;50;31477
26607;80;2021-01-11;772;32249
26608;80;2021-01-12;548;32797
26609;80;2021-01-13;492;33289
26610;80;2021-01-14;560;33849
26611;80;2021-01-15;520;34369
26612;80;2021-01-16;250;34619
26613;80;2021-01-17;80;34699
26614;80;2021-01-18;602;35301
26615;80;2021-01-19;506;35807
26616;80;2021-01-20;514;36321
26617;80;2021-01-21;478;36799
26618;80;2021-01-22;540;37339
26619;80;2021-01-23;288;37627
26620;80;2021-01-24;86;37713
26621;80;2021-01-25;608;38321
26622;80;2021-01-26;398;38719
26623;80;2021-01-27;354;39073
26624;80;2021-01-28;394;39467
26625;80;2021-01-29;616;40083
26626;80;2021-01-30;358;40441
26627;80;2021-01-31;96;40537
26628;80;2021-02-01;762;41299
26629;80;2021-02-02;554;41853
26630;80;2021-02-03;474;42327
26631;80;2021-02-04;445;42772
26632;80;2021-02-05;503;43275
26633;80;2021-02-06;346;43621
26634;80;2021-02-07;52;43673
26635;80;2021-02-08;556;44229
26636;80;2021-02-09;500;44729
26637;80;2021-02-10;502;45231
26638;80;2021-02-11;416;45647
26639;80;2021-02-12;502;46149
26640;80;2021-02-13;298;46447
26641;80;2021-02-14;90;46537
26642;80;2021-02-15;578;47115
26643;80;2021-02-16;540;47655
26644;80;2021-02-17;522;48177
26645;80;2021-02-18;678;48855
26646;80;2021-02-19;576;49431
26647;80;2021-02-20;406;49837
26648;80;2021-02-21;96;49933
26649;80;2021-02-22;724;50657
26650;80;2021-02-23;638;51295
26651;80;2021-02-24;608;51903
26652;80;2021-02-25;612;52515
26653;80;2021-02-26;652;53167
26654;80;2021-02-27;420;53587
26655;80;2021-02-28;90;53677
26656;80;2021-03-01;780;54457
26657;80;2021-03-02;596;55053
26658;80;2021-03-03;506;55559
26659;80;2021-03-04;518;56077
26660;80;2021-03-05;522;56599
26661;80;2021-03-06;334;56933
26662;80;2021-03-07;66;56999
26663;80;2021-03-08;738;57737
26664;80;2021-03-09;532;58269
26665;80;2021-03-10;556;58825
26666;80;2021-03-11;684;59509
26667;80;2021-03-12;758;60267
26668;80;2021-03-13;468;60735
26669;80;2021-03-14;86;60821
26670;80;2021-03-15;982;61803
26671;80;2021-03-16;824;62627
26672;80;2021-03-17;640;63267
26673;80;2021-03-18;812;64079
26674;80;2021-03-19;816;64895
26675;80;2021-03-20;436;65331
26676;80;2021-03-21;96;65427
26677;80;2021-03-22;1300;66727
26678;80;2021-03-23;1026;67753
26679;80;2021-03-24;806;68559
26680;80;2021-03-25;920;69479
26681;80;2021-03-26;974;70453
26682;80;2021-03-27;526;70979
26683;80;2021-03-28;139;71118
26684;80;2021-03-29;1128;72246
26685;80;2021-03-30;808;73054
26686;80;2021-03-31;854;73908
26687;80;2021-04-01;940;74848
26688;80;2021-04-02;1053;75901
26689;80;2021-04-03;513;76414
26690;80;2021-04-04;130;76544
26691;80;2021-04-05;302;76846
26692;80;2021-04-06;888;77734
26693;80;2021-04-07;680;78414
26694;80;2021-04-08;836;79250
26695;80;2021-04-09;724;79974
26696;80;2021-04-10;466;80440
26697;80;2021-04-11;110;80550
26698;80;2021-04-12;916;81466
26699;80;2021-04-13;592;82058
26700;80;2021-04-14;642;82700
26701;80;2021-04-15;562;83262
26702;81;2020-05-13;12;12
26703;81;2020-05-14;2;14
26704;81;2020-05-15;0;14
26705;81;2020-05-16;0;14
26706;81;2020-05-17;0;14
26707;81;2020-05-18;2;16
26708;81;2020-05-19;2;18
26709;81;2020-05-20;5;23
26710;81;2020-05-21;0;23
26711;81;2020-05-22;0;23
26712;81;2020-05-23;0;23
26713;81;2020-05-24;0;23
26714;81;2020-05-25;2;25
26715;81;2020-05-26;2;27
26716;81;2020-05-27;0;27
26717;81;2020-05-28;0;27
26718;81;2020-05-29;0;27
26719;81;2020-05-30;0;27
26720;81;2020-05-31;0;27
26721;81;2020-06-01;0;27
26722;81;2020-06-02;0;27
26723;81;2020-06-03;6;33
26724;81;2020-06-04;0;33
26725;81;2020-06-05;0;33
26726;81;2020-06-06;0;33
26727;81;2020-06-07;0;33
26728;81;2020-06-08;2;35
26729;81;2020-06-09;0;35
26730;81;2020-06-10;0;35
26731;81;2020-06-11;0;35
26732;81;2020-06-12;0;35
26733;81;2020-06-13;0;35
26734;81;2020-06-14;0;35
26735;81;2020-06-15;2;37
26736;81;2020-06-16;0;37
26737;81;2020-06-17;0;37
26738;81;2020-06-18;2;39
26739;81;2020-06-19;0;39
26740;81;2020-06-20;0;39
26741;81;2020-06-21;0;39
26742;81;2020-06-22;0;39
26743;81;2020-06-23;0;39
26744;81;2020-06-24;2;41
26745;81;2020-06-25;2;43
26746;81;2020-06-26;0;43
26747;81;2020-06-27;0;43
26748;81;2020-06-28;0;43
26749;81;2020-06-29;0;43
26750;81;2020-06-30;2;45
26751;81;2020-07-01;0;45
26752;81;2020-07-02;1;46
26753;81;2020-07-03;0;46
26754;81;2020-07-04;0;46
26755;81;2020-07-05;0;46
26756;81;2020-07-06;0;46
26757;81;2020-07-07;2;48
26758;81;2020-07-08;0;48
26759;81;2020-07-09;0;48
26760;81;2020-07-10;0;48
26761;81;2020-07-11;0;48
26762;81;2020-07-12;0;48
26763;81;2020-07-13;6;54
26764;81;2020-07-14;0;54
26765;81;2020-07-15;0;54
26766;81;2020-07-16;0;54
26767;81;2020-07-17;10;64
26768;81;2020-07-18;4;68
26769;81;2020-07-19;0;68
26770;81;2020-07-20;4;72
26771;81;2020-07-21;2;74
26772;81;2020-07-22;2;76
26773;81;2020-07-23;4;80
26774;81;2020-07-24;4;84
26775;81;2020-07-25;0;84
26776;81;2020-07-26;0;84
26777;81;2020-07-27;0;84
26778;81;2020-07-28;8;92
26779;81;2020-07-29;8;100
26780;81;2020-07-30;8;108
26781;81;2020-07-31;12;120
26782;81;2020-08-01;2;122
26783;81;2020-08-02;0;122
26784;81;2020-08-03;12;134
26785;81;2020-08-04;16;150
26786;81;2020-08-05;26;176
26787;81;2020-08-06;10;186
26788;81;2020-08-07;4;190
26789;81;2020-08-08;4;194
26790;81;2020-08-09;0;194
26791;81;2020-08-10;16;210
26792;81;2020-08-11;28;238
26793;81;2020-08-12;34;272
26794;81;2020-08-13;30;302
26795;81;2020-08-14;38;340
26796;81;2020-08-15;12;352
26797;81;2020-08-16;0;352
26798;81;2020-08-17;90;442
26799;81;2020-08-18;70;512
26800;81;2020-08-19;24;536
26801;81;2020-08-20;50;586
26802;81;2020-08-21;36;622
26803;81;2020-08-22;6;628
26804;81;2020-08-23;2;630
26805;81;2020-08-24;60;690
26806;81;2020-08-25;50;740
26807;81;2020-08-26;70;810
26808;81;2020-08-27;52;862
26809;81;2020-08-28;28;890
26810;81;2020-08-29;24;914
26811;81;2020-08-30;2;916
26812;81;2020-08-31;66;982
26813;81;2020-09-01;54;1036
26814;81;2020-09-02;58;1094
26815;81;2020-09-03;66;1160
26816;81;2020-09-04;88;1248
26817;81;2020-09-05;18;1266
26818;81;2020-09-06;10;1276
26819;81;2020-09-07;74;1350
26820;81;2020-09-08;102;1452
26821;81;2020-09-09;140;1592
26822;81;2020-09-10;150;1742
26823;81;2020-09-11;104;1846
26824;81;2020-09-12;30;1876
26825;81;2020-09-13;0;1876
26826;81;2020-09-14;128;2004
26827;81;2020-09-15;166;2170
26828;81;2020-09-16;94;2264
26829;81;2020-09-17;158;2422
26830;81;2020-09-18;140;2562
26831;81;2020-09-19;24;2586
26832;81;2020-09-20;2;2588
26833;81;2020-09-21;154;2742
26834;81;2020-09-22;174;2916
26835;81;2020-09-23;156;3072
26836;81;2020-09-24;134;3206
26837;81;2020-09-25;130;3336
26838;81;2020-09-26;32;3368
26839;81;2020-09-27;10;3378
26840;81;2020-09-28;254;3632
26841;81;2020-09-29;198;3830
26842;81;2020-09-30;156;3986
26843;81;2020-10-01;146;4132
26844;81;2020-10-02;168;4300
26845;81;2020-10-03;52;4352
26846;81;2020-10-04;4;4356
26847;81;2020-10-05;275;4631
26848;81;2020-10-06;254;4885
26849;81;2020-10-07;288;5173
26850;81;2020-10-08;244;5417
26851;81;2020-10-09;420;5837
26852;81;2020-10-10;80;5917
26853;81;2020-10-11;10;5927
26854;81;2020-10-12;432;6359
26855;81;2020-10-13;430;6789
26856;81;2020-10-14;348;7137
26857;81;2020-10-15;380;7517
26858;81;2020-10-16;414;7931
26859;81;2020-10-17;90;8021
26860;81;2020-10-18;14;8035
26861;81;2020-10-19;590;8625
26862;81;2020-10-20;626;9251
26863;81;2020-10-21;614;9865
26864;81;2020-10-22;650;10515
26865;81;2020-10-23;664;11179
26866;81;2020-10-24;104;11283
26867;81;2020-10-25;38;11321
26868;81;2020-10-26;820;12141
26869;81;2020-10-27;664;12805
26870;81;2020-10-28;712;13517
26871;81;2020-10-29;616;14133
26872;81;2020-10-30;558;14691
26873;81;2020-10-31;102;14793
26874;81;2020-11-01;22;14815
26875;81;2020-11-02;738;15553
26876;81;2020-11-03;766;16319
26877;81;2020-11-04;518;16837
26878;81;2020-11-05;562;17399
26879;81;2020-11-06;598;17997
26880;81;2020-11-07;96;18093
26881;81;2020-11-08;32;18125
26882;81;2020-11-09;444;18569
26883;81;2020-11-10;460;19029
26884;81;2020-11-11;56;19085
26885;81;2020-11-12;404;19489
26886;81;2020-11-13;350;19839
26887;81;2020-11-14;54;19893
26888;81;2020-11-15;14;19907
26889;81;2020-11-16;232;20139
26890;81;2020-11-17;219;20358
26891;81;2020-11-18;158;20516
26892;81;2020-11-19;142;20658
26893;81;2020-11-20;208;20866
26894;81;2020-11-21;30;20896
26895;81;2020-11-22;10;20906
26896;81;2020-11-23;189;21095
26897;81;2020-11-24;144;21239
26898;81;2020-11-25;109;21348
26899;81;2020-11-26;162;21510
26900;81;2020-11-27;172;21682
26901;81;2020-11-28;26;21708
26902;81;2020-11-29;10;21718
26903;81;2020-11-30;278;21996
26904;81;2020-12-01;110;22106
26905;81;2020-12-02;116;22222
26906;81;2020-12-03;122;22344
26907;81;2020-12-04;116;22460
26908;81;2020-12-05;28;22488
26909;81;2020-12-06;8;22496
26910;81;2020-12-07;166;22662
26911;81;2020-12-08;136;22798
26912;81;2020-12-09;114;22912
26913;81;2020-12-10;124;23036
26914;81;2020-12-11;150;23186
26915;81;2020-12-12;42;23228
26916;81;2020-12-13;4;23232
26917;81;2020-12-14;188;23420
26918;81;2020-12-15;216;23636
26919;81;2020-12-16;138;23774
26920;81;2020-12-17;139;23913
26921;81;2020-12-18;202;24115
26922;81;2020-12-19;54;24169
26923;81;2020-12-20;10;24179
26924;81;2020-12-21;306;24485
26925;81;2020-12-22;164;24649
26926;81;2020-12-23;162;24811
26927;81;2020-12-24;286;25097
26928;81;2020-12-25;16;25113
26929;81;2020-12-26;66;25179
26930;81;2020-12-27;16;25195
26931;81;2020-12-28;314;25509
26932;81;2020-12-29;238;25747
26933;81;2020-12-30;288;26035
26934;81;2020-12-31;246;26281
26935;81;2021-01-01;24;26305
26936;81;2021-01-02;106;26411
26937;81;2021-01-03;28;26439
26938;81;2021-01-04;380;26819
26939;81;2021-01-05;312;27131
26940;81;2021-01-06;210;27341
26941;81;2021-01-07;216;27557
26942;81;2021-01-08;198;27755
26943;81;2021-01-09;98;27853
26944;81;2021-01-10;34;27887
26945;81;2021-01-11;420;28307
26946;81;2021-01-12;366;28673
26947;81;2021-01-13;278;28951
26948;81;2021-01-14;522;29473
26949;81;2021-01-15;282;29755
26950;81;2021-01-16;132;29887
26951;81;2021-01-17;36;29923
26952;81;2021-01-18;498;30421
26953;81;2021-01-19;482;30903
26954;81;2021-01-20;340;31243
26955;81;2021-01-21;466;31709
26956;81;2021-01-22;342;32051
26957;81;2021-01-23;122;32173
26958;81;2021-01-24;22;32195
26959;81;2021-01-25;496;32691
26960;81;2021-01-26;442;33133
26961;81;2021-01-27;478;33611
26962;81;2021-01-28;450;34061
26963;81;2021-01-29;354;34415
26964;81;2021-01-30;156;34571
26965;81;2021-01-31;44;34615
26966;81;2021-02-01;518;35133
26967;81;2021-02-02;436;35569
26968;81;2021-02-03;414;35983
26969;81;2021-02-04;340;36323
26970;81;2021-02-05;310;36633
26971;81;2021-02-06;94;36727
26972;81;2021-02-07;16;36743
26973;81;2021-02-08;460;37203
26974;81;2021-02-09;298;37501
26975;81;2021-02-10;220;37721
26976;81;2021-02-11;210;37931
26977;81;2021-02-12;252;38183
26978;81;2021-02-13;90;38273
26979;81;2021-02-14;14;38287
26980;81;2021-02-15;282;38569
26981;81;2021-02-16;303;38872
26982;81;2021-02-17;174;39046
26983;81;2021-02-18;178;39224
26984;81;2021-02-19;176;39400
26985;81;2021-02-20;74;39474
26986;81;2021-02-21;14;39488
26987;81;2021-02-22;262;39750
26988;81;2021-02-23;200;39950
26989;81;2021-02-24;202;40152
26990;81;2021-02-25;225;40377
26991;81;2021-02-26;176;40553
26992;81;2021-02-27;32;40585
26993;81;2021-02-28;20;40605
26994;81;2021-03-01;288;40893
26995;81;2021-03-02;232;41125
26996;81;2021-03-03;288;41413
26997;81;2021-03-04;224;41637
26998;81;2021-03-05;210;41847
26999;81;2021-03-06;98;41945
27000;81;2021-03-07;26;41971
27001;81;2021-03-08;326;42297
27002;81;2021-03-09;220;42517
27003;81;2021-03-10;160;42677
27004;81;2021-03-11;252;42929
27005;81;2021-03-12;278;43207
27006;81;2021-03-13;126;43333
27007;81;2021-03-14;12;43345
27008;81;2021-03-15;386;43731
27009;81;2021-03-16;226;43957
27010;81;2021-03-17;238;44195
27011;81;2021-03-18;238;44433
27012;81;2021-03-19;270;44703
27013;81;2021-03-20;152;44855
27014;81;2021-03-21;20;44875
27015;81;2021-03-22;408;45283
27016;81;2021-03-23;399;45682
27017;81;2021-03-24;370;46052
27018;81;2021-03-25;381;46433
27019;81;2021-03-26;394;46827
27020;81;2021-03-27;190;47017
27021;81;2021-03-28;14;47031
27022;81;2021-03-29;640;47671
27023;81;2021-03-30;548;48219
27024;81;2021-03-31;469;48688
27025;81;2021-04-01;467;49155
27026;81;2021-04-02;466;49621
27027;81;2021-04-03;216;49837
27028;81;2021-04-04;42;49879
27029;81;2021-04-05;36;49915
27030;81;2021-04-06;672;50587
27031;81;2021-04-07;500;51087
27032;81;2021-04-08;436;51523
27033;81;2021-04-09;462;51985
27034;81;2021-04-10;190;52175
27035;81;2021-04-11;14;52189
27036;81;2021-04-12;512;52701
27037;81;2021-04-13;400;53101
27038;81;2021-04-14;422;53523
27039;81;2021-04-15;320;53843
27040;82;2020-05-13;0;0
27041;82;2020-05-14;0;0
27042;82;2020-05-15;2;2
27043;82;2020-05-16;2;4
27044;82;2020-05-17;0;4
27045;82;2020-05-18;18;22
27046;82;2020-05-19;0;22
27047;82;2020-05-20;4;26
27048;82;2020-05-21;0;26
27049;82;2020-05-22;0;26
27050;82;2020-05-23;2;28
27051;82;2020-05-24;0;28
27052;82;2020-05-25;2;30
27053;82;2020-05-26;2;32
27054;82;2020-05-27;4;36
27055;82;2020-05-28;0;36
27056;82;2020-05-29;2;38
27057;82;2020-05-30;0;38
27058;82;2020-05-31;0;38
27059;82;2020-06-01;0;38
27060;82;2020-06-02;0;38
27061;82;2020-06-03;2;40
27062;82;2020-06-04;0;40
27063;82;2020-06-05;0;40
27064;82;2020-06-06;0;40
27065;82;2020-06-07;0;40
27066;82;2020-06-08;0;40
27067;82;2020-06-09;0;40
27068;82;2020-06-10;0;40
27069;82;2020-06-11;0;40
27070;82;2020-06-12;0;40
27071;82;2020-06-13;0;40
27072;82;2020-06-14;0;40
27073;82;2020-06-15;0;40
27074;82;2020-06-16;0;40
27075;82;2020-06-17;0;40
27076;82;2020-06-18;0;40
27077;82;2020-06-19;0;40
27078;82;2020-06-20;0;40
27079;82;2020-06-21;0;40
27080;82;2020-06-22;2;42
27081;82;2020-06-23;0;42
27082;82;2020-06-24;2;44
27083;82;2020-06-25;0;44
27084;82;2020-06-26;4;48
27085;82;2020-06-27;0;48
27086;82;2020-06-28;0;48
27087;82;2020-06-29;2;50
27088;82;2020-06-30;0;50
27089;82;2020-07-01;0;50
27090;82;2020-07-02;2;52
27091;82;2020-07-03;0;52
27092;82;2020-07-04;0;52
27093;82;2020-07-05;0;52
27094;82;2020-07-06;0;52
27095;82;2020-07-07;0;52
27096;82;2020-07-08;0;52
27097;82;2020-07-09;0;52
27098;82;2020-07-10;0;52
27099;82;2020-07-11;0;52
27100;82;2020-07-12;0;52
27101;82;2020-07-13;0;52
27102;82;2020-07-14;0;52
27103;82;2020-07-15;2;54
27104;82;2020-07-16;4;58
27105;82;2020-07-17;6;64
27106;82;2020-07-18;4;68
27107;82;2020-07-19;0;68
27108;82;2020-07-20;4;72
27109;82;2020-07-21;6;78
27110;82;2020-07-22;4;82
27111;82;2020-07-23;10;92
27112;82;2020-07-24;16;108
27113;82;2020-07-25;2;110
27114;82;2020-07-26;0;110
27115;82;2020-07-27;6;116
27116;82;2020-07-28;12;128
27117;82;2020-07-29;6;134
27118;82;2020-07-30;2;136
27119;82;2020-07-31;2;138
27120;82;2020-08-01;8;146
27121;82;2020-08-02;0;146
27122;82;2020-08-03;4;150
27123;82;2020-08-04;2;152
27124;82;2020-08-05;2;154
27125;82;2020-08-06;6;160
27126;82;2020-08-07;6;166
27127;82;2020-08-08;10;176
27128;82;2020-08-09;0;176
27129;82;2020-08-10;12;188
27130;82;2020-08-11;6;194
27131;82;2020-08-12;18;212
27132;82;2020-08-13;0;212
27133;82;2020-08-14;14;226
27134;82;2020-08-15;2;228
27135;82;2020-08-16;0;228
27136;82;2020-08-17;12;240
27137;82;2020-08-18;12;252
27138;82;2020-08-19;60;312
27139;82;2020-08-20;32;344
27140;82;2020-08-21;14;358
27141;82;2020-08-22;20;378
27142;82;2020-08-23;2;380
27143;82;2020-08-24;48;428
27144;82;2020-08-25;44;472
27145;82;2020-08-26;50;522
27146;82;2020-08-27;28;550
27147;82;2020-08-28;52;602
27148;82;2020-08-29;12;614
27149;82;2020-08-30;0;614
27150;82;2020-08-31;50;664
27151;82;2020-09-01;54;718
27152;82;2020-09-02;62;780
27153;82;2020-09-03;74;854
27154;82;2020-09-04;108;962
27155;82;2020-09-05;18;980
27156;82;2020-09-06;0;980
27157;82;2020-09-07;126;1106
27158;82;2020-09-08;64;1170
27159;82;2020-09-09;72;1242
27160;82;2020-09-10;56;1298
27161;82;2020-09-11;72;1370
27162;82;2020-09-12;32;1402
27163;82;2020-09-13;10;1412
27164;82;2020-09-14;108;1520
27165;82;2020-09-15;60;1580
27166;82;2020-09-16;90;1670
27167;82;2020-09-17;82;1752
27168;82;2020-09-18;141;1893
27169;82;2020-09-19;34;1927
27170;82;2020-09-20;10;1937
27171;82;2020-09-21;130;2067
27172;82;2020-09-22;68;2135
27173;82;2020-09-23;106;2241
27174;82;2020-09-24;100;2341
27175;82;2020-09-25;98;2439
27176;82;2020-09-26;32;2471
27177;82;2020-09-27;0;2471
27178;82;2020-09-28;72;2543
27179;82;2020-09-29;78;2621
27180;82;2020-09-30;78;2699
27181;82;2020-10-01;80;2779
27182;82;2020-10-02;126;2905
27183;82;2020-10-03;38;2943
27184;82;2020-10-04;12;2955
27185;82;2020-10-05;202;3157
27186;82;2020-10-06;196;3353
27187;82;2020-10-07;230;3583
27188;82;2020-10-08;200;3783
27189;82;2020-10-09;248;4031
27190;82;2020-10-10;130;4161
27191;82;2020-10-11;14;4175
27192;82;2020-10-12;320;4495
27193;82;2020-10-13;233;4728
27194;82;2020-10-14;250;4978
27195;82;2020-10-15;238;5216
27196;82;2020-10-16;286;5502
27197;82;2020-10-17;123;5625
27198;82;2020-10-18;16;5641
27199;82;2020-10-19;347;5988
27200;82;2020-10-20;359;6347
27201;82;2020-10-21;321;6668
27202;82;2020-10-22;416;7084
27203;82;2020-10-23;354;7438
27204;82;2020-10-24;217;7655
27205;82;2020-10-25;30;7685
27206;82;2020-10-26;501;8186
27207;82;2020-10-27;440;8626
27208;82;2020-10-28;324;8950
27209;82;2020-10-29;318;9268
27210;82;2020-10-30;356;9624
27211;82;2020-10-31;158;9782
27212;82;2020-11-01;34;9816
27213;82;2020-11-02;348;10164
27214;82;2020-11-03;480;10644
27215;82;2020-11-04;272;10916
27216;82;2020-11-05;270;11186
27217;82;2020-11-06;240;11426
27218;82;2020-11-07;112;11538
27219;82;2020-11-08;12;11550
27220;82;2020-11-09;366;11916
27221;82;2020-11-10;280;12196
27222;82;2020-11-11;16;12212
27223;82;2020-11-12;264;12476
27224;82;2020-11-13;146;12622
27225;82;2020-11-14;70;12692
27226;82;2020-11-15;12;12704
27227;82;2020-11-16;224;12928
27228;82;2020-11-17;182;13110
27229;82;2020-11-18;91;13201
27230;82;2020-11-19;106;13307
27231;82;2020-11-20;138;13445
27232;82;2020-11-21;72;13517
27233;82;2020-11-22;10;13527
27234;82;2020-11-23;132;13659
27235;82;2020-11-24;72;13731
27236;82;2020-11-25;65;13796
27237;82;2020-11-26;64;13860
27238;82;2020-11-27;54;13914
27239;82;2020-11-28;36;13950
27240;82;2020-11-29;0;13950
27241;82;2020-11-30;52;14002
27242;82;2020-12-01;44;14046
27243;82;2020-12-02;54;14100
27244;82;2020-12-03;70;14170
27245;82;2020-12-04;72;14242
27246;82;2020-12-05;28;14270
27247;82;2020-12-06;0;14270
27248;82;2020-12-07;56;14326
27249;82;2020-12-08;41;14367
27250;82;2020-12-09;70;14437
27251;82;2020-12-10;34;14471
27252;82;2020-12-11;62;14533
27253;82;2020-12-12;24;14557
27254;82;2020-12-13;0;14557
27255;82;2020-12-14;80;14637
27256;82;2020-12-15;70;14707
27257;82;2020-12-16;76;14783
27258;82;2020-12-17;60;14843
27259;82;2020-12-18;70;14913
27260;82;2020-12-19;30;14943
27261;82;2020-12-20;10;14953
27262;82;2020-12-21;66;15019
27263;82;2020-12-22;74;15093
27264;82;2020-12-23;66;15159
27265;82;2020-12-24;50;15209
27266;82;2020-12-25;4;15213
27267;82;2020-12-26;42;15255
27268;82;2020-12-27;6;15261
27269;82;2020-12-28;80;15341
27270;82;2020-12-29;78;15419
27271;82;2020-12-30;90;15509
27272;82;2020-12-31;66;15575
27273;82;2021-01-01;2;15577
27274;82;2021-01-02;58;15635
27275;82;2021-01-03;4;15639
27276;82;2021-01-04;132;15771
27277;82;2021-01-05;122;15893
27278;82;2021-01-06;132;16025
27279;82;2021-01-07;76;16101
27280;82;2021-01-08;122;16223
27281;82;2021-01-09;39;16262
27282;82;2021-01-10;34;16296
27283;82;2021-01-11;136;16432
27284;82;2021-01-12;122;16554
27285;82;2021-01-13;84;16638
27286;82;2021-01-14;88;16726
27287;82;2021-01-15;106;16832
27288;82;2021-01-16;80;16912
27289;82;2021-01-17;4;16916
27290;82;2021-01-18;136;17052
27291;82;2021-01-19;170;17222
27292;82;2021-01-20;96;17318
27293;82;2021-01-21;156;17474
27294;82;2021-01-22;148;17622
27295;82;2021-01-23;118;17740
27296;82;2021-01-24;30;17770
27297;82;2021-01-25;180;17950
27298;82;2021-01-26;170;18120
27299;82;2021-01-27;142;18262
27300;82;2021-01-28;270;18532
27301;82;2021-01-29;140;18672
27302;82;2021-01-30;80;18752
27303;82;2021-01-31;14;18766
27304;82;2021-02-01;196;18962
27305;82;2021-02-02;172;19134
27306;82;2021-02-03;180;19314
27307;82;2021-02-04;134;19448
27308;82;2021-02-05;128;19576
27309;82;2021-02-06;80;19656
27310;82;2021-02-07;12;19668
27311;82;2021-02-08;192;19860
27312;82;2021-02-09;133;19993
27313;82;2021-02-10;136;20129
27314;82;2021-02-11;109;20238
27315;82;2021-02-12;134;20372
27316;82;2021-02-13;116;20488
27317;82;2021-02-14;18;20506
27318;82;2021-02-15;164;20670
27319;82;2021-02-16;100;20770
27320;82;2021-02-17;112;20882
27321;82;2021-02-18;146;21028
27322;82;2021-02-19;130;21158
27323;82;2021-02-20;58;21216
27324;82;2021-02-21;10;21226
27325;82;2021-02-22;148;21374
27326;82;2021-02-23;122;21496
27327;82;2021-02-24;130;21626
27328;82;2021-02-25;120;21746
27329;82;2021-02-26;144;21890
27330;82;2021-02-27;106;21996
27331;82;2021-02-28;8;22004
27332;82;2021-03-01;162;22166
27333;82;2021-03-02;98;22264
27334;82;2021-03-03;96;22360
27335;82;2021-03-04;120;22480
27336;82;2021-03-05;104;22584
27337;82;2021-03-06;72;22656
27338;82;2021-03-07;24;22680
27339;82;2021-03-08;154;22834
27340;82;2021-03-09;152;22986
27341;82;2021-03-10;152;23138
27342;82;2021-03-11;208;23346
27343;82;2021-03-12;172;23518
27344;82;2021-03-13;124;23642
27345;82;2021-03-14;24;23666
27346;82;2021-03-15;248;23914
27347;82;2021-03-16;210;24124
27348;82;2021-03-17;170;24294
27349;82;2021-03-18;196;24490
27350;82;2021-03-19;230;24720
27351;82;2021-03-20;78;24798
27352;82;2021-03-21;10;24808
27353;82;2021-03-22;227;25035
27354;82;2021-03-23;156;25191
27355;82;2021-03-24;198;25389
27356;82;2021-03-25;200;25589
27357;82;2021-03-26;256;25845
27358;82;2021-03-27;124;25969
27359;82;2021-03-28;6;25975
27360;82;2021-03-29;328;26303
27361;82;2021-03-30;276;26579
27362;82;2021-03-31;230;26809
27363;82;2021-04-01;214;27023
27364;82;2021-04-02;264;27287
27365;82;2021-04-03;136;27423
27366;82;2021-04-04;30;27453
27367;82;2021-04-05;114;27567
27368;82;2021-04-06;340;27907
27369;82;2021-04-07;228;28135
27370;82;2021-04-08;241;28376
27371;82;2021-04-09;240;28616
27372;82;2021-04-10;150;28766
27373;82;2021-04-11;18;28784
27374;82;2021-04-12;296;29080
27375;82;2021-04-13;246;29326
27376;82;2021-04-14;200;29526
27377;82;2021-04-15;196;29722
27378;83;2020-05-13;2;2
27379;83;2020-05-14;12;14
27380;83;2020-05-15;6;20
27381;83;2020-05-16;0;20
27382;83;2020-05-17;0;20
27383;83;2020-05-18;8;28
27384;83;2020-05-19;18;46
27385;83;2020-05-20;4;50
27386;83;2020-05-21;0;50
27387;83;2020-05-22;8;58
27388;83;2020-05-23;0;58
27389;83;2020-05-24;4;62
27390;83;2020-05-25;4;66
27391;83;2020-05-26;0;66
27392;83;2020-05-27;2;68
27393;83;2020-05-28;10;78
27394;83;2020-05-29;6;84
27395;83;2020-05-30;2;86
27396;83;2020-05-31;0;86
27397;83;2020-06-01;0;86
27398;83;2020-06-02;16;102
27399;83;2020-06-03;6;108
27400;83;2020-06-04;16;124
27401;83;2020-06-05;14;138
27402;83;2020-06-06;0;138
27403;83;2020-06-07;0;138
27404;83;2020-06-08;2;140
27405;83;2020-06-09;2;142
27406;83;2020-06-10;4;146
27407;83;2020-06-11;2;148
27408;83;2020-06-12;2;150
27409;83;2020-06-13;6;156
27410;83;2020-06-14;0;156
27411;83;2020-06-15;4;160
27412;83;2020-06-16;12;172
27413;83;2020-06-17;2;174
27414;83;2020-06-18;2;176
27415;83;2020-06-19;8;184
27416;83;2020-06-20;4;188
27417;83;2020-06-21;2;190
27418;83;2020-06-22;0;190
27419;83;2020-06-23;2;192
27420;83;2020-06-24;2;194
27421;83;2020-06-25;2;196
27422;83;2020-06-26;6;202
27423;83;2020-06-27;0;202
27424;83;2020-06-28;0;202
27425;83;2020-06-29;8;210
27426;83;2020-06-30;5;215
27427;83;2020-07-01;4;219
27428;83;2020-07-02;2;221
27429;83;2020-07-03;7;228
27430;83;2020-07-04;0;228
27431;83;2020-07-05;0;228
27432;83;2020-07-06;2;230
27433;83;2020-07-07;4;234
27434;83;2020-07-08;2;236
27435;83;2020-07-09;4;240
27436;83;2020-07-10;12;252
27437;83;2020-07-11;8;260
27438;83;2020-07-12;0;260
27439;83;2020-07-13;12;272
27440;83;2020-07-14;0;272
27441;83;2020-07-15;6;278
27442;83;2020-07-16;2;280
27443;83;2020-07-17;12;292
27444;83;2020-07-18;1;293
27445;83;2020-07-19;4;297
27446;83;2020-07-20;10;307
27447;83;2020-07-21;46;353
27448;83;2020-07-22;8;361
27449;83;2020-07-23;6;367
27450;83;2020-07-24;12;379
27451;83;2020-07-25;6;385
27452;83;2020-07-26;2;387
27453;83;2020-07-27;38;425
27454;83;2020-07-28;26;451
27455;83;2020-07-29;30;481
27456;83;2020-07-30;42;523
27457;83;2020-07-31;32;555
27458;83;2020-08-01;28;583
27459;83;2020-08-02;7;590
27460;83;2020-08-03;82;672
27461;83;2020-08-04;88;760
27462;83;2020-08-05;82;842
27463;83;2020-08-06;80;922
27464;83;2020-08-07;110;1032
27465;83;2020-08-08;46;1078
27466;83;2020-08-09;8;1086
27467;83;2020-08-10;176;1262
27468;83;2020-08-11;132;1394
27469;83;2020-08-12;150;1544
27470;83;2020-08-13;152;1696
27471;83;2020-08-14;194;1890
27472;83;2020-08-15;18;1908
27473;83;2020-08-16;8;1916
27474;83;2020-08-17;220;2136
27475;83;2020-08-18;178;2314
27476;83;2020-08-19;228;2542
27477;83;2020-08-20;268;2810
27478;83;2020-08-21;220;3030
27479;83;2020-08-22;73;3103
27480;83;2020-08-23;4;3107
27481;83;2020-08-24;358;3465
27482;83;2020-08-25;274;3739
27483;83;2020-08-26;206;3945
27484;83;2020-08-27;270;4215
27485;83;2020-08-28;332;4547
27486;83;2020-08-29;100;4647
27487;83;2020-08-30;16;4663
27488;83;2020-08-31;446;5109
27489;83;2020-09-01;314;5423
27490;83;2020-09-02;248;5671
27491;83;2020-09-03;244;5915
27492;83;2020-09-04;322;6237
27493;83;2020-09-05;94;6331
27494;83;2020-09-06;14;6345
27495;83;2020-09-07;364;6709
27496;83;2020-09-08;284;6993
27497;83;2020-09-09;316;7309
27498;83;2020-09-10;302;7611
27499;83;2020-09-11;316;7927
27500;83;2020-09-12;130;8057
27501;83;2020-09-13;22;8079
27502;83;2020-09-14;380;8459
27503;83;2020-09-15;287;8746
27504;83;2020-09-16;326;9072
27505;83;2020-09-17;242;9314
27506;83;2020-09-18;314;9628
27507;83;2020-09-19;64;9692
27508;83;2020-09-20;6;9698
27509;83;2020-09-21;346;10044
27510;83;2020-09-22;231;10275
27511;83;2020-09-23;208;10483
27512;83;2020-09-24;207;10690
27513;83;2020-09-25;216;10906
27514;83;2020-09-26;54;10960
27515;83;2020-09-27;12;10972
27516;83;2020-09-28;236;11208
27517;83;2020-09-29;199;11407
27518;83;2020-09-30;216;11623
27519;83;2020-10-01;253;11876
27520;83;2020-10-02;278;12154
27521;83;2020-10-03;82;12236
27522;83;2020-10-04;12;12248
27523;83;2020-10-05;464;12712
27524;83;2020-10-06;336;13048
27525;83;2020-10-07;426;13474
27526;83;2020-10-08;398;13872
27527;83;2020-10-09;442;14314
27528;83;2020-10-10;168;14482
27529;83;2020-10-11;28;14510
27530;83;2020-10-12;803;15313
27531;83;2020-10-13;597;15910
27532;83;2020-10-14;740;16650
27533;83;2020-10-15;955;17605
27534;83;2020-10-16;971;18576
27535;83;2020-10-17;452;19028
27536;83;2020-10-18;58;19086
27537;83;2020-10-19;1596;20682
27538;83;2020-10-20;1316;21998
27539;83;2020-10-21;1570;23568
27540;83;2020-10-22;1608;25176
27541;83;2020-10-23;1776;26952
27542;83;2020-10-24;630;27582
27543;83;2020-10-25;50;27632
27544;83;2020-10-26;2636;30268
27545;83;2020-10-27;2216;32484
27546;83;2020-10-28;1778;34262
27547;83;2020-10-29;2017;36279
27548;83;2020-10-30;1924;38203
27549;83;2020-10-31;859;39062
27550;83;2020-11-01;108;39170
27551;83;2020-11-02;2649;41819
27552;83;2020-11-03;1992;43811
27553;83;2020-11-04;1740;45551
27554;83;2020-11-05;1722;47273
27555;83;2020-11-06;1607;48880
27556;83;2020-11-07;504;49384
27557;83;2020-11-08;84;49468
27558;83;2020-11-09;1808;51276
27559;83;2020-11-10;1369;52645
27560;83;2020-11-11;62;52707
27561;83;2020-11-12;1184;53891
27562;83;2020-11-13;1016;54907
27563;83;2020-11-14;280;55187
27564;83;2020-11-15;44;55231
27565;83;2020-11-16;991;56222
27566;83;2020-11-17;686;56908
27567;83;2020-11-18;482;57390
27568;83;2020-11-19;457;57847
27569;83;2020-11-20;480;58327
27570;83;2020-11-21;231;58558
27571;83;2020-11-22;26;58584
27572;83;2020-11-23;656;59240
27573;83;2020-11-24;429;59669
27574;83;2020-11-25;374;60043
27575;83;2020-11-26;398;60441
27576;83;2020-11-27;310;60751
27577;83;2020-11-28;164;60915
27578;83;2020-11-29;18;60933
27579;83;2020-11-30;590;61523
27580;83;2020-12-01;374;61897
27581;83;2020-12-02;338;62235
27582;83;2020-12-03;304;62539
27583;83;2020-12-04;330;62869
27584;83;2020-12-05;148;63017
27585;83;2020-12-06;22;63039
27586;83;2020-12-07;542;63581
27587;83;2020-12-08;400;63981
27588;83;2020-12-09;310;64291
27589;83;2020-12-10;374;64665
27590;83;2020-12-11;350;65015
27591;83;2020-12-12;203;65218
27592;83;2020-12-13;42;65260
27593;83;2020-12-14;494;65754
27594;83;2020-12-15;511;66265
27595;83;2020-12-16;562;66827
27596;83;2020-12-17;582;67409
27597;83;2020-12-18;638;68047
27598;83;2020-12-19;364;68411
27599;83;2020-12-20;58;68469
27600;83;2020-12-21;927;69396
27601;83;2020-12-22;837;70233
27602;83;2020-12-23;772;71005
27603;83;2020-12-24;508;71513
27604;83;2020-12-25;36;71549
27605;83;2020-12-26;424;71973
27606;83;2020-12-27;64;72037
27607;83;2020-12-28;998;73035
27608;83;2020-12-29;806;73841
27609;83;2020-12-30;822;74663
27610;83;2020-12-31;656;75319
27611;83;2021-01-01;70;75389
27612;83;2021-01-02;590;75979
27613;83;2021-01-03;130;76109
27614;83;2021-01-04;1462;77571
27615;83;2021-01-05;1182;78753
27616;83;2021-01-06;1018;79771
27617;83;2021-01-07;952;80723
27618;83;2021-01-08;1009;81732
27619;83;2021-01-09;456;82188
27620;83;2021-01-10;114;82302
27621;83;2021-01-11;1400;83702
27622;83;2021-01-12;1108;84810
27623;83;2021-01-13;984;85794
27624;83;2021-01-14;1116;86910
27625;83;2021-01-15;1070;87980
27626;83;2021-01-16;596;88576
27627;83;2021-01-17;118;88694
27628;83;2021-01-18;1665;90359
27629;83;2021-01-19;1348;91707
27630;83;2021-01-20;1173;92880
27631;83;2021-01-21;1368;94248
27632;83;2021-01-22;1080;95328
27633;83;2021-01-23;690;96018
27634;83;2021-01-24;172;96190
27635;83;2021-01-25;1728;97918
27636;83;2021-01-26;1410;99328
27637;83;2021-01-27;982;100310
27638;83;2021-01-28;1143;101453
27639;83;2021-01-29;1228;102681
27640;83;2021-01-30;628;103309
27641;83;2021-01-31;118;103427
27642;83;2021-02-01;1688;105115
27643;83;2021-02-02;1236;106351
27644;83;2021-02-03;996;107347
27645;83;2021-02-04;1035;108382
27646;83;2021-02-05;1162;109544
27647;83;2021-02-06;578;110122
27648;83;2021-02-07;78;110200
27649;83;2021-02-08;1431;111631
27650;83;2021-02-09;1128;112759
27651;83;2021-02-10;926;113685
27652;83;2021-02-11;978;114663
27653;83;2021-02-12;994;115657
27654;83;2021-02-13;534;116191
27655;83;2021-02-14;88;116279
27656;83;2021-02-15;1570;117849
27657;83;2021-02-16;1106;118955
27658;83;2021-02-17;1102;120057
27659;83;2021-02-18;1082;121139
27660;83;2021-02-19;1172;122311
27661;83;2021-02-20;646;122957
27662;83;2021-02-21;96;123053
27663;83;2021-02-22;1638;124691
27664;83;2021-02-23;1360;126051
27665;83;2021-02-24;1130;127181
27666;83;2021-02-25;1058;128239
27667;83;2021-02-26;1162;129401
27668;83;2021-02-27;649;130050
27669;83;2021-02-28;98;130148
27670;83;2021-03-01;1500;131648
27671;83;2021-03-02;1115;132763
27672;83;2021-03-03;1093;133856
27673;83;2021-03-04;1078;134934
27674;83;2021-03-05;1174;136108
27675;83;2021-03-06;682;136790
27676;83;2021-03-07;96;136886
27677;83;2021-03-08;1656;138542
27678;83;2021-03-09;1325;139867
27679;83;2021-03-10;1219;141086
27680;83;2021-03-11;1279;142365
27681;83;2021-03-12;1213;143578
27682;83;2021-03-13;768;144346
27683;83;2021-03-14;144;144490
27684;83;2021-03-15;1851;146341
27685;83;2021-03-16;1346;147687
27686;83;2021-03-17;1142;148829
27687;83;2021-03-18;1142;149971
27688;83;2021-03-19;1187;151158
27689;83;2021-03-20;790;151948
27690;83;2021-03-21;126;152074
27691;83;2021-03-22;2087;154161
27692;83;2021-03-23;1668;155829
27693;83;2021-03-24;1568;157397
27694;83;2021-03-25;1722;159119
27695;83;2021-03-26;1588;160707
27696;83;2021-03-27;952;161659
27697;83;2021-03-28;166;161825
27698;83;2021-03-29;2317;164142
27699;83;2021-03-30;1707;165849
27700;83;2021-03-31;1688;167537
27701;83;2021-04-01;1603;169140
27702;83;2021-04-02;1562;170702
27703;83;2021-04-03;950;171652
27704;83;2021-04-04;144;171796
27705;83;2021-04-05;226;172022
27706;83;2021-04-06;2488;174510
27707;83;2021-04-07;1473;175983
27708;83;2021-04-08;1384;177367
27709;83;2021-04-09;1240;178607
27710;83;2021-04-10;782;179389
27711;83;2021-04-11;146;179535
27712;83;2021-04-12;1814;181349
27713;83;2021-04-13;1320;182669
27714;83;2021-04-14;1124;183793
27715;83;2021-04-15;1054;184847
27716;84;2020-05-13;4;4
27717;84;2020-05-14;6;10
27718;84;2020-05-15;4;14
27719;84;2020-05-16;0;14
27720;84;2020-05-17;2;16
27721;84;2020-05-18;8;24
27722;84;2020-05-19;4;28
27723;84;2020-05-20;8;36
27724;84;2020-05-21;0;36
27725;84;2020-05-22;0;36
27726;84;2020-05-23;0;36
27727;84;2020-05-24;0;36
27728;84;2020-05-25;4;40
27729;84;2020-05-26;4;44
27730;84;2020-05-27;8;52
27731;84;2020-05-28;2;54
27732;84;2020-05-29;0;54
27733;84;2020-05-30;0;54
27734;84;2020-05-31;0;54
27735;84;2020-06-01;4;58
27736;84;2020-06-02;6;64
27737;84;2020-06-03;24;88
27738;84;2020-06-04;14;102
27739;84;2020-06-05;0;102
27740;84;2020-06-06;2;104
27741;84;2020-06-07;0;104
27742;84;2020-06-08;4;108
27743;84;2020-06-09;2;110
27744;84;2020-06-10;4;114
27745;84;2020-06-11;2;116
27746;84;2020-06-12;24;140
27747;84;2020-06-13;4;144
27748;84;2020-06-14;0;144
27749;84;2020-06-15;4;148
27750;84;2020-06-16;4;152
27751;84;2020-06-17;10;162
27752;84;2020-06-18;6;168
27753;84;2020-06-19;6;174
27754;84;2020-06-20;0;174
27755;84;2020-06-21;0;174
27756;84;2020-06-22;4;178
27757;84;2020-06-23;2;180
27758;84;2020-06-24;6;186
27759;84;2020-06-25;0;186
27760;84;2020-06-26;0;186
27761;84;2020-06-27;0;186
27762;84;2020-06-28;0;186
27763;84;2020-06-29;8;194
27764;84;2020-06-30;2;196
27765;84;2020-07-01;12;208
27766;84;2020-07-02;8;216
27767;84;2020-07-03;10;226
27768;84;2020-07-04;2;228
27769;84;2020-07-05;0;228
27770;84;2020-07-06;18;246
27771;84;2020-07-07;12;258
27772;84;2020-07-08;10;268
27773;84;2020-07-09;10;278
27774;84;2020-07-10;10;288
27775;84;2020-07-11;6;294
27776;84;2020-07-12;0;294
27777;84;2020-07-13;2;296
27778;84;2020-07-14;2;298
27779;84;2020-07-15;14;312
27780;84;2020-07-16;10;322
27781;84;2020-07-17;4;326
27782;84;2020-07-18;12;338
27783;84;2020-07-19;0;338
27784;84;2020-07-20;10;348
27785;84;2020-07-21;12;360
27786;84;2020-07-22;16;376
27787;84;2020-07-23;14;390
27788;84;2020-07-24;22;412
27789;84;2020-07-25;2;414
27790;84;2020-07-26;0;414
27791;84;2020-07-27;18;432
27792;84;2020-07-28;16;448
27793;84;2020-07-29;18;466
27794;84;2020-07-30;16;482
27795;84;2020-07-31;20;502
27796;84;2020-08-01;14;516
27797;84;2020-08-02;0;516
27798;84;2020-08-03;40;556
27799;84;2020-08-04;22;578
27800;84;2020-08-05;40;618
27801;84;2020-08-06;28;646
27802;84;2020-08-07;40;686
27803;84;2020-08-08;12;698
27804;84;2020-08-09;2;700
27805;84;2020-08-10;36;736
27806;84;2020-08-11;44;780
27807;84;2020-08-12;58;838
27808;84;2020-08-13;64;902
27809;84;2020-08-14;48;950
27810;84;2020-08-15;12;962
27811;84;2020-08-16;4;966
27812;84;2020-08-17;78;1044
27813;84;2020-08-18;84;1128
27814;84;2020-08-19;120;1248
27815;84;2020-08-20;78;1326
27816;84;2020-08-21;110;1436
27817;84;2020-08-22;22;1458
27818;84;2020-08-23;4;1462
27819;84;2020-08-24;108;1570
27820;84;2020-08-25;136;1706
27821;84;2020-08-26;124;1830
27822;84;2020-08-27;132;1962
27823;84;2020-08-28;154;2116
27824;84;2020-08-29;28;2144
27825;84;2020-08-30;8;2152
27826;84;2020-08-31;214;2366
27827;84;2020-09-01;188;2554
27828;84;2020-09-02;190;2744
27829;84;2020-09-03;206;2950
27830;84;2020-09-04;225;3175
27831;84;2020-09-05;64;3239
27832;84;2020-09-06;10;3249
27833;84;2020-09-07;228;3477
27834;84;2020-09-08;142;3619
27835;84;2020-09-09;184;3803
27836;84;2020-09-10;130;3933
27837;84;2020-09-11;155;4088
27838;84;2020-09-12;60;4148
27839;84;2020-09-13;16;4164
27840;84;2020-09-14;158;4322
27841;84;2020-09-15;176;4498
27842;84;2020-09-16;178;4676
27843;84;2020-09-17;154;4830
27844;84;2020-09-18;188;5018
27845;84;2020-09-19;56;5074
27846;84;2020-09-20;12;5086
27847;84;2020-09-21;146;5232
27848;84;2020-09-22;204;5436
27849;84;2020-09-23;140;5576
27850;84;2020-09-24;114;5690
27851;84;2020-09-25;198;5888
27852;84;2020-09-26;64;5952
27853;84;2020-09-27;4;5956
27854;84;2020-09-28;196;6152
27855;84;2020-09-29;210;6362
27856;84;2020-09-30;166;6528
27857;84;2020-10-01;146;6674
27858;84;2020-10-02;256;6930
27859;84;2020-10-03;92;7022
27860;84;2020-10-04;6;7028
27861;84;2020-10-05;266;7294
27862;84;2020-10-06;308;7602
27863;84;2020-10-07;250;7852
27864;84;2020-10-08;270;8122
27865;84;2020-10-09;442;8564
27866;84;2020-10-10;186;8750
27867;84;2020-10-11;50;8800
27868;84;2020-10-12;484;9284
27869;84;2020-10-13;477;9761
27870;84;2020-10-14;468;10229
27871;84;2020-10-15;544;10773
27872;84;2020-10-16;451;11224
27873;84;2020-10-17;200;11424
27874;84;2020-10-18;38;11462
27875;84;2020-10-19;648;12110
27876;84;2020-10-20;638;12748
27877;84;2020-10-21;793;13541
27878;84;2020-10-22;1046;14587
27879;84;2020-10-23;1226;15813
27880;84;2020-10-24;504;16317
27881;84;2020-10-25;74;16391
27882;84;2020-10-26;1777;18168
27883;84;2020-10-27;1599;19767
27884;84;2020-10-28;1310;21077
27885;84;2020-10-29;1515;22592
27886;84;2020-10-30;1278;23870
27887;84;2020-10-31;590;24460
27888;84;2020-11-01;90;24550
27889;84;2020-11-02;1718;26268
27890;84;2020-11-03;1442;27710
27891;84;2020-11-04;1207;28917
27892;84;2020-11-05;1232;30149
27893;84;2020-11-06;1219;31368
27894;84;2020-11-07;346;31714
27895;84;2020-11-08;34;31748
27896;84;2020-11-09;1076;32824
27897;84;2020-11-10;1070;33894
27898;84;2020-11-11;140;34034
27899;84;2020-11-12;893;34927
27900;84;2020-11-13;684;35611
27901;84;2020-11-14;203;35814
27902;84;2020-11-15;44;35858
27903;84;2020-11-16;634;36492
27904;84;2020-11-17;505;36997
27905;84;2020-11-18;332;37329
27906;84;2020-11-19;386;37715
27907;84;2020-11-20;286;38001
27908;84;2020-11-21;88;38089
27909;84;2020-11-22;16;38105
27910;84;2020-11-23;354;38459
27911;84;2020-11-24;310;38769
27912;84;2020-11-25;306;39075
27913;84;2020-11-26;256;39331
27914;84;2020-11-27;211;39542
27915;84;2020-11-28;124;39666
27916;84;2020-11-29;30;39696
27917;84;2020-11-30;318;40014
27918;84;2020-12-01;242;40256
27919;84;2020-12-02;278;40534
27920;84;2020-12-03;314;40848
27921;84;2020-12-04;236;41084
27922;84;2020-12-05;92;41176
27923;84;2020-12-06;34;41210
27924;84;2020-12-07;326;41536
27925;84;2020-12-08;276;41812
27926;84;2020-12-09;282;42094
27927;84;2020-12-10;310;42404
27928;84;2020-12-11;300;42704
27929;84;2020-12-12;184;42888
27930;84;2020-12-13;40;42928
27931;84;2020-12-14;546;43474
27932;84;2020-12-15;356;43830
27933;84;2020-12-16;318;44148
27934;84;2020-12-17;310;44458
27935;84;2020-12-18;380;44838
27936;84;2020-12-19;198;45036
27937;84;2020-12-20;46;45082
27938;84;2020-12-21;516;45598
27939;84;2020-12-22;420;46018
27940;84;2020-12-23;418;46436
27941;84;2020-12-24;325;46761
27942;84;2020-12-25;32;46793
27943;84;2020-12-26;154;46947
27944;84;2020-12-27;30;46977
27945;84;2020-12-28;448;47425
27946;84;2020-12-29;434;47859
27947;84;2020-12-30;412;48271
27948;84;2020-12-31;374;48645
27949;84;2021-01-01;33;48678
27950;84;2021-01-02;292;48970
27951;84;2021-01-03;38;49008
27952;84;2021-01-04;744;49752
27953;84;2021-01-05;502;50254
27954;84;2021-01-06;572;50826
27955;84;2021-01-07;512;51338
27956;84;2021-01-08;432;51770
27957;84;2021-01-09;214;51984
27958;84;2021-01-10;22;52006
27959;84;2021-01-11;680;52686
27960;84;2021-01-12;492;53178
27961;84;2021-01-13;452;53630
27962;84;2021-01-14;577;54207
27963;84;2021-01-15;500;54707
27964;84;2021-01-16;238;54945
27965;84;2021-01-17;64;55009
27966;84;2021-01-18;794;55803
27967;84;2021-01-19;610;56413
27968;84;2021-01-20;544;56957
27969;84;2021-01-21;485;57442
27970;84;2021-01-22;510;57952
27971;84;2021-01-23;244;58196
27972;84;2021-01-24;54;58250
27973;84;2021-01-25;630;58880
27974;84;2021-01-26;478;59358
27975;84;2021-01-27;506;59864
27976;84;2021-01-28;478;60342
27977;84;2021-01-29;506;60848
27978;84;2021-01-30;260;61108
27979;84;2021-01-31;36;61144
27980;84;2021-02-01;540;61684
27981;84;2021-02-02;470;62154
27982;84;2021-02-03;443;62597
27983;84;2021-02-04;462;63059
27984;84;2021-02-05;468;63527
27985;84;2021-02-06;182;63709
27986;84;2021-02-07;36;63745
27987;84;2021-02-08;644;64389
27988;84;2021-02-09;512;64901
27989;84;2021-02-10;392;65293
27990;84;2021-02-11;419;65712
27991;84;2021-02-12;468;66180
27992;84;2021-02-13;234;66414
27993;84;2021-02-14;24;66438
27994;84;2021-02-15;546;66984
27995;84;2021-02-16;434;67418
27996;84;2021-02-17;408;67826
27997;84;2021-02-18;418;68244
27998;84;2021-02-19;422;68666
27999;84;2021-02-20;216;68882
28000;84;2021-02-21;38;68920
28001;84;2021-02-22;646;69566
28002;84;2021-02-23;438;70004
28003;84;2021-02-24;418;70422
28004;84;2021-02-25;454;70876
28005;84;2021-02-26;392;71268
28006;84;2021-02-27;194;71462
28007;84;2021-02-28;38;71500
28008;84;2021-03-01;590;72090
28009;84;2021-03-02;426;72516
28010;84;2021-03-03;378;72894
28011;84;2021-03-04;472;73366
28012;84;2021-03-05;420;73786
28013;84;2021-03-06;206;73992
28014;84;2021-03-07;22;74014
28015;84;2021-03-08;642;74656
28016;84;2021-03-09;519;75175
28017;84;2021-03-10;412;75587
28018;84;2021-03-11;510;76097
28019;84;2021-03-12;552;76649
28020;84;2021-03-13;300;76949
28021;84;2021-03-14;44;76993
28022;84;2021-03-15;654;77647
28023;84;2021-03-16;582;78229
28024;84;2021-03-17;620;78849
28025;84;2021-03-18;592;79441
28026;84;2021-03-19;678;80119
28027;84;2021-03-20;362;80481
28028;84;2021-03-21;70;80551
28029;84;2021-03-22;1044;81595
28030;84;2021-03-23;758;82353
28031;84;2021-03-24;820;83173
28032;84;2021-03-25;810;83983
28033;84;2021-03-26;918;84901
28034;84;2021-03-27;470;85371
28035;84;2021-03-28;92;85463
28036;84;2021-03-29;1260;86723
28037;84;2021-03-30;1012;87735
28038;84;2021-03-31;860;88595
28039;84;2021-04-01;748;89343
28040;84;2021-04-02;933;90276
28041;84;2021-04-03;498;90774
28042;84;2021-04-04;102;90876
28043;84;2021-04-05;146;91022
28044;84;2021-04-06;1356;92378
28045;84;2021-04-07;974;93352
28046;84;2021-04-08;750;94102
28047;84;2021-04-09;716;94818
28048;84;2021-04-10;468;95286
28049;84;2021-04-11;126;95412
28050;84;2021-04-12;1021;96433
28051;84;2021-04-13;818;97251
28052;84;2021-04-14;698;97949
28053;84;2021-04-15;674;98623
28054;85;2020-05-13;12;12
28055;85;2020-05-14;6;18
28056;85;2020-05-15;22;40
28057;85;2020-05-16;10;50
28058;85;2020-05-17;6;56
28059;85;2020-05-18;16;72
28060;85;2020-05-19;6;78
28061;85;2020-05-20;32;110
28062;85;2020-05-21;10;120
28063;85;2020-05-22;14;134
28064;85;2020-05-23;6;140
28065;85;2020-05-24;6;146
28066;85;2020-05-25;8;154
28067;85;2020-05-26;10;164
28068;85;2020-05-27;22;186
28069;85;2020-05-28;22;208
28070;85;2020-05-29;10;218
28071;85;2020-05-30;16;234
28072;85;2020-05-31;0;234
28073;85;2020-06-01;0;234
28074;85;2020-06-02;36;270
28075;85;2020-06-03;2;272
28076;85;2020-06-04;4;276
28077;85;2020-06-05;24;300
28078;85;2020-06-06;2;302
28079;85;2020-06-07;0;302
28080;85;2020-06-08;18;320
28081;85;2020-06-09;4;324
28082;85;2020-06-10;4;328
28083;85;2020-06-11;4;332
28084;85;2020-06-12;2;334
28085;85;2020-06-13;0;334
28086;85;2020-06-14;0;334
28087;85;2020-06-15;6;340
28088;85;2020-06-16;16;356
28089;85;2020-06-17;2;358
28090;85;2020-06-18;0;358
28091;85;2020-06-19;10;368
28092;85;2020-06-20;4;372
28093;85;2020-06-21;0;372
28094;85;2020-06-22;6;378
28095;85;2020-06-23;8;386
28096;85;2020-06-24;6;392
28097;85;2020-06-25;0;392
28098;85;2020-06-26;0;392
28099;85;2020-06-27;0;392
28100;85;2020-06-28;0;392
28101;85;2020-06-29;4;396
28102;85;2020-06-30;2;398
28103;85;2020-07-01;0;398
28104;85;2020-07-02;0;398
28105;85;2020-07-03;10;408
28106;85;2020-07-04;4;412
28107;85;2020-07-05;2;414
28108;85;2020-07-06;4;418
28109;85;2020-07-07;2;420
28110;85;2020-07-08;2;422
28111;85;2020-07-09;2;424
28112;85;2020-07-10;8;432
28113;85;2020-07-11;2;434
28114;85;2020-07-12;0;434
28115;85;2020-07-13;2;436
28116;85;2020-07-14;0;436
28117;85;2020-07-15;2;438
28118;85;2020-07-16;2;440
28119;85;2020-07-17;10;450
28120;85;2020-07-18;0;450
28121;85;2020-07-19;0;450
28122;85;2020-07-20;10;460
28123;85;2020-07-21;8;468
28124;85;2020-07-22;4;472
28125;85;2020-07-23;16;488
28126;85;2020-07-24;6;494
28127;85;2020-07-25;8;502
28128;85;2020-07-26;0;502
28129;85;2020-07-27;6;508
28130;85;2020-07-28;4;512
28131;85;2020-07-29;4;516
28132;85;2020-07-30;8;524
28133;85;2020-07-31;10;534
28134;85;2020-08-01;8;542
28135;85;2020-08-02;0;542
28136;85;2020-08-03;12;554
28137;85;2020-08-04;8;562
28138;85;2020-08-05;0;562
28139;85;2020-08-06;8;570
28140;85;2020-08-07;18;588
28141;85;2020-08-08;2;590
28142;85;2020-08-09;0;590
28143;85;2020-08-10;10;600
28144;85;2020-08-11;8;608
28145;85;2020-08-12;6;614
28146;85;2020-08-13;20;634
28147;85;2020-08-14;24;658
28148;85;2020-08-15;2;660
28149;85;2020-08-16;0;660
28150;85;2020-08-17;18;678
28151;85;2020-08-18;12;690
28152;85;2020-08-19;24;714
28153;85;2020-08-20;24;738
28154;85;2020-08-21;28;766
28155;85;2020-08-22;2;768
28156;85;2020-08-23;0;768
28157;85;2020-08-24;12;780
28158;85;2020-08-25;12;792
28159;85;2020-08-26;20;812
28160;85;2020-08-27;38;850
28161;85;2020-08-28;36;886
28162;85;2020-08-29;14;900
28163;85;2020-08-30;0;900
28164;85;2020-08-31;46;946
28165;85;2020-09-01;50;996
28166;85;2020-09-02;36;1032
28167;85;2020-09-03;36;1068
28168;85;2020-09-04;52;1120
28169;85;2020-09-05;18;1138
28170;85;2020-09-06;2;1140
28171;85;2020-09-07;58;1198
28172;85;2020-09-08;64;1262
28173;85;2020-09-09;50;1312
28174;85;2020-09-10;70;1382
28175;85;2020-09-11;36;1418
28176;85;2020-09-12;44;1462
28177;85;2020-09-13;0;1462
28178;85;2020-09-14;60;1522
28179;85;2020-09-15;60;1582
28180;85;2020-09-16;84;1666
28181;85;2020-09-17;96;1762
28182;85;2020-09-18;72;1834
28183;85;2020-09-19;46;1880
28184;85;2020-09-20;6;1886
28185;85;2020-09-21;132;2018
28186;85;2020-09-22;82;2100
28187;85;2020-09-23;182;2282
28188;85;2020-09-24;98;2380
28189;85;2020-09-25;92;2472
28190;85;2020-09-26;38;2510
28191;85;2020-09-27;4;2514
28192;85;2020-09-28;90;2604
28193;85;2020-09-29;64;2668
28194;85;2020-09-30;58;2726
28195;85;2020-10-01;120;2846
28196;85;2020-10-02;100;2946
28197;85;2020-10-03;88;3034
28198;85;2020-10-04;2;3036
28199;85;2020-10-05;174;3210
28200;85;2020-10-06;102;3312
28201;85;2020-10-07;118;3430
28202;85;2020-10-08;202;3632
28203;85;2020-10-09;176;3808
28204;85;2020-10-10;128;3936
28205;85;2020-10-11;10;3946
28206;85;2020-10-12;318;4264
28207;85;2020-10-13;180;4444
28208;85;2020-10-14;258;4702
28209;85;2020-10-15;258;4960
28210;85;2020-10-16;236;5196
28211;85;2020-10-17;156;5352
28212;85;2020-10-18;16;5368
28213;85;2020-10-19;424;5792
28214;85;2020-10-20;402;6194
28215;85;2020-10-21;446;6640
28216;85;2020-10-22;566;7206
28217;85;2020-10-23;580;7786
28218;85;2020-10-24;348;8134
28219;85;2020-10-25;38;8172
28220;85;2020-10-26;870;9042
28221;85;2020-10-27;670;9712
28222;85;2020-10-28;810;10522
28223;85;2020-10-29;704;11226
28224;85;2020-10-30;704;11930
28225;85;2020-10-31;328;12258
28226;85;2020-11-01;40;12298
28227;85;2020-11-02;896;13194
28228;85;2020-11-03;730;13924
28229;85;2020-11-04;702;14626
28230;85;2020-11-05;645;15271
28231;85;2020-11-06;674;15945
28232;85;2020-11-07;318;16263
28233;85;2020-11-08;18;16281
28234;85;2020-11-09;714;16995
28235;85;2020-11-10;434;17429
28236;85;2020-11-11;26;17455
28237;85;2020-11-12;537;17992
28238;85;2020-11-13;442;18434
28239;85;2020-11-14;170;18604
28240;85;2020-11-15;32;18636
28241;85;2020-11-16;456;19092
28242;85;2020-11-17;320;19412
28243;85;2020-11-18;244;19656
28244;85;2020-11-19;224;19880
28245;85;2020-11-20;164;20044
28246;85;2020-11-21;86;20130
28247;85;2020-11-22;14;20144
28248;85;2020-11-23;222;20366
28249;85;2020-11-24;158;20524
28250;85;2020-11-25;150;20674
28251;85;2020-11-26;150;20824
28252;85;2020-11-27;136;20960
28253;85;2020-11-28;80;21040
28254;85;2020-11-29;16;21056
28255;85;2020-11-30;212;21268
28256;85;2020-12-01;106;21374
28257;85;2020-12-02;100;21474
28258;85;2020-12-03;128;21602
28259;85;2020-12-04;156;21758
28260;85;2020-12-05;58;21816
28261;85;2020-12-06;16;21832
28262;85;2020-12-07;178;22010
28263;85;2020-12-08;110;22120
28264;85;2020-12-09;96;22216
28265;85;2020-12-10;232;22448
28266;85;2020-12-11;164;22612
28267;85;2020-12-12;96;22708
28268;85;2020-12-13;20;22728
28269;85;2020-12-14;250;22978
28270;85;2020-12-15;190;23168
28271;85;2020-12-16;168;23336
28272;85;2020-12-17;190;23526
28273;85;2020-12-18;160;23686
28274;85;2020-12-19;106;23792
28275;85;2020-12-20;18;23810
28276;85;2020-12-21;250;24060
28277;85;2020-12-22;192;24252
28278;85;2020-12-23;190;24442
28279;85;2020-12-24;125;24567
28280;85;2020-12-25;8;24575
28281;85;2020-12-26;108;24683
28282;85;2020-12-27;44;24727
28283;85;2020-12-28;310;25037
28284;85;2020-12-29;238;25275
28285;85;2020-12-30;258;25533
28286;85;2020-12-31;172;25705
28287;85;2021-01-01;2;25707
28288;85;2021-01-02;256;25963
28289;85;2021-01-03;30;25993
28290;85;2021-01-04;466;26459
28291;85;2021-01-05;324;26783
28292;85;2021-01-06;278;27061
28293;85;2021-01-07;270;27331
28294;85;2021-01-08;254;27585
28295;85;2021-01-09;130;27715
28296;85;2021-01-10;38;27753
28297;85;2021-01-11;394;28147
28298;85;2021-01-12;326;28473
28299;85;2021-01-13;436;28909
28300;85;2021-01-14;302;29211
28301;85;2021-01-15;318;29529
28302;85;2021-01-16;180;29709
28303;85;2021-01-17;30;29739
28304;85;2021-01-18;488;30227
28305;85;2021-01-19;358;30585
28306;85;2021-01-20;400;30985
28307;85;2021-01-21;326;31311
28308;85;2021-01-22;342;31653
28309;85;2021-01-23;220;31873
28310;85;2021-01-24;62;31935
28311;85;2021-01-25;542;32477
28312;85;2021-01-26;334;32811
28313;85;2021-01-27;304;33115
28314;85;2021-01-28;254;33369
28315;85;2021-01-29;344;33713
28316;85;2021-01-30;222;33935
28317;85;2021-01-31;34;33969
28318;85;2021-02-01;444;34413
28319;85;2021-02-02;302;34715
28320;85;2021-02-03;294;35009
28321;85;2021-02-04;308;35317
28322;85;2021-02-05;270;35587
28323;85;2021-02-06;152;35739
28324;85;2021-02-07;60;35799
28325;85;2021-02-08;418;36217
28326;85;2021-02-09;254;36471
28327;85;2021-02-10;270;36741
28328;85;2021-02-11;292;37033
28329;85;2021-02-12;206;37239
28330;85;2021-02-13;128;37367
28331;85;2021-02-14;42;37409
28332;85;2021-02-15;330;37739
28333;85;2021-02-16;276;38015
28334;85;2021-02-17;354;38369
28335;85;2021-02-18;324;38693
28336;85;2021-02-19;290;38983
28337;85;2021-02-20;188;39171
28338;85;2021-02-21;48;39219
28339;85;2021-02-22;444;39663
28340;85;2021-02-23;330;39993
28341;85;2021-02-24;300;40293
28342;85;2021-02-25;288;40581
28343;85;2021-02-26;252;40833
28344;85;2021-02-27;244;41077
28345;85;2021-02-28;34;41111
28346;85;2021-03-01;414;41525
28347;85;2021-03-02;316;41841
28348;85;2021-03-03;266;42107
28349;85;2021-03-04;290;42397
28350;85;2021-03-05;282;42679
28351;85;2021-03-06;164;42843
28352;85;2021-03-07;54;42897
28353;85;2021-03-08;354;43251
28354;85;2021-03-09;306;43557
28355;85;2021-03-10;260;43817
28356;85;2021-03-11;341;44158
28357;85;2021-03-12;346;44504
28358;85;2021-03-13;276;44780
28359;85;2021-03-14;64;44844
28360;85;2021-03-15;504;45348
28361;85;2021-03-16;360;45708
28362;85;2021-03-17;312;46020
28363;85;2021-03-18;454;46474
28364;85;2021-03-19;498;46972
28365;85;2021-03-20;328;47300
28366;85;2021-03-21;60;47360
28367;85;2021-03-22;580;47940
28368;85;2021-03-23;482;48422
28369;85;2021-03-24;544;48966
28370;85;2021-03-25;594;49560
28371;85;2021-03-26;782;50342
28372;85;2021-03-27;478;50820
28373;85;2021-03-28;114;50934
28374;85;2021-03-29;831;51765
28375;85;2021-03-30;668;52433
28376;85;2021-03-31;666;53099
28377;85;2021-04-01;730;53829
28378;85;2021-04-02;726;54555
28379;85;2021-04-03;422;54977
28380;85;2021-04-04;68;55045
28381;85;2021-04-05;178;55223
28382;85;2021-04-06;794;56017
28383;85;2021-04-07;628;56645
28384;85;2021-04-08;666;57311
28385;85;2021-04-09;683;57994
28386;85;2021-04-10;454;58448
28387;85;2021-04-11;80;58528
28388;85;2021-04-12;802;59330
28389;85;2021-04-13;588;59918
28390;85;2021-04-14;582;60500
28391;85;2021-04-15;580;61080
28392;86;2020-05-13;30;30
28393;86;2020-05-14;12;42
28394;86;2020-05-15;8;50
28395;86;2020-05-16;4;54
28396;86;2020-05-17;0;54
28397;86;2020-05-18;28;82
28398;86;2020-05-19;48;130
28399;86;2020-05-20;52;182
28400;86;2020-05-21;0;182
28401;86;2020-05-22;66;248
28402;86;2020-05-23;20;268
28403;86;2020-05-24;0;268
28404;86;2020-05-25;4;272
28405;86;2020-05-26;16;288
28406;86;2020-05-27;26;314
28407;86;2020-05-28;8;322
28408;86;2020-05-29;8;330
28409;86;2020-05-30;4;334
28410;86;2020-05-31;0;334
28411;86;2020-06-01;2;336
28412;86;2020-06-02;0;336
28413;86;2020-06-03;2;338
28414;86;2020-06-04;4;342
28415;86;2020-06-05;0;342
28416;86;2020-06-06;2;344
28417;86;2020-06-07;0;344
28418;86;2020-06-08;2;346
28419;86;2020-06-09;2;348
28420;86;2020-06-10;2;350
28421;86;2020-06-11;0;350
28422;86;2020-06-12;2;352
28423;86;2020-06-13;0;352
28424;86;2020-06-14;0;352
28425;86;2020-06-15;0;352
28426;86;2020-06-16;0;352
28427;86;2020-06-17;0;352
28428;86;2020-06-18;2;354
28429;86;2020-06-19;6;360
28430;86;2020-06-20;0;360
28431;86;2020-06-21;0;360
28432;86;2020-06-22;0;360
28433;86;2020-06-23;2;362
28434;86;2020-06-24;0;362
28435;86;2020-06-25;0;362
28436;86;2020-06-26;4;366
28437;86;2020-06-27;0;366
28438;86;2020-06-28;2;368
28439;86;2020-06-29;0;368
28440;86;2020-06-30;4;372
28441;86;2020-07-01;0;372
28442;86;2020-07-02;2;374
28443;86;2020-07-03;0;374
28444;86;2020-07-04;2;376
28445;86;2020-07-05;0;376
28446;86;2020-07-06;8;384
28447;86;2020-07-07;8;392
28448;86;2020-07-08;8;400
28449;86;2020-07-09;0;400
28450;86;2020-07-10;2;402
28451;86;2020-07-11;0;402
28452;86;2020-07-12;2;404
28453;86;2020-07-13;2;406
28454;86;2020-07-14;2;408
28455;86;2020-07-15;0;408
28456;86;2020-07-16;4;412
28457;86;2020-07-17;4;416
28458;86;2020-07-18;4;420
28459;86;2020-07-19;0;420
28460;86;2020-07-20;0;420
28461;86;2020-07-21;6;426
28462;86;2020-07-22;4;430
28463;86;2020-07-23;2;432
28464;86;2020-07-24;0;432
28465;86;2020-07-25;0;432
28466;86;2020-07-26;0;432
28467;86;2020-07-27;8;440
28468;86;2020-07-28;2;442
28469;86;2020-07-29;4;446
28470;86;2020-07-30;2;448
28471;86;2020-07-31;6;454
28472;86;2020-08-01;4;458
28473;86;2020-08-02;0;458
28474;86;2020-08-03;4;462
28475;86;2020-08-04;2;464
28476;86;2020-08-05;2;466
28477;86;2020-08-06;8;474
28478;86;2020-08-07;6;480
28479;86;2020-08-08;8;488
28480;86;2020-08-09;0;488
28481;86;2020-08-10;12;500
28482;86;2020-08-11;20;520
28483;86;2020-08-12;10;530
28484;86;2020-08-13;14;544
28485;86;2020-08-14;16;560
28486;86;2020-08-15;2;562
28487;86;2020-08-16;2;564
28488;86;2020-08-17;18;582
28489;86;2020-08-18;46;628
28490;86;2020-08-19;22;650
28491;86;2020-08-20;34;684
28492;86;2020-08-21;32;716
28493;86;2020-08-22;12;728
28494;86;2020-08-23;2;730
28495;86;2020-08-24;62;792
28496;86;2020-08-25;34;826
28497;86;2020-08-26;36;862
28498;86;2020-08-27;38;900
28499;86;2020-08-28;20;920
28500;86;2020-08-29;24;944
28501;86;2020-08-30;0;944
28502;86;2020-08-31;66;1010
28503;86;2020-09-01;82;1092
28504;86;2020-09-02;110;1202
28505;86;2020-09-03;60;1262
28506;86;2020-09-04;80;1342
28507;86;2020-09-05;44;1386
28508;86;2020-09-06;4;1390
28509;86;2020-09-07;110;1500
28510;86;2020-09-08;152;1652
28511;86;2020-09-09;102;1754
28512;86;2020-09-10;120;1874
28513;86;2020-09-11;90;1964
28514;86;2020-09-12;36;2000
28515;86;2020-09-13;14;2014
28516;86;2020-09-14;192;2206
28517;86;2020-09-15;94;2300
28518;86;2020-09-16;76;2376
28519;86;2020-09-17;110;2486
28520;86;2020-09-18;74;2560
28521;86;2020-09-19;60;2620
28522;86;2020-09-20;6;2626
28523;86;2020-09-21;108;2734
28524;86;2020-09-22;130;2864
28525;86;2020-09-23;136;3000
28526;86;2020-09-24;100;3100
28527;86;2020-09-25;98;3198
28528;86;2020-09-26;74;3272
28529;86;2020-09-27;0;3272
28530;86;2020-09-28;62;3334
28531;86;2020-09-29;52;3386
28532;86;2020-09-30;52;3438
28533;86;2020-10-01;54;3492
28534;86;2020-10-02;56;3548
28535;86;2020-10-03;36;3584
28536;86;2020-10-04;10;3594
28537;86;2020-10-05;76;3670
28538;86;2020-10-06;66;3736
28539;86;2020-10-07;92;3828
28540;86;2020-10-08;98;3926
28541;86;2020-10-09;98;4024
28542;86;2020-10-10;74;4098
28543;86;2020-10-11;6;4104
28544;86;2020-10-12;166;4270
28545;86;2020-10-13;108;4378
28546;86;2020-10-14;128;4506
28547;86;2020-10-15;188;4694
28548;86;2020-10-16;192;4886
28549;86;2020-10-17;130;5016
28550;86;2020-10-18;14;5030
28551;86;2020-10-19;286;5316
28552;86;2020-10-20;348;5664
28553;86;2020-10-21;320;5984
28554;86;2020-10-22;440;6424
28555;86;2020-10-23;480;6904
28556;86;2020-10-24;168;7072
28557;86;2020-10-25;42;7114
28558;86;2020-10-26;520;7634
28559;86;2020-10-27;522;8156
28560;86;2020-10-28;482;8638
28561;86;2020-10-29;532;9170
28562;86;2020-10-30;436;9606
28563;86;2020-10-31;260;9866
28564;86;2020-11-01;40;9906
28565;86;2020-11-02;676;10582
28566;86;2020-11-03;518;11100
28567;86;2020-11-04;424;11524
28568;86;2020-11-05;372;11896
28569;86;2020-11-06;320;12216
28570;86;2020-11-07;158;12374
28571;86;2020-11-08;22;12396
28572;86;2020-11-09;458;12854
28573;86;2020-11-10;382;13236
28574;86;2020-11-11;78;13314
28575;86;2020-11-12;400;13714
28576;86;2020-11-13;254;13968
28577;86;2020-11-14;124;14092
28578;86;2020-11-15;12;14104
28579;86;2020-11-16;282;14386
28580;86;2020-11-17;196;14582
28581;86;2020-11-18;170;14752
28582;86;2020-11-19;160;14912
28583;86;2020-11-20;200;15112
28584;86;2020-11-21;80;15192
28585;86;2020-11-22;14;15206
28586;86;2020-11-23;194;15400
28587;86;2020-11-24;130;15530
28588;86;2020-11-25;92;15622
28589;86;2020-11-26;98;15720
28590;86;2020-11-27;80;15800
28591;86;2020-11-28;38;15838
28592;86;2020-11-29;8;15846
28593;86;2020-11-30;162;16008
28594;86;2020-12-01;98;16106
28595;86;2020-12-02;74;16180
28596;86;2020-12-03;78;16258
28597;86;2020-12-04;106;16364
28598;86;2020-12-05;50;16414
28599;86;2020-12-06;16;16430
28600;86;2020-12-07;136;16566
28601;86;2020-12-08;152;16718
28602;86;2020-12-09;112;16830
28603;86;2020-12-10;110;16940
28604;86;2020-12-11;88;17028
28605;86;2020-12-12;50;17078
28606;86;2020-12-13;8;17086
28607;86;2020-12-14;116;17202
28608;86;2020-12-15;124;17326
28609;86;2020-12-16;120;17446
28610;86;2020-12-17;102;17548
28611;86;2020-12-18;68;17616
28612;86;2020-12-19;44;17660
28613;86;2020-12-20;4;17664
28614;86;2020-12-21;122;17786
28615;86;2020-12-22;82;17868
28616;86;2020-12-23;82;17950
28617;86;2020-12-24;42;17992
28618;86;2020-12-25;0;17992
28619;86;2020-12-26;38;18030
28620;86;2020-12-27;6;18036
28621;86;2020-12-28;88;18124
28622;86;2020-12-29;110;18234
28623;86;2020-12-30;114;18348
28624;86;2020-12-31;110;18458
28625;86;2021-01-01;6;18464
28626;86;2021-01-02;88;18552
28627;86;2021-01-03;12;18564
28628;86;2021-01-04;140;18704
28629;86;2021-01-05;128;18832
28630;86;2021-01-06;168;19000
28631;86;2021-01-07;136;19136
28632;86;2021-01-08;198;19334
28633;86;2021-01-09;102;19436
28634;86;2021-01-10;16;19452
28635;86;2021-01-11;158;19610
28636;86;2021-01-12;166;19776
28637;86;2021-01-13;164;19940
28638;86;2021-01-14;208;20148
28639;86;2021-01-15;244;20392
28640;86;2021-01-16;128;20520
28641;86;2021-01-17;22;20542
28642;86;2021-01-18;242;20784
28643;86;2021-01-19;168;20952
28644;86;2021-01-20;214;21166
28645;86;2021-01-21;310;21476
28646;86;2021-01-22;250;21726
28647;86;2021-01-23;146;21872
28648;86;2021-01-24;28;21900
28649;86;2021-01-25;418;22318
28650;86;2021-01-26;306;22624
28651;86;2021-01-27;234;22858
28652;86;2021-01-28;312;23170
28653;86;2021-01-29;232;23402
28654;86;2021-01-30;128;23530
28655;86;2021-01-31;18;23548
28656;86;2021-02-01;292;23840
28657;86;2021-02-02;308;24148
28658;86;2021-02-03;248;24396
28659;86;2021-02-04;366;24762
28660;86;2021-02-05;250;25012
28661;86;2021-02-06;138;25150
28662;86;2021-02-07;30;25180
28663;86;2021-02-08;286;25466
28664;86;2021-02-09;224;25690
28665;86;2021-02-10;122;25812
28666;86;2021-02-11;192;26004
28667;86;2021-02-12;198;26202
28668;86;2021-02-13;92;26294
28669;86;2021-02-14;40;26334
28670;86;2021-02-15;284;26618
28671;86;2021-02-16;242;26860
28672;86;2021-02-17;186;27046
28673;86;2021-02-18;212;27258
28674;86;2021-02-19;264;27522
28675;86;2021-02-20;166;27688
28676;86;2021-02-21;22;27710
28677;86;2021-02-22;438;28148
28678;86;2021-02-23;324;28472
28679;86;2021-02-24;330;28802
28680;86;2021-02-25;224;29026
28681;86;2021-02-26;206;29232
28682;86;2021-02-27;166;29398
28683;86;2021-02-28;18;29416
28684;86;2021-03-01;280;29696
28685;86;2021-03-02;326;30022
28686;86;2021-03-03;272;30294
28687;86;2021-03-04;250;30544
28688;86;2021-03-05;258;30802
28689;86;2021-03-06;206;31008
28690;86;2021-03-07;54;31062
28691;86;2021-03-08;316;31378
28692;86;2021-03-09;336;31714
28693;86;2021-03-10;310;32024
28694;86;2021-03-11;288;32312
28695;86;2021-03-12;324;32636
28696;86;2021-03-13;186;32822
28697;86;2021-03-14;24;32846
28698;86;2021-03-15;484;33330
28699;86;2021-03-16;306;33636
28700;86;2021-03-17;294;33930
28701;86;2021-03-18;298;34228
28702;86;2021-03-19;334;34562
28703;86;2021-03-20;156;34718
28704;86;2021-03-21;36;34754
28705;86;2021-03-22;380;35134
28706;86;2021-03-23;304;35438
28707;86;2021-03-24;338;35776
28708;86;2021-03-25;332;36108
28709;86;2021-03-26;300;36408
28710;86;2021-03-27;272;36680
28711;86;2021-03-28;32;36712
28712;86;2021-03-29;512;37224
28713;86;2021-03-30;386;37610
28714;86;2021-03-31;424;38034
28715;86;2021-04-01;400;38434
28716;86;2021-04-02;344;38778
28717;86;2021-04-03;236;39014
28718;86;2021-04-04;24;39038
28719;86;2021-04-05;164;39202
28720;86;2021-04-06;532;39734
28721;86;2021-04-07;370;40104
28722;86;2021-04-08;430;40534
28723;86;2021-04-09;414;40948
28724;86;2021-04-10;272;41220
28725;86;2021-04-11;28;41248
28726;86;2021-04-12;408;41656
28727;86;2021-04-13;350;42006
28728;86;2021-04-14;334;42340
28729;86;2021-04-15;384;42724
28730;87;2020-05-13;2;2
28731;87;2020-05-14;0;2
28732;87;2020-05-15;0;2
28733;87;2020-05-16;2;4
28734;87;2020-05-17;0;4
28735;87;2020-05-18;2;6
28736;87;2020-05-19;4;10
28737;87;2020-05-20;0;10
28738;87;2020-05-21;0;10
28739;87;2020-05-22;0;10
28740;87;2020-05-23;0;10
28741;87;2020-05-24;0;10
28742;87;2020-05-25;2;12
28743;87;2020-05-26;2;14
28744;87;2020-05-27;4;18
28745;87;2020-05-28;0;18
28746;87;2020-05-29;4;22
28747;87;2020-05-30;0;22
28748;87;2020-05-31;0;22
28749;87;2020-06-01;0;22
28750;87;2020-06-02;8;30
28751;87;2020-06-03;0;30
28752;87;2020-06-04;0;30
28753;87;2020-06-05;2;32
28754;87;2020-06-06;0;32
28755;87;2020-06-07;0;32
28756;87;2020-06-08;0;32
28757;87;2020-06-09;0;32
28758;87;2020-06-10;0;32
28759;87;2020-06-11;0;32
28760;87;2020-06-12;4;36
28761;87;2020-06-13;0;36
28762;87;2020-06-14;0;36
28763;87;2020-06-15;0;36
28764;87;2020-06-16;0;36
28765;87;2020-06-17;0;36
28766;87;2020-06-18;0;36
28767;87;2020-06-19;0;36
28768;87;2020-06-20;0;36
28769;87;2020-06-21;0;36
28770;87;2020-06-22;0;36
28771;87;2020-06-23;0;36
28772;87;2020-06-24;2;38
28773;87;2020-06-25;0;38
28774;87;2020-06-26;0;38
28775;87;2020-06-27;0;38
28776;87;2020-06-28;0;38
28777;87;2020-06-29;0;38
28778;87;2020-06-30;0;38
28779;87;2020-07-01;0;38
28780;87;2020-07-02;0;38
28781;87;2020-07-03;0;38
28782;87;2020-07-04;8;46
28783;87;2020-07-05;0;46
28784;87;2020-07-06;0;46
28785;87;2020-07-07;1;47
28786;87;2020-07-08;0;47
28787;87;2020-07-09;0;47
28788;87;2020-07-10;0;47
28789;87;2020-07-11;0;47
28790;87;2020-07-12;0;47
28791;87;2020-07-13;0;47
28792;87;2020-07-14;0;47
28793;87;2020-07-15;0;47
28794;87;2020-07-16;6;53
28795;87;2020-07-17;4;57
28796;87;2020-07-18;2;59
28797;87;2020-07-19;0;59
28798;87;2020-07-20;2;61
28799;87;2020-07-21;0;61
28800;87;2020-07-22;4;65
28801;87;2020-07-23;0;65
28802;87;2020-07-24;6;71
28803;87;2020-07-25;0;71
28804;87;2020-07-26;0;71
28805;87;2020-07-27;4;75
28806;87;2020-07-28;8;83
28807;87;2020-07-29;0;83
28808;87;2020-07-30;2;85
28809;87;2020-07-31;4;89
28810;87;2020-08-01;2;91
28811;87;2020-08-02;0;91
28812;87;2020-08-03;0;91
28813;87;2020-08-04;2;93
28814;87;2020-08-05;2;95
28815;87;2020-08-06;4;99
28816;87;2020-08-07;4;103
28817;87;2020-08-08;0;103
28818;87;2020-08-09;0;103
28819;87;2020-08-10;6;109
28820;87;2020-08-11;6;115
28821;87;2020-08-12;2;117
28822;87;2020-08-13;4;121
28823;87;2020-08-14;10;131
28824;87;2020-08-15;2;133
28825;87;2020-08-16;4;137
28826;87;2020-08-17;8;145
28827;87;2020-08-18;6;151
28828;87;2020-08-19;8;159
28829;87;2020-08-20;6;165
28830;87;2020-08-21;18;183
28831;87;2020-08-22;8;191
28832;87;2020-08-23;0;191
28833;87;2020-08-24;10;201
28834;87;2020-08-25;14;215
28835;87;2020-08-26;34;249
28836;87;2020-08-27;36;285
28837;87;2020-08-28;58;343
28838;87;2020-08-29;28;371
28839;87;2020-08-30;16;387
28840;87;2020-08-31;48;435
28841;87;2020-09-01;30;465
28842;87;2020-09-02;30;495
28843;87;2020-09-03;54;549
28844;87;2020-09-04;70;619
28845;87;2020-09-05;34;653
28846;87;2020-09-06;2;655
28847;87;2020-09-07;50;705
28848;87;2020-09-08;70;775
28849;87;2020-09-09;54;829
28850;87;2020-09-10;96;925
28851;87;2020-09-11;64;989
28852;87;2020-09-12;28;1017
28853;87;2020-09-13;10;1027
28854;87;2020-09-14;64;1091
28855;87;2020-09-15;92;1183
28856;87;2020-09-16;124;1307
28857;87;2020-09-17;78;1385
28858;87;2020-09-18;78;1463
28859;87;2020-09-19;44;1507
28860;87;2020-09-20;12;1519
28861;87;2020-09-21;126;1645
28862;87;2020-09-22;122;1767
28863;87;2020-09-23;98;1865
28864;87;2020-09-24;108;1973
28865;87;2020-09-25;104;2077
28866;87;2020-09-26;40;2117
28867;87;2020-09-27;8;2125
28868;87;2020-09-28;94;2219
28869;87;2020-09-29;98;2317
28870;87;2020-09-30;80;2397
28871;87;2020-10-01;117;2514
28872;87;2020-10-02;80;2594
28873;87;2020-10-03;92;2686
28874;87;2020-10-04;8;2694
28875;87;2020-10-05;148;2842
28876;87;2020-10-06;162;3004
28877;87;2020-10-07;152;3156
28878;87;2020-10-08;186;3342
28879;87;2020-10-09;222;3564
28880;87;2020-10-10;128;3692
28881;87;2020-10-11;26;3718
28882;87;2020-10-12;244;3962
28883;87;2020-10-13;256;4218
28884;87;2020-10-14;230;4448
28885;87;2020-10-15;212;4660
28886;87;2020-10-16;280;4940
28887;87;2020-10-17;160;5100
28888;87;2020-10-18;42;5142
28889;87;2020-10-19;342;5484
28890;87;2020-10-20;316;5800
28891;87;2020-10-21;416;6216
28892;87;2020-10-22;396;6612
28893;87;2020-10-23;528;7140
28894;87;2020-10-24;296;7436
28895;87;2020-10-25;24;7460
28896;87;2020-10-26;552;8012
28897;87;2020-10-27;482;8494
28898;87;2020-10-28;494;8988
28899;87;2020-10-29;480;9468
28900;87;2020-10-30;556;10024
28901;87;2020-10-31;254;10278
28902;87;2020-11-01;44;10322
28903;87;2020-11-02;543;10865
28904;87;2020-11-03;406;11271
28905;87;2020-11-04;307;11578
28906;87;2020-11-05;368;11946
28907;87;2020-11-06;274;12220
28908;87;2020-11-07;188;12408
28909;87;2020-11-08;22;12430
28910;87;2020-11-09;438;12868
28911;87;2020-11-10;212;13080
28912;87;2020-11-11;14;13094
28913;87;2020-11-12;282;13376
28914;87;2020-11-13;186;13562
28915;87;2020-11-14;106;13668
28916;87;2020-11-15;28;13696
28917;87;2020-11-16;232;13928
28918;87;2020-11-17;160;14088
28919;87;2020-11-18;72;14160
28920;87;2020-11-19;128;14288
28921;87;2020-11-20;108;14396
28922;87;2020-11-21;44;14440
28923;87;2020-11-22;16;14456
28924;87;2020-11-23;142;14598
28925;87;2020-11-24;156;14754
28926;87;2020-11-25;172;14926
28927;87;2020-11-26;110;15036
28928;87;2020-11-27;80;15116
28929;87;2020-11-28;66;15182
28930;87;2020-11-29;20;15202
28931;87;2020-11-30;146;15348
28932;87;2020-12-01;160;15508
28933;87;2020-12-02;224;15732
28934;87;2020-12-03;104;15836
28935;87;2020-12-04;136;15972
28936;87;2020-12-05;68;16040
28937;87;2020-12-06;2;16042
28938;87;2020-12-07;176;16218
28939;87;2020-12-08;212;16430
28940;87;2020-12-09;124;16554
28941;87;2020-12-10;136;16690
28942;87;2020-12-11;118;16808
28943;87;2020-12-12;94;16902
28944;87;2020-12-13;8;16910
28945;87;2020-12-14;174;17084
28946;87;2020-12-15;188;17272
28947;87;2020-12-16;112;17384
28948;87;2020-12-17;138;17522
28949;87;2020-12-18;104;17626
28950;87;2020-12-19;74;17700
28951;87;2020-12-20;4;17704
28952;87;2020-12-21;116;17820
28953;87;2020-12-22;82;17902
28954;87;2020-12-23;70;17972
28955;87;2020-12-24;74;18046
28956;87;2020-12-25;2;18048
28957;87;2020-12-26;86;18134
28958;87;2020-12-27;16;18150
28959;87;2020-12-28;136;18286
28960;87;2020-12-29;128;18414
28961;87;2020-12-30;148;18562
28962;87;2020-12-31;168;18730
28963;87;2021-01-01;8;18738
28964;87;2021-01-02;112;18850
28965;87;2021-01-03;12;18862
28966;87;2021-01-04;214;19076
28967;87;2021-01-05;218;19294
28968;87;2021-01-06;136;19430
28969;87;2021-01-07;138;19568
28970;87;2021-01-08;130;19698
28971;87;2021-01-09;94;19792
28972;87;2021-01-10;0;19792
28973;87;2021-01-11;156;19948
28974;87;2021-01-12;174;20122
28975;87;2021-01-13;146;20268
28976;87;2021-01-14;168;20436
28977;87;2021-01-15;168;20604
28978;87;2021-01-16;122;20726
28979;87;2021-01-17;16;20742
28980;87;2021-01-18;184;20926
28981;87;2021-01-19;136;21062
28982;87;2021-01-20;180;21242
28983;87;2021-01-21;96;21338
28984;87;2021-01-22;150;21488
28985;87;2021-01-23;122;21610
28986;87;2021-01-24;16;21626
28987;87;2021-01-25;232;21858
28988;87;2021-01-26;240;22098
28989;87;2021-01-27;134;22232
28990;87;2021-01-28;218;22450
28991;87;2021-01-29;208;22658
28992;87;2021-01-30;126;22784
28993;87;2021-01-31;12;22796
28994;87;2021-02-01;268;23064
28995;87;2021-02-02;240;23304
28996;87;2021-02-03;236;23540
28997;87;2021-02-04;174;23714
28998;87;2021-02-05;212;23926
28999;87;2021-02-06;124;24050
29000;87;2021-02-07;16;24066
29001;87;2021-02-08;186;24252
29002;87;2021-02-09;130;24382
29003;87;2021-02-10;140;24522
29004;87;2021-02-11;120;24642
29005;87;2021-02-12;140;24782
29006;87;2021-02-13;102;24884
29007;87;2021-02-14;0;24884
29008;87;2021-02-15;180;25064
29009;87;2021-02-16;138;25202
29010;87;2021-02-17;134;25336
29011;87;2021-02-18;128;25464
29012;87;2021-02-19;160;25624
29013;87;2021-02-20;102;25726
29014;87;2021-02-21;16;25742
29015;87;2021-02-22;156;25898
29016;87;2021-02-23;142;26040
29017;87;2021-02-24;132;26172
29018;87;2021-02-25;132;26304
29019;87;2021-02-26;124;26428
29020;87;2021-02-27;100;26528
29021;87;2021-02-28;4;26532
29022;87;2021-03-01;158;26690
29023;87;2021-03-02;132;26822
29024;87;2021-03-03;108;26930
29025;87;2021-03-04;142;27072
29026;87;2021-03-05;130;27202
29027;87;2021-03-06;104;27306
29028;87;2021-03-07;2;27308
29029;87;2021-03-08;194;27502
29030;87;2021-03-09;140;27642
29031;87;2021-03-10;176;27818
29032;87;2021-03-11;150;27968
29033;87;2021-03-12;168;28136
29034;87;2021-03-13;166;28302
29035;87;2021-03-14;12;28314
29036;87;2021-03-15;298;28612
29037;87;2021-03-16;210;28822
29038;87;2021-03-17;193;29015
29039;87;2021-03-18;164;29179
29040;87;2021-03-19;154;29333
29041;87;2021-03-20;190;29523
29042;87;2021-03-21;14;29537
29043;87;2021-03-22;224;29761
29044;87;2021-03-23;280;30041
29045;87;2021-03-24;282;30323
29046;87;2021-03-25;276;30599
29047;87;2021-03-26;232;30831
29048;87;2021-03-27;288;31119
29049;87;2021-03-28;16;31135
29050;87;2021-03-29;404;31539
29051;87;2021-03-30;306;31845
29052;87;2021-03-31;379;32224
29053;87;2021-04-01;394;32618
29054;87;2021-04-02;415;33033
29055;87;2021-04-03;274;33307
29056;87;2021-04-04;4;33311
29057;87;2021-04-05;22;33333
29058;87;2021-04-06;502;33835
29059;87;2021-04-07;396;34231
29060;87;2021-04-08;470;34701
29061;87;2021-04-09;432;35133
29062;87;2021-04-10;372;35505
29063;87;2021-04-11;20;35525
29064;87;2021-04-12;545;36070
29065;87;2021-04-13;408;36478
29066;87;2021-04-14;390;36868
29067;87;2021-04-15;390;37258
29068;88;2020-05-13;18;18
29069;88;2020-05-14;12;30
29070;88;2020-05-15;4;34
29071;88;2020-05-16;0;34
29072;88;2020-05-17;0;34
29073;88;2020-05-18;12;46
29074;88;2020-05-19;8;54
29075;88;2020-05-20;12;66
29076;88;2020-05-21;4;70
29077;88;2020-05-22;14;84
29078;88;2020-05-23;4;88
29079;88;2020-05-24;0;88
29080;88;2020-05-25;10;98
29081;88;2020-05-26;4;102
29082;88;2020-05-27;2;104
29083;88;2020-05-28;10;114
29084;88;2020-05-29;10;124
29085;88;2020-05-30;0;124
29086;88;2020-05-31;0;124
29087;88;2020-06-01;0;124
29088;88;2020-06-02;8;132
29089;88;2020-06-03;4;136
29090;88;2020-06-04;4;140
29091;88;2020-06-05;0;140
29092;88;2020-06-06;4;144
29093;88;2020-06-07;0;144
29094;88;2020-06-08;10;154
29095;88;2020-06-09;8;162
29096;88;2020-06-10;0;162
29097;88;2020-06-11;6;168
29098;88;2020-06-12;6;174
29099;88;2020-06-13;2;176
29100;88;2020-06-14;2;178
29101;88;2020-06-15;6;184
29102;88;2020-06-16;4;188
29103;88;2020-06-17;2;190
29104;88;2020-06-18;2;192
29105;88;2020-06-19;12;204
29106;88;2020-06-20;0;204
29107;88;2020-06-21;0;204
29108;88;2020-06-22;6;210
29109;88;2020-06-23;2;212
29110;88;2020-06-24;4;216
29111;88;2020-06-25;0;216
29112;88;2020-06-26;4;220
29113;88;2020-06-27;0;220
29114;88;2020-06-28;0;220
29115;88;2020-06-29;6;226
29116;88;2020-06-30;10;236
29117;88;2020-07-01;3;239
29118;88;2020-07-02;5;244
29119;88;2020-07-03;2;246
29120;88;2020-07-04;0;246
29121;88;2020-07-05;0;246
29122;88;2020-07-06;2;248
29123;88;2020-07-07;8;256
29124;88;2020-07-08;14;270
29125;88;2020-07-09;10;280
29126;88;2020-07-10;2;282
29127;88;2020-07-11;0;282
29128;88;2020-07-12;0;282
29129;88;2020-07-13;28;310
29130;88;2020-07-14;2;312
29131;88;2020-07-15;40;352
29132;88;2020-07-16;54;406
29133;88;2020-07-17;12;418
29134;88;2020-07-18;14;432
29135;88;2020-07-19;0;432
29136;88;2020-07-20;22;454
29137;88;2020-07-21;16;470
29138;88;2020-07-22;24;494
29139;88;2020-07-23;6;500
29140;88;2020-07-24;14;514
29141;88;2020-07-25;4;518
29142;88;2020-07-26;2;520
29143;88;2020-07-27;8;528
29144;88;2020-07-28;12;540
29145;88;2020-07-29;6;546
29146;88;2020-07-30;6;552
29147;88;2020-07-31;12;564
29148;88;2020-08-01;0;564
29149;88;2020-08-02;0;564
29150;88;2020-08-03;6;570
29151;88;2020-08-04;4;574
29152;88;2020-08-05;6;580
29153;88;2020-08-06;4;584
29154;88;2020-08-07;4;588
29155;88;2020-08-08;2;590
29156;88;2020-08-09;0;590
29157;88;2020-08-10;22;612
29158;88;2020-08-11;28;640
29159;88;2020-08-12;16;656
29160;88;2020-08-13;18;674
29161;88;2020-08-14;10;684
29162;88;2020-08-15;0;684
29163;88;2020-08-16;0;684
29164;88;2020-08-17;4;688
29165;88;2020-08-18;20;708
29166;88;2020-08-19;24;732
29167;88;2020-08-20;6;738
29168;88;2020-08-21;24;762
29169;88;2020-08-22;4;766
29170;88;2020-08-23;0;766
29171;88;2020-08-24;8;774
29172;88;2020-08-25;24;798
29173;88;2020-08-26;24;822
29174;88;2020-08-27;16;838
29175;88;2020-08-28;26;864
29176;88;2020-08-29;14;878
29177;88;2020-08-30;4;882
29178;88;2020-08-31;32;914
29179;88;2020-09-01;20;934
29180;88;2020-09-02;16;950
29181;88;2020-09-03;22;972
29182;88;2020-09-04;16;988
29183;88;2020-09-05;12;1000
29184;88;2020-09-06;2;1002
29185;88;2020-09-07;26;1028
29186;88;2020-09-08;14;1042
29187;88;2020-09-09;22;1064
29188;88;2020-09-10;28;1092
29189;88;2020-09-11;30;1122
29190;88;2020-09-12;10;1132
29191;88;2020-09-13;2;1134
29192;88;2020-09-14;54;1188
29193;88;2020-09-15;24;1212
29194;88;2020-09-16;20;1232
29195;88;2020-09-17;8;1240
29196;88;2020-09-18;26;1266
29197;88;2020-09-19;8;1274
29198;88;2020-09-20;0;1274
29199;88;2020-09-21;48;1322
29200;88;2020-09-22;20;1342
29201;88;2020-09-23;28;1370
29202;88;2020-09-24;14;1384
29203;88;2020-09-25;22;1406
29204;88;2020-09-26;4;1410
29205;88;2020-09-27;2;1412
29206;88;2020-09-28;38;1450
29207;88;2020-09-29;30;1480
29208;88;2020-09-30;24;1504
29209;88;2020-10-01;38;1542
29210;88;2020-10-02;34;1576
29211;88;2020-10-03;22;1598
29212;88;2020-10-04;0;1598
29213;88;2020-10-05;45;1643
29214;88;2020-10-06;58;1701
29215;88;2020-10-07;52;1753
29216;88;2020-10-08;76;1829
29217;88;2020-10-09;132;1961
29218;88;2020-10-10;38;1999
29219;88;2020-10-11;6;2005
29220;88;2020-10-12;134;2139
29221;88;2020-10-13;118;2257
29222;88;2020-10-14;192;2449
29223;88;2020-10-15;204;2653
29224;88;2020-10-16;188;2841
29225;88;2020-10-17;152;2993
29226;88;2020-10-18;4;2997
29227;88;2020-10-19;364;3361
29228;88;2020-10-20;294;3655
29229;88;2020-10-21;332;3987
29230;88;2020-10-22;442;4429
29231;88;2020-10-23;460;4889
29232;88;2020-10-24;172;5061
29233;88;2020-10-25;24;5085
29234;88;2020-10-26;718;5803
29235;88;2020-10-27;484;6287
29236;88;2020-10-28;478;6765
29237;88;2020-10-29;506;7271
29238;88;2020-10-30;592;7863
29239;88;2020-10-31;248;8111
29240;88;2020-11-01;52;8163
29241;88;2020-11-02;832;8995
29242;88;2020-11-03;600;9595
29243;88;2020-11-04;506;10101
29244;88;2020-11-05;482;10583
29245;88;2020-11-06;474;11057
29246;88;2020-11-07;222;11279
29247;88;2020-11-08;30;11309
29248;88;2020-11-09;520;11829
29249;88;2020-11-10;538;12367
29250;88;2020-11-11;40;12407
29251;88;2020-11-12;454;12861
29252;88;2020-11-13;360;13221
29253;88;2020-11-14;118;13339
29254;88;2020-11-15;16;13355
29255;88;2020-11-16;394;13749
29256;88;2020-11-17;216;13965
29257;88;2020-11-18;152;14117
29258;88;2020-11-19;220;14337
29259;88;2020-11-20;182;14519
29260;88;2020-11-21;74;14593
29261;88;2020-11-22;20;14613
29262;88;2020-11-23;166;14779
29263;88;2020-11-24;118;14897
29264;88;2020-11-25;144;15041
29265;88;2020-11-26;226;15267
29266;88;2020-11-27;176;15443
29267;88;2020-11-28;86;15529
29268;88;2020-11-29;30;15559
29269;88;2020-11-30;300;15859
29270;88;2020-12-01;189;16048
29271;88;2020-12-02;196;16244
29272;88;2020-12-03;330;16574
29273;88;2020-12-04;234;16808
29274;88;2020-12-05;122;16930
29275;88;2020-12-06;36;16966
29276;88;2020-12-07;338;17304
29277;88;2020-12-08;330;17634
29278;88;2020-12-09;326;17960
29279;88;2020-12-10;378;18338
29280;88;2020-12-11;298;18636
29281;88;2020-12-12;180;18816
29282;88;2020-12-13;28;18844
29283;88;2020-12-14;496;19340
29284;88;2020-12-15;490;19830
29285;88;2020-12-16;372;20202
29286;88;2020-12-17;328;20530
29287;88;2020-12-18;404;20934
29288;88;2020-12-19;248;21182
29289;88;2020-12-20;76;21258
29290;88;2020-12-21;424;21682
29291;88;2020-12-22;330;22012
29292;88;2020-12-23;342;22354
29293;88;2020-12-24;280;22634
29294;88;2020-12-25;14;22648
29295;88;2020-12-26;166;22814
29296;88;2020-12-27;28;22842
29297;88;2020-12-28;436;23278
29298;88;2020-12-29;382;23660
29299;88;2020-12-30;332;23992
29300;88;2020-12-31;252;24244
29301;88;2021-01-01;20;24264
29302;88;2021-01-02;246;24510
29303;88;2021-01-03;32;24542
29304;88;2021-01-04;408;24950
29305;88;2021-01-05;314;25264
29306;88;2021-01-06;262;25526
29307;88;2021-01-07;236;25762
29308;88;2021-01-08;282;26044
29309;88;2021-01-09;178;26222
29310;88;2021-01-10;12;26234
29311;88;2021-01-11;382;26616
29312;88;2021-01-12;242;26858
29313;88;2021-01-13;188;27046
29314;88;2021-01-14;242;27288
29315;88;2021-01-15;201;27489
29316;88;2021-01-16;178;27667
29317;88;2021-01-17;8;27675
29318;88;2021-01-18;326;28001
29319;88;2021-01-19;262;28263
29320;88;2021-01-20;220;28483
29321;88;2021-01-21;242;28725
29322;88;2021-01-22;222;28947
29323;88;2021-01-23;140;29087
29324;88;2021-01-24;8;29095
29325;88;2021-01-25;294;29389
29326;88;2021-01-26;220;29609
29327;88;2021-01-27;190;29799
29328;88;2021-01-28;174;29973
29329;88;2021-01-29;214;30187
29330;88;2021-01-30;142;30329
29331;88;2021-01-31;12;30341
29332;88;2021-02-01;302;30643
29333;88;2021-02-02;170;30813
29334;88;2021-02-03;178;30991
29335;88;2021-02-04;192;31183
29336;88;2021-02-05;204;31387
29337;88;2021-02-06;162;31549
29338;88;2021-02-07;30;31579
29339;88;2021-02-08;276;31855
29340;88;2021-02-09;158;32013
29341;88;2021-02-10;126;32139
29342;88;2021-02-11;130;32269
29343;88;2021-02-12;126;32395
29344;88;2021-02-13;100;32495
29345;88;2021-02-14;16;32511
29346;88;2021-02-15;182;32693
29347;88;2021-02-16;134;32827
29348;88;2021-02-17;139;32966
29349;88;2021-02-18;162;33128
29350;88;2021-02-19;116;33244
29351;88;2021-02-20;78;33322
29352;88;2021-02-21;16;33338
29353;88;2021-02-22;176;33514
29354;88;2021-02-23;138;33652
29355;88;2021-02-24;127;33779
29356;88;2021-02-25;112;33891
29357;88;2021-02-26;98;33989
29358;88;2021-02-27;102;34091
29359;88;2021-02-28;26;34117
29360;88;2021-03-01;156;34273
29361;88;2021-03-02;124;34397
29362;88;2021-03-03;136;34533
29363;88;2021-03-04;144;34677
29364;88;2021-03-05;204;34881
29365;88;2021-03-06;120;35001
29366;88;2021-03-07;6;35007
29367;88;2021-03-08;224;35231
29368;88;2021-03-09;184;35415
29369;88;2021-03-10;154;35569
29370;88;2021-03-11;162;35731
29371;88;2021-03-12;202;35933
29372;88;2021-03-13;206;36139
29373;88;2021-03-14;40;36179
29374;88;2021-03-15;306;36485
29375;88;2021-03-16;162;36647
29376;88;2021-03-17;224;36871
29377;88;2021-03-18;186;37057
29378;88;2021-03-19;236;37293
29379;88;2021-03-20;194;37487
29380;88;2021-03-21;26;37513
29381;88;2021-03-22;378;37891
29382;88;2021-03-23;408;38299
29383;88;2021-03-24;298;38597
29384;88;2021-03-25;396;38993
29385;88;2021-03-26;434;39427
29386;88;2021-03-27;294;39721
29387;88;2021-03-28;16;39737
29388;88;2021-03-29;528;40265
29389;88;2021-03-30;450;40715
29390;88;2021-03-31;348;41063
29391;88;2021-04-01;408;41471
29392;88;2021-04-02;336;41807
29393;88;2021-04-03;318;42125
29394;88;2021-04-04;56;42181
29395;88;2021-04-05;48;42229
29396;88;2021-04-06;560;42789
29397;88;2021-04-07;410;43199
29398;88;2021-04-08;416;43615
29399;88;2021-04-09;392;44007
29400;88;2021-04-10;304;44311
29401;88;2021-04-11;50;44361
29402;88;2021-04-12;534;44895
29403;88;2021-04-13;392;45287
29404;88;2021-04-14;368;45655
29405;88;2021-04-15;300;45955
29406;89;2020-05-13;8;8
29407;89;2020-05-14;0;8
29408;89;2020-05-15;8;16
29409;89;2020-05-16;16;32
29410;89;2020-05-17;6;38
29411;89;2020-05-18;4;42
29412;89;2020-05-19;16;58
29413;89;2020-05-20;10;68
29414;89;2020-05-21;4;72
29415;89;2020-05-22;4;76
29416;89;2020-05-23;10;86
29417;89;2020-05-24;6;92
29418;89;2020-05-25;0;92
29419;89;2020-05-26;4;96
29420;89;2020-05-27;2;98
29421;89;2020-05-28;0;98
29422;89;2020-05-29;0;98
29423;89;2020-05-30;2;100
29424;89;2020-05-31;0;100
29425;89;2020-06-01;0;100
29426;89;2020-06-02;16;116
29427;89;2020-06-03;12;128
29428;89;2020-06-04;4;132
29429;89;2020-06-05;4;136
29430;89;2020-06-06;4;140
29431;89;2020-06-07;0;140
29432;89;2020-06-08;2;142
29433;89;2020-06-09;0;142
29434;89;2020-06-10;2;144
29435;89;2020-06-11;2;146
29436;89;2020-06-12;0;146
29437;89;2020-06-13;0;146
29438;89;2020-06-14;0;146
29439;89;2020-06-15;0;146
29440;89;2020-06-16;4;150
29441;89;2020-06-17;0;150
29442;89;2020-06-18;0;150
29443;89;2020-06-19;0;150
29444;89;2020-06-20;2;152
29445;89;2020-06-21;0;152
29446;89;2020-06-22;2;154
29447;89;2020-06-23;4;158
29448;89;2020-06-24;4;162
29449;89;2020-06-25;4;166
29450;89;2020-06-26;0;166
29451;89;2020-06-27;6;172
29452;89;2020-06-28;8;180
29453;89;2020-06-29;0;180
29454;89;2020-06-30;0;180
29455;89;2020-07-01;4;184
29456;89;2020-07-02;2;186
29457;89;2020-07-03;0;186
29458;89;2020-07-04;0;186
29459;89;2020-07-05;2;188
29460;89;2020-07-06;0;188
29461;89;2020-07-07;4;192
29462;89;2020-07-08;0;192
29463;89;2020-07-09;2;194
29464;89;2020-07-10;4;198
29465;89;2020-07-11;10;208
29466;89;2020-07-12;2;210
29467;89;2020-07-13;0;210
29468;89;2020-07-14;2;212
29469;89;2020-07-15;6;218
29470;89;2020-07-16;4;222
29471;89;2020-07-17;4;226
29472;89;2020-07-18;0;226
29473;89;2020-07-19;0;226
29474;89;2020-07-20;4;230
29475;89;2020-07-21;4;234
29476;89;2020-07-22;0;234
29477;89;2020-07-23;10;244
29478;89;2020-07-24;6;250
29479;89;2020-07-25;2;252
29480;89;2020-07-26;6;258
29481;89;2020-07-27;8;266
29482;89;2020-07-28;4;270
29483;89;2020-07-29;10;280
29484;89;2020-07-30;4;284
29485;89;2020-07-31;6;290
29486;89;2020-08-01;2;292
29487;89;2020-08-02;0;292
29488;89;2020-08-03;8;300
29489;89;2020-08-04;8;308
29490;89;2020-08-05;12;320
29491;89;2020-08-06;16;336
29492;89;2020-08-07;4;340
29493;89;2020-08-08;2;342
29494;89;2020-08-09;0;342
29495;89;2020-08-10;4;346
29496;89;2020-08-11;6;352
29497;89;2020-08-12;10;362
29498;89;2020-08-13;10;372
29499;89;2020-08-14;8;380
29500;89;2020-08-15;6;386
29501;89;2020-08-16;2;388
29502;89;2020-08-17;16;404
29503;89;2020-08-18;22;426
29504;89;2020-08-19;8;434
29505;89;2020-08-20;22;456
29506;89;2020-08-21;26;482
29507;89;2020-08-22;16;498
29508;89;2020-08-23;16;514
29509;89;2020-08-24;34;548
29510;89;2020-08-25;32;580
29511;89;2020-08-26;50;630
29512;89;2020-08-27;28;658
29513;89;2020-08-28;52;710
29514;89;2020-08-29;18;728
29515;89;2020-08-30;2;730
29516;89;2020-08-31;72;802
29517;89;2020-09-01;32;834
29518;89;2020-09-02;24;858
29519;89;2020-09-03;38;896
29520;89;2020-09-04;26;922
29521;89;2020-09-05;4;926
29522;89;2020-09-06;4;930
29523;89;2020-09-07;40;970
29524;89;2020-09-08;30;1000
29525;89;2020-09-09;30;1030
29526;89;2020-09-10;56;1086
29527;89;2020-09-11;84;1170
29528;89;2020-09-12;31;1201
29529;89;2020-09-13;10;1211
29530;89;2020-09-14;76;1287
29531;89;2020-09-15;64;1351
29532;89;2020-09-16;56;1407
29533;89;2020-09-17;72;1479
29534;89;2020-09-18;86;1565
29535;89;2020-09-19;48;1613
29536;89;2020-09-20;4;1617
29537;89;2020-09-21;98;1715
29538;89;2020-09-22;160;1875
29539;89;2020-09-23;74;1949
29540;89;2020-09-24;88;2037
29541;89;2020-09-25;50;2087
29542;89;2020-09-26;46;2133
29543;89;2020-09-27;4;2137
29544;89;2020-09-28;102;2239
29545;89;2020-09-29;80;2319
29546;89;2020-09-30;68;2387
29547;89;2020-10-01;50;2437
29548;89;2020-10-02;94;2531
29549;89;2020-10-03;54;2585
29550;89;2020-10-04;2;2587
29551;89;2020-10-05;114;2701
29552;89;2020-10-06;92;2793
29553;89;2020-10-07;148;2941
29554;89;2020-10-08;114;3055
29555;89;2020-10-09;148;3203
29556;89;2020-10-10;58;3261
29557;89;2020-10-11;18;3279
29558;89;2020-10-12;214;3493
29559;89;2020-10-13;202;3695
29560;89;2020-10-14;202;3897
29561;89;2020-10-15;210;4107
29562;89;2020-10-16;176;4283
29563;89;2020-10-17;262;4545
29564;89;2020-10-18;32;4577
29565;89;2020-10-19;326;4903
29566;89;2020-10-20;482;5385
29567;89;2020-10-21;371;5756
29568;89;2020-10-22;382;6138
29569;89;2020-10-23;498;6636
29570;89;2020-10-24;394;7030
29571;89;2020-10-25;56;7086
29572;89;2020-10-26;610;7696
29573;89;2020-10-27;530;8226
29574;89;2020-10-28;573;8799
29575;89;2020-10-29;572;9371
29576;89;2020-10-30;612;9983
29577;89;2020-10-31;400;10383
29578;89;2020-11-01;52;10435
29579;89;2020-11-02;591;11026
29580;89;2020-11-03;663;11689
29581;89;2020-11-04;671;12360
29582;89;2020-11-05;554;12914
29583;89;2020-11-06;582;13496
29584;89;2020-11-07;376;13872
29585;89;2020-11-08;56;13928
29586;89;2020-11-09;557;14485
29587;89;2020-11-10;681;15166
29588;89;2020-11-11;50;15216
29589;89;2020-11-12;485;15701
29590;89;2020-11-13;402;16103
29591;89;2020-11-14;322;16425
29592;89;2020-11-15;46;16471
29593;89;2020-11-16;406;16877
29594;89;2020-11-17;470;17347
29595;89;2020-11-18;357;17704
29596;89;2020-11-19;280;17984
29597;89;2020-11-20;295;18279
29598;89;2020-11-21;194;18473
29599;89;2020-11-22;20;18493
29600;89;2020-11-23;286;18779
29601;89;2020-11-24;388;19167
29602;89;2020-11-25;272;19439
29603;89;2020-11-26;240;19679
29604;89;2020-11-27;232;19911
29605;89;2020-11-28;166;20077
29606;89;2020-11-29;34;20111
29607;89;2020-11-30;304;20415
29608;89;2020-12-01;176;20591
29609;89;2020-12-02;208;20799
29610;89;2020-12-03;232;21031
29611;89;2020-12-04;246;21277
29612;89;2020-12-05;134;21411
29613;89;2020-12-06;32;21443
29614;89;2020-12-07;320;21763
29615;89;2020-12-08;270;22033
29616;89;2020-12-09;332;22365
29617;89;2020-12-10;252;22617
29618;89;2020-12-11;314;22931
29619;89;2020-12-12;158;23089
29620;89;2020-12-13;40;23129
29621;89;2020-12-14;360;23489
29622;89;2020-12-15;318;23807
29623;89;2020-12-16;306;24113
29624;89;2020-12-17;158;24271
29625;89;2020-12-18;282;24553
29626;89;2020-12-19;141;24694
29627;89;2020-12-20;22;24716
29628;89;2020-12-21;344;25060
29629;89;2020-12-22;262;25322
29630;89;2020-12-23;190;25512
29631;89;2020-12-24;190;25702
29632;89;2020-12-25;12;25714
29633;89;2020-12-26;134;25848
29634;89;2020-12-27;42;25890
29635;89;2020-12-28;296;26186
29636;89;2020-12-29;296;26482
29637;89;2020-12-30;244;26726
29638;89;2020-12-31;254;26980
29639;89;2021-01-01;8;26988
29640;89;2021-01-02;158;27146
29641;89;2021-01-03;40;27186
29642;89;2021-01-04;284;27470
29643;89;2021-01-05;310;27780
29644;89;2021-01-06;172;27952
29645;89;2021-01-07;178;28130
29646;89;2021-01-08;176;28306
29647;89;2021-01-09;154;28460
29648;89;2021-01-10;28;28488
29649;89;2021-01-11;258;28746
29650;89;2021-01-12;180;28926
29651;89;2021-01-13;184;29110
29652;89;2021-01-14;164;29274
29653;89;2021-01-15;184;29458
29654;89;2021-01-16;110;29568
29655;89;2021-01-17;30;29598
29656;89;2021-01-18;216;29814
29657;89;2021-01-19;226;30040
29658;89;2021-01-20;153;30193
29659;89;2021-01-21;190;30383
29660;89;2021-01-22;172;30555
29661;89;2021-01-23;126;30681
29662;89;2021-01-24;16;30697
29663;89;2021-01-25;300;30997
29664;89;2021-01-26;290;31287
29665;89;2021-01-27;160;31447
29666;89;2021-01-28;170;31617
29667;89;2021-01-29;168;31785
29668;89;2021-01-30;116;31901
29669;89;2021-01-31;14;31915
29670;89;2021-02-01;260;32175
29671;89;2021-02-02;198;32373
29672;89;2021-02-03;170;32543
29673;89;2021-02-04;212;32755
29674;89;2021-02-05;160;32915
29675;89;2021-02-06;100;33015
29676;89;2021-02-07;14;33029
29677;89;2021-02-08;222;33251
29678;89;2021-02-09;142;33393
29679;89;2021-02-10;152;33545
29680;89;2021-02-11;146;33691
29681;89;2021-02-12;104;33795
29682;89;2021-02-13;50;33845
29683;89;2021-02-14;6;33851
29684;89;2021-02-15;192;34043
29685;89;2021-02-16;120;34163
29686;89;2021-02-17;148;34311
29687;89;2021-02-18;136;34447
29688;89;2021-02-19;210;34657
29689;89;2021-02-20;140;34797
29690;89;2021-02-21;26;34823
29691;89;2021-02-22;270;35093
29692;89;2021-02-23;210;35303
29693;89;2021-02-24;170;35473
29694;89;2021-02-25;202;35675
29695;89;2021-02-26;198;35873
29696;89;2021-02-27;134;36007
29697;89;2021-02-28;24;36031
29698;89;2021-03-01;300;36331
29699;89;2021-03-02;244;36575
29700;89;2021-03-03;218;36793
29701;89;2021-03-04;198;36991
29702;89;2021-03-05;220;37211
29703;89;2021-03-06;106;37317
29704;89;2021-03-07;24;37341
29705;89;2021-03-08;246;37587
29706;89;2021-03-09;224;37811
29707;89;2021-03-10;238;38049
29708;89;2021-03-11;272;38321
29709;89;2021-03-12;244;38565
29710;89;2021-03-13;166;38731
29711;89;2021-03-14;58;38789
29712;89;2021-03-15;410;39199
29713;89;2021-03-16;302;39501
29714;89;2021-03-17;254;39755
29715;89;2021-03-18;252;40007
29716;89;2021-03-19;280;40287
29717;89;2021-03-20;236;40523
29718;89;2021-03-21;44;40567
29719;89;2021-03-22;398;40965
29720;89;2021-03-23;422;41387
29721;89;2021-03-24;312;41699
29722;89;2021-03-25;310;42009
29723;89;2021-03-26;302;42311
29724;89;2021-03-27;194;42505
29725;89;2021-03-28;44;42549
29726;89;2021-03-29;416;42965
29727;89;2021-03-30;430;43395
29728;89;2021-03-31;274;43669
29729;89;2021-04-01;424;44093
29730;89;2021-04-02;372;44465
29731;89;2021-04-03;232;44697
29732;89;2021-04-04;60;44757
29733;89;2021-04-05;56;44813
29734;89;2021-04-06;546;45359
29735;89;2021-04-07;470;45829
29736;89;2021-04-08;358;46187
29737;89;2021-04-09;328;46515
29738;89;2021-04-10;310;46825
29739;89;2021-04-11;36;46861
29740;89;2021-04-12;402;47263
29741;89;2021-04-13;280;47543
29742;89;2021-04-14;270;47813
29743;89;2021-04-15;350;48163
29744;90;2020-05-13;0;0
29745;90;2020-05-14;2;2
29746;90;2020-05-15;2;4
29747;90;2020-05-16;0;4
29748;90;2020-05-17;0;4
29749;90;2020-05-18;14;18
29750;90;2020-05-19;8;26
29751;90;2020-05-20;6;32
29752;90;2020-05-21;0;32
29753;90;2020-05-22;0;32
29754;90;2020-05-23;2;34
29755;90;2020-05-24;2;36
29756;90;2020-05-25;0;36
29757;90;2020-05-26;0;36
29758;90;2020-05-27;6;42
29759;90;2020-05-28;8;50
29760;90;2020-05-29;4;54
29761;90;2020-05-30;2;56
29762;90;2020-05-31;2;58
29763;90;2020-06-01;2;60
29764;90;2020-06-02;2;62
29765;90;2020-06-03;4;66
29766;90;2020-06-04;2;68
29767;90;2020-06-05;6;74
29768;90;2020-06-06;0;74
29769;90;2020-06-07;0;74
29770;90;2020-06-08;0;74
29771;90;2020-06-09;2;76
29772;90;2020-06-10;2;78
29773;90;2020-06-11;2;80
29774;90;2020-06-12;4;84
29775;90;2020-06-13;0;84
29776;90;2020-06-14;2;86
29777;90;2020-06-15;2;88
29778;90;2020-06-16;0;88
29779;90;2020-06-17;0;88
29780;90;2020-06-18;2;90
29781;90;2020-06-19;8;98
29782;90;2020-06-20;0;98
29783;90;2020-06-21;0;98
29784;90;2020-06-22;0;98
29785;90;2020-06-23;0;98
29786;90;2020-06-24;0;98
29787;90;2020-06-25;2;100
29788;90;2020-06-26;0;100
29789;90;2020-06-27;0;100
29790;90;2020-06-28;0;100
29791;90;2020-06-29;0;100
29792;90;2020-06-30;0;100
29793;90;2020-07-01;0;100
29794;90;2020-07-02;0;100
29795;90;2020-07-03;2;102
29796;90;2020-07-04;0;102
29797;90;2020-07-05;0;102
29798;90;2020-07-06;0;102
29799;90;2020-07-07;2;104
29800;90;2020-07-08;2;106
29801;90;2020-07-09;0;106
29802;90;2020-07-10;0;106
29803;90;2020-07-11;2;108
29804;90;2020-07-12;0;108
29805;90;2020-07-13;0;108
29806;90;2020-07-14;2;110
29807;90;2020-07-15;0;110
29808;90;2020-07-16;4;114
29809;90;2020-07-17;2;116
29810;90;2020-07-18;0;116
29811;90;2020-07-19;0;116
29812;90;2020-07-20;4;120
29813;90;2020-07-21;0;120
29814;90;2020-07-22;0;120
29815;90;2020-07-23;0;120
29816;90;2020-07-24;0;120
29817;90;2020-07-25;0;120
29818;90;2020-07-26;0;120
29819;90;2020-07-27;0;120
29820;90;2020-07-28;0;120
29821;90;2020-07-29;2;122
29822;90;2020-07-30;2;124
29823;90;2020-07-31;6;130
29824;90;2020-08-01;2;132
29825;90;2020-08-02;2;134
29826;90;2020-08-03;2;136
29827;90;2020-08-04;2;138
29828;90;2020-08-05;6;144
29829;90;2020-08-06;0;144
29830;90;2020-08-07;6;150
29831;90;2020-08-08;4;154
29832;90;2020-08-09;2;156
29833;90;2020-08-10;10;166
29834;90;2020-08-11;8;174
29835;90;2020-08-12;2;176
29836;90;2020-08-13;6;182
29837;90;2020-08-14;6;188
29838;90;2020-08-15;2;190
29839;90;2020-08-16;8;198
29840;90;2020-08-17;8;206
29841;90;2020-08-18;16;222
29842;90;2020-08-19;6;228
29843;90;2020-08-20;8;236
29844;90;2020-08-21;10;246
29845;90;2020-08-22;6;252
29846;90;2020-08-23;6;258
29847;90;2020-08-24;12;270
29848;90;2020-08-25;8;278
29849;90;2020-08-26;16;294
29850;90;2020-08-27;8;302
29851;90;2020-08-28;14;316
29852;90;2020-08-29;4;320
29853;90;2020-08-30;2;322
29854;90;2020-08-31;20;342
29855;90;2020-09-01;10;352
29856;90;2020-09-02;16;368
29857;90;2020-09-03;8;376
29858;90;2020-09-04;8;384
29859;90;2020-09-05;10;394
29860;90;2020-09-06;6;400
29861;90;2020-09-07;22;422
29862;90;2020-09-08;16;438
29863;90;2020-09-09;22;460
29864;90;2020-09-10;34;494
29865;90;2020-09-11;46;540
29866;90;2020-09-12;2;542
29867;90;2020-09-13;0;542
29868;90;2020-09-14;36;578
29869;90;2020-09-15;30;608
29870;90;2020-09-16;16;624
29871;90;2020-09-17;22;646
29872;90;2020-09-18;24;670
29873;90;2020-09-19;4;674
29874;90;2020-09-20;2;676
29875;90;2020-09-21;14;690
29876;90;2020-09-22;18;708
29877;90;2020-09-23;16;724
29878;90;2020-09-24;18;742
29879;90;2020-09-25;12;754
29880;90;2020-09-26;6;760
29881;90;2020-09-27;0;760
29882;90;2020-09-28;12;772
29883;90;2020-09-29;16;788
29884;90;2020-09-30;52;840
29885;90;2020-10-01;14;854
29886;90;2020-10-02;18;872
29887;90;2020-10-03;10;882
29888;90;2020-10-04;0;882
29889;90;2020-10-05;18;900
29890;90;2020-10-06;20;920
29891;90;2020-10-07;18;938
29892;90;2020-10-08;22;960
29893;90;2020-10-09;22;982
29894;90;2020-10-10;8;990
29895;90;2020-10-11;2;992
29896;90;2020-10-12;34;1026
29897;90;2020-10-13;18;1044
29898;90;2020-10-14;24;1068
29899;90;2020-10-15;32;1100
29900;90;2020-10-16;64;1164
29901;90;2020-10-17;22;1186
29902;90;2020-10-18;6;1192
29903;90;2020-10-19;84;1276
29904;90;2020-10-20;102;1378
29905;90;2020-10-21;88;1466
29906;90;2020-10-22;114;1580
29907;90;2020-10-23;118;1698
29908;90;2020-10-24;60;1758
29909;90;2020-10-25;12;1770
29910;90;2020-10-26;268;2038
29911;90;2020-10-27;186;2224
29912;90;2020-10-28;196;2420
29913;90;2020-10-29;216;2636
29914;90;2020-10-30;204;2840
29915;90;2020-10-31;132;2972
29916;90;2020-11-01;24;2996
29917;90;2020-11-02;302;3298
29918;90;2020-11-03;324;3622
29919;90;2020-11-04;228;3850
29920;90;2020-11-05;246;4096
29921;90;2020-11-06;200;4296
29922;90;2020-11-07;118;4414
29923;90;2020-11-08;8;4422
29924;90;2020-11-09;236;4658
29925;90;2020-11-10;244;4902
29926;90;2020-11-11;24;4926
29927;90;2020-11-12;220;5146
29928;90;2020-11-13;270;5416
29929;90;2020-11-14;72;5488
29930;90;2020-11-15;6;5494
29931;90;2020-11-16;252;5746
29932;90;2020-11-17;122;5868
29933;90;2020-11-18;142;6010
29934;90;2020-11-19;138;6148
29935;90;2020-11-20;94;6242
29936;90;2020-11-21;54;6296
29937;90;2020-11-22;8;6304
29938;90;2020-11-23;118;6422
29939;90;2020-11-24;74;6496
29940;90;2020-11-25;66;6562
29941;90;2020-11-26;70;6632
29942;90;2020-11-27;58;6690
29943;90;2020-11-28;40;6730
29944;90;2020-11-29;16;6746
29945;90;2020-11-30;80;6826
29946;90;2020-12-01;48;6874
29947;90;2020-12-02;52;6926
29948;90;2020-12-03;86;7012
29949;90;2020-12-04;76;7088
29950;90;2020-12-05;46;7134
29951;90;2020-12-06;0;7134
29952;90;2020-12-07;106;7240
29953;90;2020-12-08;78;7318
29954;90;2020-12-09;102;7420
29955;90;2020-12-10;60;7480
29956;90;2020-12-11;76;7556
29957;90;2020-12-12;50;7606
29958;90;2020-12-13;8;7614
29959;90;2020-12-14;150;7764
29960;90;2020-12-15;114;7878
29961;90;2020-12-16;94;7972
29962;90;2020-12-17;142;8114
29963;90;2020-12-18;132;8246
29964;90;2020-12-19;102;8348
29965;90;2020-12-20;8;8356
29966;90;2020-12-21;162;8518
29967;90;2020-12-22;148;8666
29968;90;2020-12-23;132;8798
29969;90;2020-12-24;114;8912
29970;90;2020-12-25;6;8918
29971;90;2020-12-26;126;9044
29972;90;2020-12-27;10;9054
29973;90;2020-12-28;210;9264
29974;90;2020-12-29;189;9453
29975;90;2020-12-30;184;9637
29976;90;2020-12-31;82;9719
29977;90;2021-01-01;16;9735
29978;90;2021-01-02;100;9835
29979;90;2021-01-03;8;9843
29980;90;2021-01-04;240;10083
29981;90;2021-01-05;146;10229
29982;90;2021-01-06;196;10425
29983;90;2021-01-07;132;10557
29984;90;2021-01-08;130;10687
29985;90;2021-01-09;104;10791
29986;90;2021-01-10;4;10795
29987;90;2021-01-11;236;11031
29988;90;2021-01-12;144;11175
29989;90;2021-01-13;104;11279
29990;90;2021-01-14;118;11397
29991;90;2021-01-15;162;11559
29992;90;2021-01-16;90;11649
29993;90;2021-01-17;4;11653
29994;90;2021-01-18;182;11835
29995;90;2021-01-19;164;11999
29996;90;2021-01-20;94;12093
29997;90;2021-01-21;100;12193
29998;90;2021-01-22;148;12341
29999;90;2021-01-23;80;12421
30000;90;2021-01-24;8;12429
30001;90;2021-01-25;150;12579
30002;90;2021-01-26;100;12679
30003;90;2021-01-27;136;12815
30004;90;2021-01-28;122;12937
30005;90;2021-01-29;122;13059
30006;90;2021-01-30;68;13127
30007;90;2021-01-31;10;13137
30008;90;2021-02-01;146;13283
30009;90;2021-02-02;116;13399
30010;90;2021-02-03;78;13477
30011;90;2021-02-04;68;13545
30012;90;2021-02-05;56;13601
30013;90;2021-02-06;40;13641
30014;90;2021-02-07;2;13643
30015;90;2021-02-08;86;13729
30016;90;2021-02-09;60;13789
30017;90;2021-02-10;64;13853
30018;90;2021-02-11;60;13913
30019;90;2021-02-12;36;13949
30020;90;2021-02-13;22;13971
30021;90;2021-02-14;4;13975
30022;90;2021-02-15;66;14041
30023;90;2021-02-16;36;14077
30024;90;2021-02-17;34;14111
30025;90;2021-02-18;22;14133
30026;90;2021-02-19;52;14185
30027;90;2021-02-20;20;14205
30028;90;2021-02-21;4;14209
30029;90;2021-02-22;50;14259
30030;90;2021-02-23;26;14285
30031;90;2021-02-24;24;14309
30032;90;2021-02-25;40;14349
30033;90;2021-02-26;62;14411
30034;90;2021-02-27;22;14433
30035;90;2021-02-28;2;14435
30036;90;2021-03-01;36;14471
30037;90;2021-03-02;44;14515
30038;90;2021-03-03;52;14567
30039;90;2021-03-04;36;14603
30040;90;2021-03-05;32;14635
30041;90;2021-03-06;40;14675
30042;90;2021-03-07;2;14677
30043;90;2021-03-08;98;14775
30044;90;2021-03-09;64;14839
30045;90;2021-03-10;52;14891
30046;90;2021-03-11;80;14971
30047;90;2021-03-12;76;15047
30048;90;2021-03-13;80;15127
30049;90;2021-03-14;16;15143
30050;90;2021-03-15;154;15297
30051;90;2021-03-16;138;15435
30052;90;2021-03-17;70;15505
30053;90;2021-03-18;82;15587
30054;90;2021-03-19;92;15679
30055;90;2021-03-20;60;15739
30056;90;2021-03-21;2;15741
30057;90;2021-03-22;124;15865
30058;90;2021-03-23;126;15991
30059;90;2021-03-24;136;16127
30060;90;2021-03-25;156;16283
30061;90;2021-03-26;118;16401
30062;90;2021-03-27;118;16519
30063;90;2021-03-28;4;16523
30064;90;2021-03-29;180;16703
30065;90;2021-03-30;155;16858
30066;90;2021-03-31;156;17014
30067;90;2021-04-01;166;17180
30068;90;2021-04-02;152;17332
30069;90;2021-04-03;100;17432
30070;90;2021-04-04;16;17448
30071;90;2021-04-05;4;17452
30072;90;2021-04-06;222;17674
30073;90;2021-04-07;206;17880
30074;90;2021-04-08;160;18040
30075;90;2021-04-09;180;18220
30076;90;2021-04-10;122;18342
30077;90;2021-04-11;10;18352
30078;90;2021-04-12;252;18604
30079;90;2021-04-13;144;18748
30080;90;2021-04-14;120;18868
30081;90;2021-04-15;124;18992
30082;91;2020-05-13;60;60
30083;91;2020-05-14;90;150
30084;91;2020-05-15;56;206
30085;91;2020-05-16;0;206
30086;91;2020-05-17;12;218
30087;91;2020-05-18;52;270
30088;91;2020-05-19;66;336
30089;91;2020-05-20;26;362
30090;91;2020-05-21;6;368
30091;91;2020-05-22;40;408
30092;91;2020-05-23;2;410
30093;91;2020-05-24;2;412
30094;91;2020-05-25;32;444
30095;91;2020-05-26;26;470
30096;91;2020-05-27;44;514
30097;91;2020-05-28;30;544
30098;91;2020-05-29;22;566
30099;91;2020-05-30;14;580
30100;91;2020-05-31;6;586
30101;91;2020-06-01;8;594
30102;91;2020-06-02;30;624
30103;91;2020-06-03;22;646
30104;91;2020-06-04;34;680
30105;91;2020-06-05;22;702
30106;91;2020-06-06;42;744
30107;91;2020-06-07;2;746
30108;91;2020-06-08;12;758
30109;91;2020-06-09;66;824
30110;91;2020-06-10;18;842
30111;91;2020-06-11;24;866
30112;91;2020-06-12;16;882
30113;91;2020-06-13;0;882
30114;91;2020-06-14;4;886
30115;91;2020-06-15;24;910
30116;91;2020-06-16;38;948
30117;91;2020-06-17;10;958
30118;91;2020-06-18;12;970
30119;91;2020-06-19;8;978
30120;91;2020-06-20;4;982
30121;91;2020-06-21;6;988
30122;91;2020-06-22;30;1018
30123;91;2020-06-23;18;1036
30124;91;2020-06-24;30;1066
30125;91;2020-06-25;14;1080
30126;91;2020-06-26;24;1104
30127;91;2020-06-27;14;1118
30128;91;2020-06-28;0;1118
30129;91;2020-06-29;40;1158
30130;91;2020-06-30;20;1178
30131;91;2020-07-01;22;1200
30132;91;2020-07-02;20;1220
30133;91;2020-07-03;116;1336
30134;91;2020-07-04;4;1340
30135;91;2020-07-05;2;1342
30136;91;2020-07-06;22;1364
30137;91;2020-07-07;28;1392
30138;91;2020-07-08;20;1412
30139;91;2020-07-09;28;1440
30140;91;2020-07-10;42;1482
30141;91;2020-07-11;8;1490
30142;91;2020-07-12;4;1494
30143;91;2020-07-13;30;1524
30144;91;2020-07-14;8;1532
30145;91;2020-07-15;48;1580
30146;91;2020-07-16;44;1624
30147;91;2020-07-17;52;1676
30148;91;2020-07-18;16;1692
30149;91;2020-07-19;4;1696
30150;91;2020-07-20;96;1792
30151;91;2020-07-21;80;1872
30152;91;2020-07-22;66;1938
30153;91;2020-07-23;62;2000
30154;91;2020-07-24;66;2066
30155;91;2020-07-25;26;2092
30156;91;2020-07-26;4;2096
30157;91;2020-07-27;102;2198
30158;91;2020-07-28;96;2294
30159;91;2020-07-29;102;2396
30160;91;2020-07-30;112;2508
30161;91;2020-07-31;104;2612
30162;91;2020-08-01;34;2646
30163;91;2020-08-02;26;2672
30164;91;2020-08-03;130;2802
30165;91;2020-08-04;156;2958
30166;91;2020-08-05;118;3076
30167;91;2020-08-06;136;3212
30168;91;2020-08-07;154;3366
30169;91;2020-08-08;44;3410
30170;91;2020-08-09;12;3422
30171;91;2020-08-10;172;3594
30172;91;2020-08-11;203;3797
30173;91;2020-08-12;150;3947
30174;91;2020-08-13;220;4167
30175;91;2020-08-14;160;4327
30176;91;2020-08-15;36;4363
30177;91;2020-08-16;20;4383
30178;91;2020-08-17;212;4595
30179;91;2020-08-18;208;4803
30180;91;2020-08-19;224;5027
30181;91;2020-08-20;234;5261
30182;91;2020-08-21;179;5440
30183;91;2020-08-22;58;5498
30184;91;2020-08-23;38;5536
30185;91;2020-08-24;366;5902
30186;91;2020-08-25;316;6218
30187;91;2020-08-26;290;6508
30188;91;2020-08-27;316;6824
30189;91;2020-08-28;372;7196
30190;91;2020-08-29;118;7314
30191;91;2020-08-30;38;7352
30192;91;2020-08-31;440;7792
30193;91;2020-09-01;382;8174
30194;91;2020-09-02;410;8584
30195;91;2020-09-03;376;8960
30196;91;2020-09-04;390;9350
30197;91;2020-09-05;146;9496
30198;91;2020-09-06;32;9528
30199;91;2020-09-07;514;10042
30200;91;2020-09-08;466;10508
30201;91;2020-09-09;446;10954
30202;91;2020-09-10;542;11496
30203;91;2020-09-11;490;11986
30204;91;2020-09-12;130;12116
30205;91;2020-09-13;44;12160
30206;91;2020-09-14;600;12760
30207;91;2020-09-15;546;13306
30208;91;2020-09-16;506;13812
30209;91;2020-09-17;494;14306
30210;91;2020-09-18;632;14938
30211;91;2020-09-19;186;15124
30212;91;2020-09-20;38;15162
30213;91;2020-09-21;812;15974
30214;91;2020-09-22;692;16666
30215;91;2020-09-23;692;17358
30216;91;2020-09-24;614;17972
30217;91;2020-09-25;558;18530
30218;91;2020-09-26;216;18746
30219;91;2020-09-27;44;18790
30220;91;2020-09-28;736;19526
30221;91;2020-09-29;724;20250
30222;91;2020-09-30;582;20832
30223;91;2020-10-01;762;21594
30224;91;2020-10-02;878;22472
30225;91;2020-10-03;336;22808
30226;91;2020-10-04;32;22840
30227;91;2020-10-05;1161;24001
30228;91;2020-10-06;1152;25153
30229;91;2020-10-07;1202;26355
30230;91;2020-10-08;1320;27675
30231;91;2020-10-09;1314;28989
30232;91;2020-10-10;566;29555
30233;91;2020-10-11;80;29635
30234;91;2020-10-12;1610;31245
30235;91;2020-10-13;1504;32749
30236;91;2020-10-14;1450;34199
30237;91;2020-10-15;1760;35959
30238;91;2020-10-16;1582;37541
30239;91;2020-10-17;696;38237
30240;91;2020-10-18;144;38381
30241;91;2020-10-19;1984;40365
30242;91;2020-10-20;1940;42305
30243;91;2020-10-21;2052;44357
30244;91;2020-10-22;2308;46665
30245;91;2020-10-23;2296;48961
30246;91;2020-10-24;926;49887
30247;91;2020-10-25;232;50119
30248;91;2020-10-26;2833;52952
30249;91;2020-10-27;2354;55306
30250;91;2020-10-28;2234;57540
30251;91;2020-10-29;2185;59725
30252;91;2020-10-30;2063;61788
30253;91;2020-10-31;806;62594
30254;91;2020-11-01;190;62784
30255;91;2020-11-02;2554;65338
30256;91;2020-11-03;2150;67488
30257;91;2020-11-04;1634;69122
30258;91;2020-11-05;1800;70922
30259;91;2020-11-06;1488;72410
30260;91;2020-11-07;524;72934
30261;91;2020-11-08;76;73010
30262;91;2020-11-09;1682;74692
30263;91;2020-11-10;1315;76007
30264;91;2020-11-11;262;76269
30265;91;2020-11-12;1266;77535
30266;91;2020-11-13;934;78469
30267;91;2020-11-14;280;78749
30268;91;2020-11-15;92;78841
30269;91;2020-11-16;1010;79851
30270;91;2020-11-17;816;80667
30271;91;2020-11-18;570;81237
30272;91;2020-11-19;600;81837
30273;91;2020-11-20;580;82417
30274;91;2020-11-21;290;82707
30275;91;2020-11-22;34;82741
30276;91;2020-11-23;670;83411
30277;91;2020-11-24;616;84027
30278;91;2020-11-25;558;84585
30279;91;2020-11-26;420;85005
30280;91;2020-11-27;406;85411
30281;91;2020-11-28;192;85603
30282;91;2020-11-29;38;85641
30283;91;2020-11-30;514;86155
30284;91;2020-12-01;424;86579
30285;91;2020-12-02;374;86953
30286;91;2020-12-03;358;87311
30287;91;2020-12-04;486;87797
30288;91;2020-12-05;214;88011
30289;91;2020-12-06;30;88041
30290;91;2020-12-07;548;88589
30291;91;2020-12-08;498;89087
30292;91;2020-12-09;436;89523
30293;91;2020-12-10;358;89881
30294;91;2020-12-11;492;90373
30295;91;2020-12-12;212;90585
30296;91;2020-12-13;58;90643
30297;91;2020-12-14;605;91248
30298;91;2020-12-15;454;91702
30299;91;2020-12-16;508;92210
30300;91;2020-12-17;486;92696
30301;91;2020-12-18;562;93258
30302;91;2020-12-19;374;93632
30303;91;2020-12-20;94;93726
30304;91;2020-12-21;670;94396
30305;91;2020-12-22;520;94916
30306;91;2020-12-23;572;95488
30307;91;2020-12-24;452;95940
30308;91;2020-12-25;48;95988
30309;91;2020-12-26;410;96398
30310;91;2020-12-27;84;96482
30311;91;2020-12-28;774;97256
30312;91;2020-12-29;778;98034
30313;91;2020-12-30;728;98762
30314;91;2020-12-31;542;99304
30315;91;2021-01-01;62;99366
30316;91;2021-01-02;462;99828
30317;91;2021-01-03;70;99898
30318;91;2021-01-04;1180;101078
30319;91;2021-01-05;892;101970
30320;91;2021-01-06;721;102691
30321;91;2021-01-07;820;103511
30322;91;2021-01-08;688;104199
30323;91;2021-01-09;438;104637
30324;91;2021-01-10;110;104747
30325;91;2021-01-11;962;105709
30326;91;2021-01-12;730;106439
30327;91;2021-01-13;770;107209
30328;91;2021-01-14;833;108042
30329;91;2021-01-15;818;108860
30330;91;2021-01-16;472;109332
30331;91;2021-01-17;78;109410
30332;91;2021-01-18;1198;110608
30333;91;2021-01-19;856;111464
30334;91;2021-01-20;830;112294
30335;91;2021-01-21;900;113194
30336;91;2021-01-22;920;114114
30337;91;2021-01-23;526;114640
30338;91;2021-01-24;74;114714
30339;91;2021-01-25;1244;115958
30340;91;2021-01-26;932;116890
30341;91;2021-01-27;852;117742
30342;91;2021-01-28;954;118696
30343;91;2021-01-29;908;119604
30344;91;2021-01-30;546;120150
30345;91;2021-01-31;68;120218
30346;91;2021-02-01;1170;121388
30347;91;2021-02-02;932;122320
30348;91;2021-02-03;888;123208
30349;91;2021-02-04;930;124138
30350;91;2021-02-05;880;125018
30351;91;2021-02-06;498;125516
30352;91;2021-02-07;114;125630
30353;91;2021-02-08;1174;126804
30354;91;2021-02-09;1046;127850
30355;91;2021-02-10;830;128680
30356;91;2021-02-11;916;129596
30357;91;2021-02-12;964;130560
30358;91;2021-02-13;552;131112
30359;91;2021-02-14;160;131272
30360;91;2021-02-15;1194;132466
30361;91;2021-02-16;1119;133585
30362;91;2021-02-17;1070;134655
30363;91;2021-02-18;1209;135864
30364;91;2021-02-19;1414;137278
30365;91;2021-02-20;710;137988
30366;91;2021-02-21;140;138128
30367;91;2021-02-22;1814;139942
30368;91;2021-02-23;1380;141322
30369;91;2021-02-24;1394;142716
30370;91;2021-02-25;1224;143940
30371;91;2021-02-26;1332;145272
30372;91;2021-02-27;862;146134
30373;91;2021-02-28;164;146298
30374;91;2021-03-01;1821;148119
30375;91;2021-03-02;1480;149599
30376;91;2021-03-03;1358;150957
30377;91;2021-03-04;1435;152392
30378;91;2021-03-05;1468;153860
30379;91;2021-03-06;928;154788
30380;91;2021-03-07;98;154886
30381;91;2021-03-08;2096;156982
30382;91;2021-03-09;1672;158654
30383;91;2021-03-10;1684;160338
30384;91;2021-03-11;2013;162351
30385;91;2021-03-12;2057;164408
30386;91;2021-03-13;1230;165638
30387;91;2021-03-14;384;166022
30388;91;2021-03-15;2834;168856
30389;91;2021-03-16;2366;171222
30390;91;2021-03-17;2104;173326
30391;91;2021-03-18;2282;175608
30392;91;2021-03-19;2332;177940
30393;91;2021-03-20;1492;179432
30394;91;2021-03-21;390;179822
30395;91;2021-03-22;3460;183282
30396;91;2021-03-23;2752;186034
30397;91;2021-03-24;2716;188750
30398;91;2021-03-25;2630;191380
30399;91;2021-03-26;2942;194322
30400;91;2021-03-27;1672;195994
30401;91;2021-03-28;245;196239
30402;91;2021-03-29;3634;199873
30403;91;2021-03-30;3128;203001
30404;91;2021-03-31;2788;205789
30405;91;2021-04-01;2728;208517
30406;91;2021-04-02;2614;211131
30407;91;2021-04-03;1474;212605
30408;91;2021-04-04;270;212875
30409;91;2021-04-05;472;213347
30410;91;2021-04-06;3562;216909
30411;91;2021-04-07;2710;219619
30412;91;2021-04-08;2464;222083
30413;91;2021-04-09;2624;224707
30414;91;2021-04-10;1664;226371
30415;91;2021-04-11;236;226607
30416;91;2021-04-12;3022;229629
30417;91;2021-04-13;2318;231947
30418;91;2021-04-14;2162;234109
30419;91;2021-04-15;2001;236110
30420;92;2020-05-13;42;42
30421;92;2020-05-14;86;128
30422;92;2020-05-15;126;254
30423;92;2020-05-16;8;262
30424;92;2020-05-17;28;290
30425;92;2020-05-18;84;374
30426;92;2020-05-19;84;458
30427;92;2020-05-20;100;558
30428;92;2020-05-21;6;564
30429;92;2020-05-22;54;618
30430;92;2020-05-23;10;628
30431;92;2020-05-24;0;628
30432;92;2020-05-25;42;670
30433;92;2020-05-26;72;742
30434;92;2020-05-27;76;818
30435;92;2020-05-28;42;860
30436;92;2020-05-29;28;888
30437;92;2020-05-30;10;898
30438;92;2020-05-31;4;902
30439;92;2020-06-01;8;910
30440;92;2020-06-02;40;950
30441;92;2020-06-03;24;974
30442;92;2020-06-04;36;1010
30443;92;2020-06-05;52;1062
30444;92;2020-06-06;20;1082
30445;92;2020-06-07;8;1090
30446;92;2020-06-08;36;1126
30447;92;2020-06-09;6;1132
30448;92;2020-06-10;26;1158
30449;92;2020-06-11;18;1176
30450;92;2020-06-12;16;1192
30451;92;2020-06-13;10;1202
30452;92;2020-06-14;4;1206
30453;92;2020-06-15;16;1222
30454;92;2020-06-16;34;1256
30455;92;2020-06-17;26;1282
30456;92;2020-06-18;30;1312
30457;92;2020-06-19;38;1350
30458;92;2020-06-20;10;1360
30459;92;2020-06-21;8;1368
30460;92;2020-06-22;32;1400
30461;92;2020-06-23;20;1420
30462;92;2020-06-24;38;1458
30463;92;2020-06-25;16;1474
30464;92;2020-06-26;44;1518
30465;92;2020-06-27;20;1538
30466;92;2020-06-28;4;1542
30467;92;2020-06-29;48;1590
30468;92;2020-06-30;46;1636
30469;92;2020-07-01;49;1685
30470;92;2020-07-02;20;1705
30471;92;2020-07-03;42;1747
30472;92;2020-07-04;8;1755
30473;92;2020-07-05;10;1765
30474;92;2020-07-06;52;1817
30475;92;2020-07-07;40;1857
30476;92;2020-07-08;44;1901
30477;92;2020-07-09;76;1977
30478;92;2020-07-10;42;2019
30479;92;2020-07-11;16;2035
30480;92;2020-07-12;2;2037
30481;92;2020-07-13;54;2091
30482;92;2020-07-14;14;2105
30483;92;2020-07-15;79;2184
30484;92;2020-07-16;80;2264
30485;92;2020-07-17;67;2331
30486;92;2020-07-18;18;2349
30487;92;2020-07-19;4;2353
30488;92;2020-07-20;108;2461
30489;92;2020-07-21;96;2557
30490;92;2020-07-22;80;2637
30491;92;2020-07-23;106;2743
30492;92;2020-07-24;85;2828
30493;92;2020-07-25;34;2862
30494;92;2020-07-26;16;2878
30495;92;2020-07-27;138;3016
30496;92;2020-07-28;120;3136
30497;92;2020-07-29;116;3252
30498;92;2020-07-30;142;3394
30499;92;2020-07-31;158;3552
30500;92;2020-08-01;86;3638
30501;92;2020-08-02;36;3674
30502;92;2020-08-03;168;3842
30503;92;2020-08-04;199;4041
30504;92;2020-08-05;193;4234
30505;92;2020-08-06;226;4460
30506;92;2020-08-07;204;4664
30507;92;2020-08-08;56;4720
30508;92;2020-08-09;42;4762
30509;92;2020-08-10;286;5048
30510;92;2020-08-11;238;5286
30511;92;2020-08-12;230;5516
30512;92;2020-08-13;304;5820
30513;92;2020-08-14;268;6088
30514;92;2020-08-15;44;6132
30515;92;2020-08-16;54;6186
30516;92;2020-08-17;364;6550
30517;92;2020-08-18;362;6912
30518;92;2020-08-19;424;7336
30519;92;2020-08-20;418;7754
30520;92;2020-08-21;490;8244
30521;92;2020-08-22;184;8428
30522;92;2020-08-23;108;8536
30523;92;2020-08-24;592;9128
30524;92;2020-08-25;665;9793
30525;92;2020-08-26;642;10435
30526;92;2020-08-27;626;11061
30527;92;2020-08-28;745;11806
30528;92;2020-08-29;183;11989
30529;92;2020-08-30;144;12133
30530;92;2020-08-31;954;13087
30531;92;2020-09-01;782;13869
30532;92;2020-09-02;768;14637
30533;92;2020-09-03;818;15455
30534;92;2020-09-04;799;16254
30535;92;2020-09-05;294;16548
30536;92;2020-09-06;108;16656
30537;92;2020-09-07;1144;17800
30538;92;2020-09-08;899;18699
30539;92;2020-09-09;910;19609
30540;92;2020-09-10;1034;20643
30541;92;2020-09-11;941;21584
30542;92;2020-09-12;238;21822
30543;92;2020-09-13;90;21912
30544;92;2020-09-14;1375;23287
30545;92;2020-09-15;1095;24382
30546;92;2020-09-16;1108;25490
30547;92;2020-09-17;1164;26654
30548;92;2020-09-18;1076;27730
30549;92;2020-09-19;404;28134
30550;92;2020-09-20;132;28266
30551;92;2020-09-21;1477;29743
30552;92;2020-09-22;1195;30938
30553;92;2020-09-23;1245;32183
30554;92;2020-09-24;1106;33289
30555;92;2020-09-25;1008;34297
30556;92;2020-09-26;400;34697
30557;92;2020-09-27;112;34809
30558;92;2020-09-28;1429;36238
30559;92;2020-09-29;1169;37407
30560;92;2020-09-30;1348;38755
30561;92;2020-10-01;1332;40087
30562;92;2020-10-02;1390;41477
30563;92;2020-10-03;718;42195
30564;92;2020-10-04;178;42373
30565;92;2020-10-05;2126;44499
30566;92;2020-10-06;1876;46375
30567;92;2020-10-07;1923;48298
30568;92;2020-10-08;1889;50187
30569;92;2020-10-09;1920;52107
30570;92;2020-10-10;836;52943
30571;92;2020-10-11;238;53181
30572;92;2020-10-12;2806;55987
30573;92;2020-10-13;2325;58312
30574;92;2020-10-14;2170;60482
30575;92;2020-10-15;2251;62733
30576;92;2020-10-16;2401;65134
30577;92;2020-10-17;973;66107
30578;92;2020-10-18;288;66395
30579;92;2020-10-19;3144;69539
30580;92;2020-10-20;2829;72368
30581;92;2020-10-21;2851;75219
30582;92;2020-10-22;3068;78287
30583;92;2020-10-23;3134;81421
30584;92;2020-10-24;1451;82872
30585;92;2020-10-25;306;83178
30586;92;2020-10-26;4152;87330
30587;92;2020-10-27;3287;90617
30588;92;2020-10-28;2801;93418
30589;92;2020-10-29;2812;96230
30590;92;2020-10-30;2830;99060
30591;92;2020-10-31;1234;100294
30592;92;2020-11-01;314;100608
30593;92;2020-11-02;3402;104010
30594;92;2020-11-03;2233;106243
30595;92;2020-11-04;1878;108121
30596;92;2020-11-05;1739;109860
30597;92;2020-11-06;1604;111464
30598;92;2020-11-07;681;112145
30599;92;2020-11-08;166;112311
30600;92;2020-11-09;1810;114121
30601;92;2020-11-10;1244;115365
30602;92;2020-11-11;142;115507
30603;92;2020-11-12;1353;116860
30604;92;2020-11-13;1015;117875
30605;92;2020-11-14;462;118337
30606;92;2020-11-15;90;118427
30607;92;2020-11-16;1045;119472
30608;92;2020-11-17;733;120205
30609;92;2020-11-18;664;120869
30610;92;2020-11-19;582;121451
30611;92;2020-11-20;587;122038
30612;92;2020-11-21;359;122397
30613;92;2020-11-22;100;122497
30614;92;2020-11-23;674;123171
30615;92;2020-11-24;480;123651
30616;92;2020-11-25;559;124210
30617;92;2020-11-26;576;124786
30618;92;2020-11-27;514;125300
30619;92;2020-11-28;268;125568
30620;92;2020-11-29;54;125622
30621;92;2020-11-30;549;126171
30622;92;2020-12-01;465;126636
30623;92;2020-12-02;410;127046
30624;92;2020-12-03;400;127446
30625;92;2020-12-04;507;127953
30626;92;2020-12-05;270;128223
30627;92;2020-12-06;62;128285
30628;92;2020-12-07;644;128929
30629;92;2020-12-08;426;129355
30630;92;2020-12-09;486;129841
30631;92;2020-12-10;509;130350
30632;92;2020-12-11;616;130966
30633;92;2020-12-12;326;131292
30634;92;2020-12-13;78;131370
30635;92;2020-12-14;834;132204
30636;92;2020-12-15;664;132868
30637;92;2020-12-16;557;133425
30638;92;2020-12-17;582;134007
30639;92;2020-12-18;741;134748
30640;92;2020-12-19;418;135166
30641;92;2020-12-20;110;135276
30642;92;2020-12-21;859;136135
30643;92;2020-12-22;739;136874
30644;92;2020-12-23;724;137598
30645;92;2020-12-24;596;138194
30646;92;2020-12-25;86;138280
30647;92;2020-12-26;468;138748
30648;92;2020-12-27;90;138838
30649;92;2020-12-28;1028;139866
30650;92;2020-12-29;736;140602
30651;92;2020-12-30;751;141353
30652;92;2020-12-31;692;142045
30653;92;2021-01-01;140;142185
30654;92;2021-01-02;668;142853
30655;92;2021-01-03;184;143037
30656;92;2021-01-04;1314;144351
30657;92;2021-01-05;1038;145389
30658;92;2021-01-06;907;146296
30659;92;2021-01-07;936;147232
30660;92;2021-01-08;959;148191
30661;92;2021-01-09;596;148787
30662;92;2021-01-10;144;148931
30663;92;2021-01-11;1424;150355
30664;92;2021-01-12;1049;151404
30665;92;2021-01-13;1087;152491
30666;92;2021-01-14;1034;153525
30667;92;2021-01-15;1162;154687
30668;92;2021-01-16;612;155299
30669;92;2021-01-17;158;155457
30670;92;2021-01-18;1518;156975
30671;92;2021-01-19;1059;158034
30672;92;2021-01-20;1046;159080
30673;92;2021-01-21;1079;160159
30674;92;2021-01-22;1182;161341
30675;92;2021-01-23;688;162029
30676;92;2021-01-24;174;162203
30677;92;2021-01-25;1563;163766
30678;92;2021-01-26;1240;165006
30679;92;2021-01-27;1165;166171
30680;92;2021-01-28;1308;167479
30681;92;2021-01-29;1356;168835
30682;92;2021-01-30;724;169559
30683;92;2021-01-31;184;169743
30684;92;2021-02-01;1743;171486
30685;92;2021-02-02;1250;172736
30686;92;2021-02-03;1150;173886
30687;92;2021-02-04;1243;175129
30688;92;2021-02-05;1367;176496
30689;92;2021-02-06;772;177268
30690;92;2021-02-07;208;177476
30691;92;2021-02-08;1620;179096
30692;92;2021-02-09;1296;180392
30693;92;2021-02-10;1138;181530
30694;92;2021-02-11;1180;182710
30695;92;2021-02-12;1323;184033
30696;92;2021-02-13;709;184742
30697;92;2021-02-14;136;184878
30698;92;2021-02-15;1496;186374
30699;92;2021-02-16;1159;187533
30700;92;2021-02-17;1376;188909
30701;92;2021-02-18;1364;190273
30702;92;2021-02-19;1528;191801
30703;92;2021-02-20;794;192595
30704;92;2021-02-21;206;192801
30705;92;2021-02-22;2053;194854
30706;92;2021-02-23;1476;196330
30707;92;2021-02-24;1365;197695
30708;92;2021-02-25;1422;199117
30709;92;2021-02-26;1534;200651
30710;92;2021-02-27;1022;201673
30711;92;2021-02-28;212;201885
30712;92;2021-03-01;2031;203916
30713;92;2021-03-02;1536;205452
30714;92;2021-03-03;1515;206967
30715;92;2021-03-04;1466;208433
30716;92;2021-03-05;1730;210163
30717;92;2021-03-06;1015;211178
30718;92;2021-03-07;222;211400
30719;92;2021-03-08;2311;213711
30720;92;2021-03-09;1872;215583
30721;92;2021-03-10;1995;217578
30722;92;2021-03-11;2240;219818
30723;92;2021-03-12;2231;222049
30724;92;2021-03-13;1467;223516
30725;92;2021-03-14;440;223956
30726;92;2021-03-15;3366;227322
30727;92;2021-03-16;2525;229847
30728;92;2021-03-17;2410;232257
30729;92;2021-03-18;2491;234748
30730;92;2021-03-19;2536;237284
30731;92;2021-03-20;1622;238906
30732;92;2021-03-21;378;239284
30733;92;2021-03-22;3841;243125
30734;92;2021-03-23;3131;246256
30735;92;2021-03-24;2847;249103
30736;92;2021-03-25;2828;251931
30737;92;2021-03-26;3125;255056
30738;92;2021-03-27;1975;257031
30739;92;2021-03-28;316;257347
30740;92;2021-03-29;4094;261441
30741;92;2021-03-30;2977;264418
30742;92;2021-03-31;2732;267150
30743;92;2021-04-01;2792;269942
30744;92;2021-04-02;2696;272638
30745;92;2021-04-03;1764;274402
30746;92;2021-04-04;384;274786
30747;92;2021-04-05;684;275470
30748;92;2021-04-06;3884;279354
30749;92;2021-04-07;2931;282285
30750;92;2021-04-08;2797;285082
30751;92;2021-04-09;2764;287846
30752;92;2021-04-10;1762;289608
30753;92;2021-04-11;382;289990
30754;92;2021-04-12;3450;293440
30755;92;2021-04-13;2562;296002
30756;92;2021-04-14;2237;298239
30757;92;2021-04-15;2073;300312
30758;93;2020-05-13;160;160
30759;93;2020-05-14;129;289
30760;93;2020-05-15;62;351
30761;93;2020-05-16;12;363
30762;93;2020-05-17;12;375
30763;93;2020-05-18;90;465
30764;93;2020-05-19;80;545
30765;93;2020-05-20;92;637
30766;93;2020-05-21;8;645
30767;93;2020-05-22;58;703
30768;93;2020-05-23;6;709
30769;93;2020-05-24;8;717
30770;93;2020-05-25;50;767
30771;93;2020-05-26;72;839
30772;93;2020-05-27;78;917
30773;93;2020-05-28;40;957
30774;93;2020-05-29;50;1007
30775;93;2020-05-30;12;1019
30776;93;2020-05-31;6;1025
30777;93;2020-06-01;6;1031
30778;93;2020-06-02;34;1065
30779;93;2020-06-03;42;1107
30780;93;2020-06-04;34;1141
30781;93;2020-06-05;34;1175
30782;93;2020-06-06;12;1187
30783;93;2020-06-07;8;1195
30784;93;2020-06-08;38;1233
30785;93;2020-06-09;24;1257
30786;93;2020-06-10;60;1317
30787;93;2020-06-11;40;1357
30788;93;2020-06-12;74;1431
30789;93;2020-06-13;4;1435
30790;93;2020-06-14;4;1439
30791;93;2020-06-15;38;1477
30792;93;2020-06-16;32;1509
30793;93;2020-06-17;36;1545
30794;93;2020-06-18;50;1595
30795;93;2020-06-19;42;1637
30796;93;2020-06-20;8;1645
30797;93;2020-06-21;4;1649
30798;93;2020-06-22;46;1695
30799;93;2020-06-23;48;1743
30800;93;2020-06-24;54;1797
30801;93;2020-06-25;62;1859
30802;93;2020-06-26;46;1905
30803;93;2020-06-27;16;1921
30804;93;2020-06-28;4;1925
30805;93;2020-06-29;48;1973
30806;93;2020-06-30;56;2029
30807;93;2020-07-01;48;2077
30808;93;2020-07-02;52;2129
30809;93;2020-07-03;46;2175
30810;93;2020-07-04;30;2205
30811;93;2020-07-05;18;2223
30812;93;2020-07-06;86;2309
30813;93;2020-07-07;48;2357
30814;93;2020-07-08;48;2405
30815;93;2020-07-09;54;2459
30816;93;2020-07-10;92;2551
30817;93;2020-07-11;14;2565
30818;93;2020-07-12;6;2571
30819;93;2020-07-13;86;2657
30820;93;2020-07-14;10;2667
30821;93;2020-07-15;54;2721
30822;93;2020-07-16;97;2818
30823;93;2020-07-17;82;2900
30824;93;2020-07-18;46;2946
30825;93;2020-07-19;12;2958
30826;93;2020-07-20;90;3048
30827;93;2020-07-21;127;3175
30828;93;2020-07-22;104;3279
30829;93;2020-07-23;116;3395
30830;93;2020-07-24;84;3479
30831;93;2020-07-25;52;3531
30832;93;2020-07-26;22;3553
30833;93;2020-07-27;190;3743
30834;93;2020-07-28;149;3892
30835;93;2020-07-29;201;4093
30836;93;2020-07-30;182;4275
30837;93;2020-07-31;164;4439
30838;93;2020-08-01;91;4530
30839;93;2020-08-02;24;4554
30840;93;2020-08-03;174;4728
30841;93;2020-08-04;200;4928
30842;93;2020-08-05;196;5124
30843;93;2020-08-06;230;5354
30844;93;2020-08-07;244;5598
30845;93;2020-08-08;114;5712
30846;93;2020-08-09;28;5740
30847;93;2020-08-10;302;6042
30848;93;2020-08-11;252;6294
30849;93;2020-08-12;336;6630
30850;93;2020-08-13;355;6985
30851;93;2020-08-14;344;7329
30852;93;2020-08-15;76;7405
30853;93;2020-08-16;62;7467
30854;93;2020-08-17;404;7871
30855;93;2020-08-18;412;8283
30856;93;2020-08-19;422;8705
30857;93;2020-08-20;494;9199
30858;93;2020-08-21;466;9665
30859;93;2020-08-22;196;9861
30860;93;2020-08-23;72;9933
30861;93;2020-08-24;600;10533
30862;93;2020-08-25;618;11151
30863;93;2020-08-26;590;11741
30864;93;2020-08-27;617;12358
30865;93;2020-08-28;688;13046
30866;93;2020-08-29;227;13273
30867;93;2020-08-30;84;13357
30868;93;2020-08-31;732;14089
30869;93;2020-09-01;720;14809
30870;93;2020-09-02;652;15461
30871;93;2020-09-03;724;16185
30872;93;2020-09-04;668;16853
30873;93;2020-09-05;292;17145
30874;93;2020-09-06;110;17255
30875;93;2020-09-07;908;18163
30876;93;2020-09-08;952;19115
30877;93;2020-09-09;852;19967
30878;93;2020-09-10;1006;20973
30879;93;2020-09-11;894;21867
30880;93;2020-09-12;210;22077
30881;93;2020-09-13;90;22167
30882;93;2020-09-14;1150;23317
30883;93;2020-09-15;1114;24431
30884;93;2020-09-16;1044;25475
30885;93;2020-09-17;1201;26676
30886;93;2020-09-18;975;27651
30887;93;2020-09-19;400;28051
30888;93;2020-09-20;168;28219
30889;93;2020-09-21;1199;29418
30890;93;2020-09-22;1245;30663
30891;93;2020-09-23;1098;31761
30892;93;2020-09-24;1212;32973
30893;93;2020-09-25;1025;33998
30894;93;2020-09-26;380;34378
30895;93;2020-09-27;111;34489
30896;93;2020-09-28;1099;35588
30897;93;2020-09-29;1150;36738
30898;93;2020-09-30;1093;37831
30899;93;2020-10-01;1302;39133
30900;93;2020-10-02;1420;40553
30901;93;2020-10-03;580;41133
30902;93;2020-10-04;206;41339
30903;93;2020-10-05;1727;43066
30904;93;2020-10-06;1721;44787
30905;93;2020-10-07;1727;46514
30906;93;2020-10-08;1992;48506
30907;93;2020-10-09;1870;50376
30908;93;2020-10-10;772;51148
30909;93;2020-10-11;240;51388
30910;93;2020-10-12;2588;53976
30911;93;2020-10-13;2262;56238
30912;93;2020-10-14;2110;58348
30913;93;2020-10-15;2373;60721
30914;93;2020-10-16;2258;62979
30915;93;2020-10-17;1090;64069
30916;93;2020-10-18;288;64357
30917;93;2020-10-19;2860;67217
30918;93;2020-10-20;3012;70229
30919;93;2020-10-21;2645;72874
30920;93;2020-10-22;2850;75724
30921;93;2020-10-23;2806;78530
30922;93;2020-10-24;1157;79687
30923;93;2020-10-25;388;80075
30924;93;2020-10-26;3829;83904
30925;93;2020-10-27;3555;87459
30926;93;2020-10-28;3066;90525
30927;93;2020-10-29;2995;93520
30928;93;2020-10-30;2975;96495
30929;93;2020-10-31;1158;97653
30930;93;2020-11-01;406;98059
30931;93;2020-11-02;3251;101310
30932;93;2020-11-03;2765;104075
30933;93;2020-11-04;2470;106545
30934;93;2020-11-05;2058;108603
30935;93;2020-11-06;1933;110536
30936;93;2020-11-07;740;111276
30937;93;2020-11-08;216;111492
30938;93;2020-11-09;2038;113530
30939;93;2020-11-10;1640;115170
30940;93;2020-11-11;288;115458
30941;93;2020-11-12;1595;117053
30942;93;2020-11-13;1254;118307
30943;93;2020-11-14;428;118735
30944;93;2020-11-15;146;118881
30945;93;2020-11-16;1381;120262
30946;93;2020-11-17;1150;121412
30947;93;2020-11-18;994;122406
30948;93;2020-11-19;988;123394
30949;93;2020-11-20;904;124298
30950;93;2020-11-21;602;124900
30951;93;2020-11-22;120;125020
30952;93;2020-11-23;1046;126066
30953;93;2020-11-24;804;126870
30954;93;2020-11-25;834;127704
30955;93;2020-11-26;822;128526
30956;93;2020-11-27;808;129334
30957;93;2020-11-28;427;129761
30958;93;2020-11-29;142;129903
30959;93;2020-11-30;990;130893
30960;93;2020-12-01;630;131523
30961;93;2020-12-02;770;132293
30962;93;2020-12-03;678;132971
30963;93;2020-12-04;682;133653
30964;93;2020-12-05;380;134033
30965;93;2020-12-06;100;134133
30966;93;2020-12-07;998;135131
30967;93;2020-12-08;796;135927
30968;93;2020-12-09;731;136658
30969;93;2020-12-10;935;137593
30970;93;2020-12-11;804;138397
30971;93;2020-12-12;504;138901
30972;93;2020-12-13;184;139085
30973;93;2020-12-14;1158;140243
30974;93;2020-12-15;845;141088
30975;93;2020-12-16;909;141997
30976;93;2020-12-17;736;142733
30977;93;2020-12-18;906;143639
30978;93;2020-12-19;552;144191
30979;93;2020-12-20;156;144347
30980;93;2020-12-21;1050;145397
30981;93;2020-12-22;891;146288
30982;93;2020-12-23;807;147095
30983;93;2020-12-24;781;147876
30984;93;2020-12-25;100;147976
30985;93;2020-12-26;632;148608
30986;93;2020-12-27;160;148768
30987;93;2020-12-28;1108;149876
30988;93;2020-12-29;938;150814
30989;93;2020-12-30;836;151650
30990;93;2020-12-31;700;152350
30991;93;2021-01-01;130;152480
30992;93;2021-01-02;766;153246
30993;93;2021-01-03;228;153474
30994;93;2021-01-04;1301;154775
30995;93;2021-01-05;990;155765
30996;93;2021-01-06;970;156735
30997;93;2021-01-07;954;157689
30998;93;2021-01-08;1028;158717
30999;93;2021-01-09;670;159387
31000;93;2021-01-10;162;159549
31001;93;2021-01-11;1320;160869
31002;93;2021-01-12;1051;161920
31003;93;2021-01-13;1052;162972
31004;93;2021-01-14;1115;164087
31005;93;2021-01-15;1192;165279
31006;93;2021-01-16;690;165969
31007;93;2021-01-17;190;166159
31008;93;2021-01-18;1488;167647
31009;93;2021-01-19;1224;168871
31010;93;2021-01-20;1178;170049
31011;93;2021-01-21;1130;171179
31012;93;2021-01-22;1175;172354
31013;93;2021-01-23;666;173020
31014;93;2021-01-24;182;173202
31015;93;2021-01-25;1524;174726
31016;93;2021-01-26;1163;175889
31017;93;2021-01-27;1136;177025
31018;93;2021-01-28;1124;178149
31019;93;2021-01-29;1371;179520
31020;93;2021-01-30;796;180316
31021;93;2021-01-31;239;180555
31022;93;2021-02-01;1739;182294
31023;93;2021-02-02;1490;183784
31024;93;2021-02-03;1288;185072
31025;93;2021-02-04;1367;186439
31026;93;2021-02-05;1408;187847
31027;93;2021-02-06;782;188629
31028;93;2021-02-07;184;188813
31029;93;2021-02-08;1711;190524
31030;93;2021-02-09;1472;191996
31031;93;2021-02-10;1277;193273
31032;93;2021-02-11;1302;194575
31033;93;2021-02-12;1358;195933
31034;93;2021-02-13;774;196707
31035;93;2021-02-14;201;196908
31036;93;2021-02-15;1963;198871
31037;93;2021-02-16;1690;200561
31038;93;2021-02-17;1624;202185
31039;93;2021-02-18;1951;204136
31040;93;2021-02-19;1954;206090
31041;93;2021-02-20;1201;207291
31042;93;2021-02-21;326;207617
31043;93;2021-02-22;2826;210443
31044;93;2021-02-23;2307;212750
31045;93;2021-02-24;2097;214847
31046;93;2021-02-25;2335;217182
31047;93;2021-02-26;2392;219574
31048;93;2021-02-27;1416;220990
31049;93;2021-02-28;386;221376
31050;93;2021-03-01;3005;224381
31051;93;2021-03-02;2452;226833
31052;93;2021-03-03;2481;229314
31053;93;2021-03-04;2312;231626
31054;93;2021-03-05;2800;234426
31055;93;2021-03-06;1579;236005
31056;93;2021-03-07;416;236421
31057;93;2021-03-08;3452;239873
31058;93;2021-03-09;2899;242772
31059;93;2021-03-10;3036;245808
31060;93;2021-03-11;3244;249052
31061;93;2021-03-12;3564;252616
31062;93;2021-03-13;2410;255026
31063;93;2021-03-14;812;255838
31064;93;2021-03-15;4845;260683
31065;93;2021-03-16;3960;264643
31066;93;2021-03-17;3665;268308
31067;93;2021-03-18;3773;272081
31068;93;2021-03-19;4075;276156
31069;93;2021-03-20;2614;278770
31070;93;2021-03-21;912;279682
31071;93;2021-03-22;6038;285720
31072;93;2021-03-23;4660;290380
31073;93;2021-03-24;4533;294913
31074;93;2021-03-25;4329;299242
31075;93;2021-03-26;4275;303517
31076;93;2021-03-27;2671;306188
31077;93;2021-03-28;718;306906
31078;93;2021-03-29;6058;312964
31079;93;2021-03-30;5306;318270
31080;93;2021-03-31;4384;322654
31081;93;2021-04-01;4156;326810
31082;93;2021-04-02;4376;331186
31083;93;2021-04-03;2585;333771
31084;93;2021-04-04;670;334441
31085;93;2021-04-05;1165;335606
31086;93;2021-04-06;5805;341411
31087;93;2021-04-07;4435;345846
31088;93;2021-04-08;3946;349792
31089;93;2021-04-09;4300;354092
31090;93;2021-04-10;2682;356774
31091;93;2021-04-11;776;357550
31092;93;2021-04-12;5056;362606
31093;93;2021-04-13;3792;366398
31094;93;2021-04-14;3177;369575
31095;93;2021-04-15;3310;372885
31096;94;2020-05-13;60;60
31097;94;2020-05-14;74;134
31098;94;2020-05-15;66;200
31099;94;2020-05-16;14;214
31100;94;2020-05-17;8;222
31101;94;2020-05-18;78;300
31102;94;2020-05-19;94;394
31103;94;2020-05-20;72;466
31104;94;2020-05-21;10;476
31105;94;2020-05-22;56;532
31106;94;2020-05-23;14;546
31107;94;2020-05-24;6;552
31108;94;2020-05-25;82;634
31109;94;2020-05-26;64;698
31110;94;2020-05-27;44;742
31111;94;2020-05-28;56;798
31112;94;2020-05-29;52;850
31113;94;2020-05-30;18;868
31114;94;2020-05-31;14;882
31115;94;2020-06-01;8;890
31116;94;2020-06-02;51;941
31117;94;2020-06-03;46;987
31118;94;2020-06-04;56;1043
31119;94;2020-06-05;54;1097
31120;94;2020-06-06;8;1105
31121;94;2020-06-07;18;1123
31122;94;2020-06-08;16;1139
31123;94;2020-06-09;22;1161
31124;94;2020-06-10;20;1181
31125;94;2020-06-11;24;1205
31126;94;2020-06-12;52;1257
31127;94;2020-06-13;6;1263
31128;94;2020-06-14;4;1267
31129;94;2020-06-15;28;1295
31130;94;2020-06-16;28;1323
31131;94;2020-06-17;28;1351
31132;94;2020-06-18;46;1397
31133;94;2020-06-19;54;1451
31134;94;2020-06-20;16;1467
31135;94;2020-06-21;16;1483
31136;94;2020-06-22;46;1529
31137;94;2020-06-23;42;1571
31138;94;2020-06-24;22;1593
31139;94;2020-06-25;36;1629
31140;94;2020-06-26;36;1665
31141;94;2020-06-27;12;1677
31142;94;2020-06-28;6;1683
31143;94;2020-06-29;32;1715
31144;94;2020-06-30;24;1739
31145;94;2020-07-01;30;1769
31146;94;2020-07-02;32;1801
31147;94;2020-07-03;36;1837
31148;94;2020-07-04;12;1849
31149;94;2020-07-05;2;1851
31150;94;2020-07-06;32;1883
31151;94;2020-07-07;35;1918
31152;94;2020-07-08;46;1964
31153;94;2020-07-09;42;2006
31154;94;2020-07-10;42;2048
31155;94;2020-07-11;16;2064
31156;94;2020-07-12;0;2064
31157;94;2020-07-13;60;2124
31158;94;2020-07-14;8;2132
31159;94;2020-07-15;54;2186
31160;94;2020-07-16;68;2254
31161;94;2020-07-17;64;2318
31162;94;2020-07-18;26;2344
31163;94;2020-07-19;6;2350
31164;94;2020-07-20;40;2390
31165;94;2020-07-21;84;2474
31166;94;2020-07-22;92;2566
31167;94;2020-07-23;72;2638
31168;94;2020-07-24;88;2726
31169;94;2020-07-25;36;2762
31170;94;2020-07-26;16;2778
31171;94;2020-07-27;128;2906
31172;94;2020-07-28;146;3052
31173;94;2020-07-29;148;3200
31174;94;2020-07-30;120;3320
31175;94;2020-07-31;166;3486
31176;94;2020-08-01;72;3558
31177;94;2020-08-02;26;3584
31178;94;2020-08-03;150;3734
31179;94;2020-08-04;130;3864
31180;94;2020-08-05;192;4056
31181;94;2020-08-06;144;4200
31182;94;2020-08-07;224;4424
31183;94;2020-08-08;58;4482
31184;94;2020-08-09;34;4516
31185;94;2020-08-10;248;4764
31186;94;2020-08-11;224;4988
31187;94;2020-08-12;246;5234
31188;94;2020-08-13;384;5618
31189;94;2020-08-14;350;5968
31190;94;2020-08-15;46;6014
31191;94;2020-08-16;52;6066
31192;94;2020-08-17;413;6479
31193;94;2020-08-18;378;6857
31194;94;2020-08-19;474;7331
31195;94;2020-08-20;504;7835
31196;94;2020-08-21;398;8233
31197;94;2020-08-22;178;8411
31198;94;2020-08-23;92;8503
31199;94;2020-08-24;706;9209
31200;94;2020-08-25;636;9845
31201;94;2020-08-26;605;10450
31202;94;2020-08-27;702;11152
31203;94;2020-08-28;794;11946
31204;94;2020-08-29;240;12186
31205;94;2020-08-30;114;12300
31206;94;2020-08-31;840;13140
31207;94;2020-09-01;716;13856
31208;94;2020-09-02;798;14654
31209;94;2020-09-03;682;15336
31210;94;2020-09-04;750;16086
31211;94;2020-09-05;230;16316
31212;94;2020-09-06;92;16408
31213;94;2020-09-07;844;17252
31214;94;2020-09-08;790;18042
31215;94;2020-09-09;762;18804
31216;94;2020-09-10;708;19512
31217;94;2020-09-11;760;20272
31218;94;2020-09-12;278;20550
31219;94;2020-09-13;78;20628
31220;94;2020-09-14;780;21408
31221;94;2020-09-15;752;22160
31222;94;2020-09-16;792;22952
31223;94;2020-09-17;898;23850
31224;94;2020-09-18;717;24567
31225;94;2020-09-19;286;24853
31226;94;2020-09-20;86;24939
31227;94;2020-09-21;982;25921
31228;94;2020-09-22;989;26910
31229;94;2020-09-23;778;27688
31230;94;2020-09-24;834;28522
31231;94;2020-09-25;760;29282
31232;94;2020-09-26;320;29602
31233;94;2020-09-27;100;29702
31234;94;2020-09-28;940;30642
31235;94;2020-09-29;1112;31754
31236;94;2020-09-30;980;32734
31237;94;2020-10-01;1099;33833
31238;94;2020-10-02;1246;35079
31239;94;2020-10-03;540;35619
31240;94;2020-10-04;96;35715
31241;94;2020-10-05;1612;37327
31242;94;2020-10-06;1473;38800
31243;94;2020-10-07;1610;40410
31244;94;2020-10-08;1725;42135
31245;94;2020-10-09;1598;43733
31246;94;2020-10-10;693;44426
31247;94;2020-10-11;131;44557
31248;94;2020-10-12;2201;46758
31249;94;2020-10-13;1952;48710
31250;94;2020-10-14;1891;50601
31251;94;2020-10-15;1954;52555
31252;94;2020-10-16;2100;54655
31253;94;2020-10-17;948;55603
31254;94;2020-10-18;208;55811
31255;94;2020-10-19;2653;58464
31256;94;2020-10-20;2563;61027
31257;94;2020-10-21;2510;63537
31258;94;2020-10-22;2502;66039
31259;94;2020-10-23;2526;68565
31260;94;2020-10-24;1072;69637
31261;94;2020-10-25;266;69903
31262;94;2020-10-26;3327;73230
31263;94;2020-10-27;3056;76286
31264;94;2020-10-28;2628;78914
31265;94;2020-10-29;2264;81178
31266;94;2020-10-30;2612;83790
31267;94;2020-10-31;964;84754
31268;94;2020-11-01;250;85004
31269;94;2020-11-02;2784;87788
31270;94;2020-11-03;2348;90136
31271;94;2020-11-04;2042;92178
31272;94;2020-11-05;1796;93974
31273;94;2020-11-06;1617;95591
31274;94;2020-11-07;598;96189
31275;94;2020-11-08;140;96329
31276;94;2020-11-09;1876;98205
31277;94;2020-11-10;1335;99540
31278;94;2020-11-11;234;99774
31279;94;2020-11-12;1394;101168
31280;94;2020-11-13;1078;102246
31281;94;2020-11-14;368;102614
31282;94;2020-11-15;110;102724
31283;94;2020-11-16;1254;103978
31284;94;2020-11-17;976;104954
31285;94;2020-11-18;866;105820
31286;94;2020-11-19;743;106563
31287;94;2020-11-20;720;107283
31288;94;2020-11-21;304;107587
31289;94;2020-11-22;112;107699
31290;94;2020-11-23;834;108533
31291;94;2020-11-24;604;109137
31292;94;2020-11-25;684;109821
31293;94;2020-11-26;644;110465
31294;94;2020-11-27;552;111017
31295;94;2020-11-28;290;111307
31296;94;2020-11-29;70;111377
31297;94;2020-11-30;740;112117
31298;94;2020-12-01;554;112671
31299;94;2020-12-02;470;113141
31300;94;2020-12-03;552;113693
31301;94;2020-12-04;614;114307
31302;94;2020-12-05;382;114689
31303;94;2020-12-06;84;114773
31304;94;2020-12-07;768;115541
31305;94;2020-12-08;679;116220
31306;94;2020-12-09;610;116830
31307;94;2020-12-10;684;117514
31308;94;2020-12-11;810;118324
31309;94;2020-12-12;380;118704
31310;94;2020-12-13;118;118822
31311;94;2020-12-14;1012;119834
31312;94;2020-12-15;834;120668
31313;94;2020-12-16;784;121452
31314;94;2020-12-17;686;122138
31315;94;2020-12-18;728;122866
31316;94;2020-12-19;440;123306
31317;94;2020-12-20;90;123396
31318;94;2020-12-21;980;124376
31319;94;2020-12-22;799;125175
31320;94;2020-12-23;790;125965
31321;94;2020-12-24;618;126583
31322;94;2020-12-25;54;126637
31323;94;2020-12-26;482;127119
31324;94;2020-12-27;134;127253
31325;94;2020-12-28;1014;128267
31326;94;2020-12-29;760;129027
31327;94;2020-12-30;768;129795
31328;94;2020-12-31;648;130443
31329;94;2021-01-01;88;130531
31330;94;2021-01-02;552;131083
31331;94;2021-01-03;150;131233
31332;94;2021-01-04;1328;132561
31333;94;2021-01-05;1070;133631
31334;94;2021-01-06;992;134623
31335;94;2021-01-07;888;135511
31336;94;2021-01-08;1004;136515
31337;94;2021-01-09;500;137015
31338;94;2021-01-10;182;137197
31339;94;2021-01-11;1268;138465
31340;94;2021-01-12;1006;139471
31341;94;2021-01-13;1016;140487
31342;94;2021-01-14;936;141423
31343;94;2021-01-15;1015;142438
31344;94;2021-01-16;550;142988
31345;94;2021-01-17;202;143190
31346;94;2021-01-18;1371;144561
31347;94;2021-01-19;1160;145721
31348;94;2021-01-20;1102;146823
31349;94;2021-01-21;1108;147931
31350;94;2021-01-22;1262;149193
31351;94;2021-01-23;652;149845
31352;94;2021-01-24;160;150005
31353;94;2021-01-25;1504;151509
31354;94;2021-01-26;1074;152583
31355;94;2021-01-27;1148;153731
31356;94;2021-01-28;1218;154949
31357;94;2021-01-29;1280;156229
31358;94;2021-01-30;760;156989
31359;94;2021-01-31;176;157165
31360;94;2021-02-01;1668;158833
31361;94;2021-02-02;1393;160226
31362;94;2021-02-03;1266;161492
31363;94;2021-02-04;1132;162624
31364;94;2021-02-05;1262;163886
31365;94;2021-02-06;694;164580
31366;94;2021-02-07;182;164762
31367;94;2021-02-08;1644;166406
31368;94;2021-02-09;1284;167690
31369;94;2021-02-10;1040;168730
31370;94;2021-02-11;1094;169824
31371;94;2021-02-12;1230;171054
31372;94;2021-02-13;712;171766
31373;94;2021-02-14;194;171960
31374;94;2021-02-15;1717;173677
31375;94;2021-02-16;1358;175035
31376;94;2021-02-17;1354;176389
31377;94;2021-02-18;1429;177818
31378;94;2021-02-19;1634;179452
31379;94;2021-02-20;798;180250
31380;94;2021-02-21;274;180524
31381;94;2021-02-22;2243;182767
31382;94;2021-02-23;1694;184461
31383;94;2021-02-24;1597;186058
31384;94;2021-02-25;1724;187782
31385;94;2021-02-26;1818;189600
31386;94;2021-02-27;988;190588
31387;94;2021-02-28;232;190820
31388;94;2021-03-01;2606;193426
31389;94;2021-03-02;1870;195296
31390;94;2021-03-03;2001;197297
31391;94;2021-03-04;1861;199158
31392;94;2021-03-05;2036;201194
31393;94;2021-03-06;1018;202212
31394;94;2021-03-07;268;202480
31395;94;2021-03-08;2647;205127
31396;94;2021-03-09;2046;207173
31397;94;2021-03-10;2204;209377
31398;94;2021-03-11;2576;211953
31399;94;2021-03-12;2834;214787
31400;94;2021-03-13;1896;216683
31401;94;2021-03-14;576;217259
31402;94;2021-03-15;3466;220725
31403;94;2021-03-16;2856;223581
31404;94;2021-03-17;2665;226246
31405;94;2021-03-18;2829;229075
31406;94;2021-03-19;2813;231888
31407;94;2021-03-20;1719;233607
31408;94;2021-03-21;494;234101
31409;94;2021-03-22;4403;238504
31410;94;2021-03-23;3472;241976
31411;94;2021-03-24;3354;245330
31412;94;2021-03-25;3274;248604
31413;94;2021-03-26;3306;251910
31414;94;2021-03-27;2060;253970
31415;94;2021-03-28;454;254424
31416;94;2021-03-29;4450;258874
31417;94;2021-03-30;3991;262865
31418;94;2021-03-31;3520;266385
31419;94;2021-04-01;3351;269736
31420;94;2021-04-02;3298;273034
31421;94;2021-04-03;1757;274791
31422;94;2021-04-04;446;275237
31423;94;2021-04-05;636;275873
31424;94;2021-04-06;4739;280612
31425;94;2021-04-07;3319;283931
31426;94;2021-04-08;3082;287013
31427;94;2021-04-09;3194;290207
31428;94;2021-04-10;1623;291830
31429;94;2021-04-11;500;292330
31430;94;2021-04-12;3744;296074
31431;94;2021-04-13;2764;298838
31432;94;2021-04-14;2562;301400
31433;94;2021-04-15;2481;303881
31434;95;2020-05-13;50;50
31435;95;2020-05-14;70;120
31436;95;2020-05-15;38;158
31437;95;2020-05-16;6;164
31438;95;2020-05-17;18;182
31439;95;2020-05-18;112;294
31440;95;2020-05-19;84;378
31441;95;2020-05-20;80;458
31442;95;2020-05-21;12;470
31443;95;2020-05-22;58;528
31444;95;2020-05-23;18;546
31445;95;2020-05-24;10;556
31446;95;2020-05-25;74;630
31447;95;2020-05-26;76;706
31448;95;2020-05-27;64;770
31449;95;2020-05-28;56;826
31450;95;2020-05-29;48;874
31451;95;2020-05-30;12;886
31452;95;2020-05-31;4;890
31453;95;2020-06-01;0;890
31454;95;2020-06-02;80;970
31455;95;2020-06-03;36;1006
31456;95;2020-06-04;66;1072
31457;95;2020-06-05;56;1128
31458;95;2020-06-06;7;1135
31459;95;2020-06-07;8;1143
31460;95;2020-06-08;46;1189
31461;95;2020-06-09;48;1237
31462;95;2020-06-10;52;1289
31463;95;2020-06-11;32;1321
31464;95;2020-06-12;36;1357
31465;95;2020-06-13;6;1363
31466;95;2020-06-14;2;1365
31467;95;2020-06-15;36;1401
31468;95;2020-06-16;24;1425
31469;95;2020-06-17;78;1503
31470;95;2020-06-18;50;1553
31471;95;2020-06-19;52;1605
31472;95;2020-06-20;20;1625
31473;95;2020-06-21;4;1629
31474;95;2020-06-22;32;1661
31475;95;2020-06-23;36;1697
31476;95;2020-06-24;16;1713
31477;95;2020-06-25;30;1743
31478;95;2020-06-26;40;1783
31479;95;2020-06-27;4;1787
31480;95;2020-06-28;0;1787
31481;95;2020-06-29;32;1819
31482;95;2020-06-30;50;1869
31483;95;2020-07-01;31;1900
31484;95;2020-07-02;26;1926
31485;95;2020-07-03;32;1958
31486;95;2020-07-04;8;1966
31487;95;2020-07-05;0;1966
31488;95;2020-07-06;34;2000
31489;95;2020-07-07;46;2046
31490;95;2020-07-08;32;2078
31491;95;2020-07-09;36;2114
31492;95;2020-07-10;32;2146
31493;95;2020-07-11;26;2172
31494;95;2020-07-12;4;2176
31495;95;2020-07-13;46;2222
31496;95;2020-07-14;8;2230
31497;95;2020-07-15;84;2314
31498;95;2020-07-16;74;2388
31499;95;2020-07-17;94;2482
31500;95;2020-07-18;28;2510
31501;95;2020-07-19;0;2510
31502;95;2020-07-20;108;2618
31503;95;2020-07-21;74;2692
31504;95;2020-07-22;106;2798
31505;95;2020-07-23;100;2898
31506;95;2020-07-24;84;2982
31507;95;2020-07-25;28;3010
31508;95;2020-07-26;16;3026
31509;95;2020-07-27;86;3112
31510;95;2020-07-28;104;3216
31511;95;2020-07-29;116;3332
31512;95;2020-07-30;88;3420
31513;95;2020-07-31;86;3506
31514;95;2020-08-01;32;3538
31515;95;2020-08-02;16;3554
31516;95;2020-08-03;112;3666
31517;95;2020-08-04;168;3834
31518;95;2020-08-05;104;3938
31519;95;2020-08-06;130;4068
31520;95;2020-08-07;124;4192
31521;95;2020-08-08;46;4238
31522;95;2020-08-09;24;4262
31523;95;2020-08-10;114;4376
31524;95;2020-08-11;164;4540
31525;95;2020-08-12;106;4646
31526;95;2020-08-13;196;4842
31527;95;2020-08-14;182;5024
31528;95;2020-08-15;38;5062
31529;95;2020-08-16;32;5094
31530;95;2020-08-17;224;5318
31531;95;2020-08-18;220;5538
31532;95;2020-08-19;210;5748
31533;95;2020-08-20;230;5978
31534;95;2020-08-21;274;6252
31535;95;2020-08-22;114;6366
31536;95;2020-08-23;38;6404
31537;95;2020-08-24;308;6712
31538;95;2020-08-25;338;7050
31539;95;2020-08-26;284;7334
31540;95;2020-08-27;398;7732
31541;95;2020-08-28;372;8104
31542;95;2020-08-29;110;8214
31543;95;2020-08-30;44;8258
31544;95;2020-08-31;476;8734
31545;95;2020-09-01;454;9188
31546;95;2020-09-02;392;9580
31547;95;2020-09-03;466;10046
31548;95;2020-09-04;462;10508
31549;95;2020-09-05;206;10714
31550;95;2020-09-06;62;10776
31551;95;2020-09-07;600;11376
31552;95;2020-09-08;576;11952
31553;95;2020-09-09;488;12440
31554;95;2020-09-10;648;13088
31555;95;2020-09-11;614;13702
31556;95;2020-09-12;152;13854
31557;95;2020-09-13;70;13924
31558;95;2020-09-14;800;14724
31559;95;2020-09-15;738;15462
31560;95;2020-09-16;724;16186
31561;95;2020-09-17;806;16992
31562;95;2020-09-18;706;17698
31563;95;2020-09-19;336;18034
31564;95;2020-09-20;74;18108
31565;95;2020-09-21;834;18942
31566;95;2020-09-22;750;19692
31567;95;2020-09-23;602;20294
31568;95;2020-09-24;710;21004
31569;95;2020-09-25;732;21736
31570;95;2020-09-26;224;21960
31571;95;2020-09-27;46;22006
31572;95;2020-09-28;692;22698
31573;95;2020-09-29;790;23488
31574;95;2020-09-30;754;24242
31575;95;2020-10-01;968;25210
31576;95;2020-10-02;952;26162
31577;95;2020-10-03;522;26684
31578;95;2020-10-04;90;26774
31579;95;2020-10-05;1493;28267
31580;95;2020-10-06;1258;29525
31581;95;2020-10-07;1248;30773
31582;95;2020-10-08;1462;32235
31583;95;2020-10-09;1386;33621
31584;95;2020-10-10;763;34384
31585;95;2020-10-11;156;34540
31586;95;2020-10-12;1790;36330
31587;95;2020-10-13;1766;38096
31588;95;2020-10-14;1762;39858
31589;95;2020-10-15;1892;41750
31590;95;2020-10-16;1800;43550
31591;95;2020-10-17;844;44394
31592;95;2020-10-18;218;44612
31593;95;2020-10-19;2372;46984
31594;95;2020-10-20;2315;49299
31595;95;2020-10-21;2276;51575
31596;95;2020-10-22;2532;54107
31597;95;2020-10-23;2684;56791
31598;95;2020-10-24;1201;57992
31599;95;2020-10-25;314;58306
31600;95;2020-10-26;3230;61536
31601;95;2020-10-27;3048;64584
31602;95;2020-10-28;2438;67022
31603;95;2020-10-29;2514;69536
31604;95;2020-10-30;2579;72115
31605;95;2020-10-31;1180;73295
31606;95;2020-11-01;292;73587
31607;95;2020-11-02;2832;76419
31608;95;2020-11-03;2210;78629
31609;95;2020-11-04;1678;80307
31610;95;2020-11-05;1708;82015
31611;95;2020-11-06;1612;83627
31612;95;2020-11-07;628;84255
31613;95;2020-11-08;132;84387
31614;95;2020-11-09;1733;86120
31615;95;2020-11-10;1244;87364
31616;95;2020-11-11;206;87570
31617;95;2020-11-12;1338;88908
31618;95;2020-11-13;895;89803
31619;95;2020-11-14;382;90185
31620;95;2020-11-15;76;90261
31621;95;2020-11-16;1216;91477
31622;95;2020-11-17;850;92327
31623;95;2020-11-18;720;93047
31624;95;2020-11-19;626;93673
31625;95;2020-11-20;624;94297
31626;95;2020-11-21;288;94585
31627;95;2020-11-22;94;94679
31628;95;2020-11-23;864;95543
31629;95;2020-11-24;542;96085
31630;95;2020-11-25;565;96650
31631;95;2020-11-26;528;97178
31632;95;2020-11-27;612;97790
31633;95;2020-11-28;262;98052
31634;95;2020-11-29;58;98110
31635;95;2020-11-30;804;98914
31636;95;2020-12-01;462;99376
31637;95;2020-12-02;408;99784
31638;95;2020-12-03;470;100254
31639;95;2020-12-04;520;100774
31640;95;2020-12-05;300;101074
31641;95;2020-12-06;72;101146
31642;95;2020-12-07;736;101882
31643;95;2020-12-08;533;102415
31644;95;2020-12-09;422;102837
31645;95;2020-12-10;518;103355
31646;95;2020-12-11;635;103990
31647;95;2020-12-12;328;104318
31648;95;2020-12-13;76;104394
31649;95;2020-12-14;846;105240
31650;95;2020-12-15;516;105756
31651;95;2020-12-16;616;106372
31652;95;2020-12-17;554;106926
31653;95;2020-12-18;610;107536
31654;95;2020-12-19;404;107940
31655;95;2020-12-20;84;108024
31656;95;2020-12-21;774;108798
31657;95;2020-12-22;598;109396
31658;95;2020-12-23;488;109884
31659;95;2020-12-24;490;110374
31660;95;2020-12-25;46;110420
31661;95;2020-12-26;466;110886
31662;95;2020-12-27;62;110948
31663;95;2020-12-28;796;111744
31664;95;2020-12-29;642;112386
31665;95;2020-12-30;702;113088
31666;95;2020-12-31;670;113758
31667;95;2021-01-01;54;113812
31668;95;2021-01-02;558;114370
31669;95;2021-01-03;128;114498
31670;95;2021-01-04;1028;115526
31671;95;2021-01-05;812;116338
31672;95;2021-01-06;940;117278
31673;95;2021-01-07;814;118092
31674;95;2021-01-08;856;118948
31675;95;2021-01-09;502;119450
31676;95;2021-01-10;130;119580
31677;95;2021-01-11;1148;120728
31678;95;2021-01-12;776;121504
31679;95;2021-01-13;922;122426
31680;95;2021-01-14;820;123246
31681;95;2021-01-15;884;124130
31682;95;2021-01-16;504;124634
31683;95;2021-01-17;100;124734
31684;95;2021-01-18;1420;126154
31685;95;2021-01-19;893;127047
31686;95;2021-01-20;891;127938
31687;95;2021-01-21;982;128920
31688;95;2021-01-22;1014;129934
31689;95;2021-01-23;526;130460
31690;95;2021-01-24;96;130556
31691;95;2021-01-25;1310;131866
31692;95;2021-01-26;950;132816
31693;95;2021-01-27;938;133754
31694;95;2021-01-28;1030;134784
31695;95;2021-01-29;1014;135798
31696;95;2021-01-30;582;136380
31697;95;2021-01-31;94;136474
31698;95;2021-02-01;1376;137850
31699;95;2021-02-02;1182;139032
31700;95;2021-02-03;1062;140094
31701;95;2021-02-04;962;141056
31702;95;2021-02-05;1058;142114
31703;95;2021-02-06;676;142790
31704;95;2021-02-07;94;142884
31705;95;2021-02-08;1336;144220
31706;95;2021-02-09;1176;145396
31707;95;2021-02-10;1044;146440
31708;95;2021-02-11;996;147436
31709;95;2021-02-12;1110;148546
31710;95;2021-02-13;662;149208
31711;95;2021-02-14;120;149328
31712;95;2021-02-15;1402;150730
31713;95;2021-02-16;1216;151946
31714;95;2021-02-17;1038;152984
31715;95;2021-02-18;1180;154164
31716;95;2021-02-19;1336;155500
31717;95;2021-02-20;842;156342
31718;95;2021-02-21;184;156526
31719;95;2021-02-22;1930;158456
31720;95;2021-02-23;1564;160020
31721;95;2021-02-24;1398;161418
31722;95;2021-02-25;1438;162856
31723;95;2021-02-26;1524;164380
31724;95;2021-02-27;920;165300
31725;95;2021-02-28;142;165442
31726;95;2021-03-01;2040;167482
31727;95;2021-03-02;1644;169126
31728;95;2021-03-03;1628;170754
31729;95;2021-03-04;1516;172270
31730;95;2021-03-05;1582;173852
31731;95;2021-03-06;974;174826
31732;95;2021-03-07;142;174968
31733;95;2021-03-08;2276;177244
31734;95;2021-03-09;2018;179262
31735;95;2021-03-10;2214;181476
31736;95;2021-03-11;2304;183780
31737;95;2021-03-12;2488;186268
31738;95;2021-03-13;1796;188064
31739;95;2021-03-14;316;188380
31740;95;2021-03-15;3476;191856
31741;95;2021-03-16;2908;194764
31742;95;2021-03-17;2588;197352
31743;95;2021-03-18;3054;200406
31744;95;2021-03-19;2879;203285
31745;95;2021-03-20;1986;205271
31746;95;2021-03-21;348;205619
31747;95;2021-03-22;4148;209767
31748;95;2021-03-23;3865;213632
31749;95;2021-03-24;3388;217020
31750;95;2021-03-25;3320;220340
31751;95;2021-03-26;3362;223702
31752;95;2021-03-27;2266;225968
31753;95;2021-03-28;336;226304
31754;95;2021-03-29;4581;230885
31755;95;2021-03-30;4026;234911
31756;95;2021-03-31;3692;238603
31757;95;2021-04-01;3355;241958
31758;95;2021-04-02;3233;245191
31759;95;2021-04-03;2118;247309
31760;95;2021-04-04;254;247563
31761;95;2021-04-05;658;248221
31762;95;2021-04-06;4468;252689
31763;95;2021-04-07;3330;256019
31764;95;2021-04-08;3000;259019
31765;95;2021-04-09;2963;261982
31766;95;2021-04-10;2026;264008
31767;95;2021-04-11;290;264298
31768;95;2021-04-12;3507;267805
31769;95;2021-04-13;2856;270661
31770;95;2021-04-14;2576;273237
31771;95;2021-04-15;2454;275691
31772;201;2020-05-13;8;8
31773;201;2020-05-14;4;12
31774;201;2020-05-15;2;14
31775;201;2020-05-16;0;14
31776;201;2020-05-17;0;14
31777;201;2020-05-18;0;14
31778;201;2020-05-19;6;20
31779;201;2020-05-20;2;22
31780;201;2020-05-21;0;22
31781;201;2020-05-22;0;22
31782;201;2020-05-23;4;26
31783;201;2020-05-24;0;26
31784;201;2020-05-25;2;28
31785;201;2020-05-26;2;30
31786;201;2020-05-27;0;30
31787;201;2020-05-28;6;36
31788;201;2020-05-29;2;38
31789;201;2020-05-30;0;38
31790;201;2020-05-31;0;38
31791;201;2020-06-01;0;38
31792;201;2020-06-02;0;38
31793;201;2020-06-03;2;40
31794;201;2020-06-04;2;42
31795;201;2020-06-05;4;46
31796;201;2020-06-06;2;48
31797;201;2020-06-07;0;48
31798;201;2020-06-08;2;50
31799;201;2020-06-09;0;50
31800;201;2020-06-10;0;50
31801;201;2020-06-11;0;50
31802;201;2020-06-12;0;50
31803;201;2020-06-13;0;50
31804;201;2020-06-14;0;50
31805;201;2020-06-15;2;52
31806;201;2020-06-16;4;56
31807;201;2020-06-17;0;56
31808;201;2020-06-18;0;56
31809;201;2020-06-19;0;56
31810;201;2020-06-20;0;56
31811;201;2020-06-21;0;56
31812;201;2020-06-22;2;58
31813;201;2020-06-23;0;58
31814;201;2020-06-24;2;60
31815;201;2020-06-25;0;60
31816;201;2020-06-26;2;62
31817;201;2020-06-27;0;62
31818;201;2020-06-28;0;62
31819;201;2020-06-29;2;64
31820;201;2020-06-30;0;64
31821;201;2020-07-01;4;68
31822;201;2020-07-02;2;70
31823;201;2020-07-03;0;70
31824;201;2020-07-04;0;70
31825;201;2020-07-05;0;70
31826;201;2020-07-06;2;72
31827;201;2020-07-07;0;72
31828;201;2020-07-08;0;72
31829;201;2020-07-09;0;72
31830;201;2020-07-10;2;74
31831;201;2020-07-11;2;76
31832;201;2020-07-12;0;76
31833;201;2020-07-13;8;84
31834;201;2020-07-14;4;88
31835;201;2020-07-15;0;88
31836;201;2020-07-16;0;88
31837;201;2020-07-17;2;90
31838;201;2020-07-18;2;92
31839;201;2020-07-19;0;92
31840;201;2020-07-20;0;92
31841;201;2020-07-21;0;92
31842;201;2020-07-22;0;92
31843;201;2020-07-23;0;92
31844;201;2020-07-24;0;92
31845;201;2020-07-25;2;94
31846;201;2020-07-26;0;94
31847;201;2020-07-27;0;94
31848;201;2020-07-28;0;94
31849;201;2020-07-29;0;94
31850;201;2020-07-30;0;94
31851;201;2020-07-31;0;94
31852;201;2020-08-01;0;94
31853;201;2020-08-02;0;94
31854;201;2020-08-03;4;98
31855;201;2020-08-04;4;102
31856;201;2020-08-05;2;104
31857;201;2020-08-06;8;112
31858;201;2020-08-07;4;116
31859;201;2020-08-08;0;116
31860;201;2020-08-09;2;118
31861;201;2020-08-10;4;122
31862;201;2020-08-11;0;122
31863;201;2020-08-12;4;126
31864;201;2020-08-13;0;126
31865;201;2020-08-14;2;128
31866;201;2020-08-15;0;128
31867;201;2020-08-16;0;128
31868;201;2020-08-17;10;138
31869;201;2020-08-18;8;146
31870;201;2020-08-19;8;154
31871;201;2020-08-20;6;160
31872;201;2020-08-21;6;166
31873;201;2020-08-22;10;176
31874;201;2020-08-23;0;176
31875;201;2020-08-24;40;216
31876;201;2020-08-25;28;244
31877;201;2020-08-26;44;288
31878;201;2020-08-27;44;332
31879;201;2020-08-28;46;378
31880;201;2020-08-29;20;398
31881;201;2020-08-30;4;402
31882;201;2020-08-31;64;466
31883;201;2020-09-01;86;552
31884;201;2020-09-02;54;606
31885;201;2020-09-03;74;680
31886;201;2020-09-04;42;722
31887;201;2020-09-05;24;746
31888;201;2020-09-06;2;748
31889;201;2020-09-07;70;818
31890;201;2020-09-08;46;864
31891;201;2020-09-09;50;914
31892;201;2020-09-10;42;956
31893;201;2020-09-11;40;996
31894;201;2020-09-12;34;1030
31895;201;2020-09-13;4;1034
31896;201;2020-09-14;32;1066
31897;201;2020-09-15;34;1100
31898;201;2020-09-16;52;1152
31899;201;2020-09-17;36;1188
31900;201;2020-09-18;40;1228
31901;201;2020-09-19;16;1244
31902;201;2020-09-20;6;1250
31903;201;2020-09-21;80;1330
31904;201;2020-09-22;38;1368
31905;201;2020-09-23;26;1394
31906;201;2020-09-24;68;1462
31907;201;2020-09-25;28;1490
31908;201;2020-09-26;2;1492
31909;201;2020-09-27;2;1494
31910;201;2020-09-28;30;1524
31911;201;2020-09-29;26;1550
31912;201;2020-09-30;14;1564
31913;201;2020-10-01;28;1592
31914;201;2020-10-02;38;1630
31915;201;2020-10-03;4;1634
31916;201;2020-10-04;0;1634
31917;201;2020-10-05;46;1680
31918;201;2020-10-06;63;1743
31919;201;2020-10-07;36;1779
31920;201;2020-10-08;40;1819
31921;201;2020-10-09;56;1875
31922;201;2020-10-10;24;1899
31923;201;2020-10-11;4;1903
31924;201;2020-10-12;104;2007
31925;201;2020-10-13;118;2125
31926;201;2020-10-14;142;2267
31927;201;2020-10-15;146;2413
31928;201;2020-10-16;110;2523
31929;201;2020-10-17;42;2565
31930;201;2020-10-18;2;2567
31931;201;2020-10-19;122;2689
31932;201;2020-10-20;188;2877
31933;201;2020-10-21;118;2995
31934;201;2020-10-22;154;3149
31935;201;2020-10-23;204;3353
31936;201;2020-10-24;70;3423
31937;201;2020-10-25;8;3431
31938;201;2020-10-26;234;3665
31939;201;2020-10-27;250;3915
31940;201;2020-10-28;238;4153
31941;201;2020-10-29;297;4450
31942;201;2020-10-30;477;4927
31943;201;2020-10-31;76;5003
31944;201;2020-11-01;14;5017
31945;201;2020-11-02;318;5335
31946;201;2020-11-03;224;5559
31947;201;2020-11-04;192;5751
31948;201;2020-11-05;276;6027
31949;201;2020-11-06;114;6141
31950;201;2020-11-07;48;6189
31951;201;2020-11-08;4;6193
31952;201;2020-11-09;86;6279
31953;201;2020-11-10;64;6343
31954;201;2020-11-11;6;6349
31955;201;2020-11-12;78;6427
31956;201;2020-11-13;60;6487
31957;201;2020-11-14;18;6505
31958;201;2020-11-15;0;6505
31959;201;2020-11-16;62;6567
31960;201;2020-11-17;30;6597
31961;201;2020-11-18;18;6615
31962;201;2020-11-19;26;6641
31963;201;2020-11-20;16;6657
31964;201;2020-11-21;8;6665
31965;201;2020-11-22;0;6665
31966;201;2020-11-23;44;6709
31967;201;2020-11-24;10;6719
31968;201;2020-11-25;10;6729
31969;201;2020-11-26;22;6751
31970;201;2020-11-27;16;6767
31971;201;2020-11-28;13;6780
31972;201;2020-11-29;2;6782
31973;201;2020-11-30;28;6810
31974;201;2020-12-01;26;6836
31975;201;2020-12-02;8;6844
31976;201;2020-12-03;20;6864
31977;201;2020-12-04;42;6906
31978;201;2020-12-05;4;6910
31979;201;2020-12-06;2;6912
31980;201;2020-12-07;14;6926
31981;201;2020-12-08;14;6940
31982;201;2020-12-09;16;6956
31983;201;2020-12-10;0;6956
31984;201;2020-12-11;18;6974
31985;201;2020-12-12;4;6978
31986;201;2020-12-13;0;6978
31987;201;2020-12-14;8;6986
31988;201;2020-12-15;10;6996
31989;201;2020-12-16;8;7004
31990;201;2020-12-17;8;7012
31991;201;2020-12-18;4;7016
31992;201;2020-12-19;6;7022
31993;201;2020-12-20;4;7026
31994;201;2020-12-21;22;7048
31995;201;2020-12-22;4;7052
31996;201;2020-12-23;14;7066
31997;201;2020-12-24;28;7094
31998;201;2020-12-25;0;7094
31999;201;2020-12-26;38;7132
32000;201;2020-12-27;0;7132
32001;201;2020-12-28;50;7182
32002;201;2020-12-29;26;7208
32003;201;2020-12-30;38;7246
32004;201;2020-12-31;30;7276
32005;201;2021-01-01;2;7278
32006;201;2021-01-02;56;7334
32007;201;2021-01-03;6;7340
32008;201;2021-01-04;70;7410
32009;201;2021-01-05;36;7446
32010;201;2021-01-06;54;7500
32011;201;2021-01-07;22;7522
32012;201;2021-01-08;40;7562
32013;201;2021-01-09;28;7590
32014;201;2021-01-10;6;7596
32015;201;2021-01-11;54;7650
32016;201;2021-01-12;42;7692
32017;201;2021-01-13;44;7736
32018;201;2021-01-14;36;7772
32019;201;2021-01-15;38;7810
32020;201;2021-01-16;16;7826
32021;201;2021-01-17;6;7832
32022;201;2021-01-18;20;7852
32023;201;2021-01-19;46;7898
32024;201;2021-01-20;16;7914
32025;201;2021-01-21;42;7956
32026;201;2021-01-22;52;8008
32027;201;2021-01-23;26;8034
32028;201;2021-01-24;6;8040
32029;201;2021-01-25;64;8104
32030;201;2021-01-26;58;8162
32031;201;2021-01-27;24;8186
32032;201;2021-01-28;28;8214
32033;201;2021-01-29;20;8234
32034;201;2021-01-30;28;8262
32035;201;2021-01-31;4;8266
32036;201;2021-02-01;30;8296
32037;201;2021-02-02;40;8336
32038;201;2021-02-03;34;8370
32039;201;2021-02-04;26;8396
32040;201;2021-02-05;38;8434
32041;201;2021-02-06;16;8450
32042;201;2021-02-07;6;8456
32043;201;2021-02-08;38;8494
32044;201;2021-02-09;28;8522
32045;201;2021-02-10;21;8543
32046;201;2021-02-11;34;8577
32047;201;2021-02-12;26;8603
32048;201;2021-02-13;18;8621
32049;201;2021-02-14;2;8623
32050;201;2021-02-15;26;8649
32051;201;2021-02-16;28;8677
32052;201;2021-02-17;32;8709
32053;201;2021-02-18;36;8745
32054;201;2021-02-19;26;8771
32055;201;2021-02-20;26;8797
32056;201;2021-02-21;6;8803
32057;201;2021-02-22;88;8891
32058;201;2021-02-23;52;8943
32059;201;2021-02-24;40;8983
32060;201;2021-02-25;44;9027
32061;201;2021-02-26;54;9081
32062;201;2021-02-27;10;9091
32063;201;2021-02-28;2;9093
32064;201;2021-03-01;48;9141
32065;201;2021-03-02;54;9195
32066;201;2021-03-03;64;9259
32067;201;2021-03-04;64;9323
32068;201;2021-03-05;62;9385
32069;201;2021-03-06;22;9407
32070;201;2021-03-07;2;9409
32071;201;2021-03-08;76;9485
32072;201;2021-03-09;94;9579
32073;201;2021-03-10;62;9641
32074;201;2021-03-11;66;9707
32075;201;2021-03-12;74;9781
32076;201;2021-03-13;40;9821
32077;201;2021-03-14;6;9827
32078;201;2021-03-15;114;9941
32079;201;2021-03-16;46;9987
32080;201;2021-03-17;70;10057
32081;201;2021-03-18;70;10127
32082;201;2021-03-19;86;10213
32083;201;2021-03-20;56;10269
32084;201;2021-03-21;6;10275
32085;201;2021-03-22;136;10411
32086;201;2021-03-23;82;10493
32087;201;2021-03-24;92;10585
32088;201;2021-03-25;106;10691
32089;201;2021-03-26;106;10797
32090;201;2021-03-27;54;10851
32091;201;2021-03-28;8;10859
32092;201;2021-03-29;132;10991
32093;201;2021-03-30;106;11097
32094;201;2021-03-31;94;11191
32095;201;2021-04-01;110;11301
32096;201;2021-04-02;84;11385
32097;201;2021-04-03;48;11433
32098;201;2021-04-04;12;11445
32099;201;2021-04-05;10;11455
32100;201;2021-04-06;100;11555
32101;201;2021-04-07;70;11625
32102;201;2021-04-08;80;11705
32103;201;2021-04-09;106;11811
32104;201;2021-04-10;52;11863
32105;201;2021-04-11;6;11869
32106;201;2021-04-12;150;12019
32107;201;2021-04-13;106;12125
32108;201;2021-04-14;74;12199
32109;201;2021-04-15;70;12269
32110;202;2020-05-13;4;4
32111;202;2020-05-14;2;6
32112;202;2020-05-15;0;6
32113;202;2020-05-16;2;8
32114;202;2020-05-17;0;8
32115;202;2020-05-18;4;12
32116;202;2020-05-19;6;18
32117;202;2020-05-20;4;22
32118;202;2020-05-21;0;22
32119;202;2020-05-22;0;22
32120;202;2020-05-23;0;22
32121;202;2020-05-24;0;22
32122;202;2020-05-25;0;22
32123;202;2020-05-26;0;22
32124;202;2020-05-27;0;22
32125;202;2020-05-28;0;22
32126;202;2020-05-29;0;22
32127;202;2020-05-30;0;22
32128;202;2020-05-31;0;22
32129;202;2020-06-01;0;22
32130;202;2020-06-02;2;24
32131;202;2020-06-03;2;26
32132;202;2020-06-04;0;26
32133;202;2020-06-05;0;26
32134;202;2020-06-06;0;26
32135;202;2020-06-07;0;26
32136;202;2020-06-08;2;28
32137;202;2020-06-09;0;28
32138;202;2020-06-10;2;30
32139;202;2020-06-11;4;34
32140;202;2020-06-12;0;34
32141;202;2020-06-13;0;34
32142;202;2020-06-14;0;34
32143;202;2020-06-15;0;34
32144;202;2020-06-16;0;34
32145;202;2020-06-17;2;36
32146;202;2020-06-18;0;36
32147;202;2020-06-19;0;36
32148;202;2020-06-20;0;36
32149;202;2020-06-21;0;36
32150;202;2020-06-22;0;36
32151;202;2020-06-23;2;38
32152;202;2020-06-24;0;38
32153;202;2020-06-25;0;38
32154;202;2020-06-26;0;38
32155;202;2020-06-27;0;38
32156;202;2020-06-28;0;38
32157;202;2020-06-29;0;38
32158;202;2020-06-30;0;38
32159;202;2020-07-01;0;38
32160;202;2020-07-02;0;38
32161;202;2020-07-03;0;38
32162;202;2020-07-04;0;38
32163;202;2020-07-05;0;38
32164;202;2020-07-06;0;38
32165;202;2020-07-07;0;38
32166;202;2020-07-08;4;42
32167;202;2020-07-09;2;44
32168;202;2020-07-10;0;44
32169;202;2020-07-11;0;44
32170;202;2020-07-12;0;44
32171;202;2020-07-13;4;48
32172;202;2020-07-14;6;54
32173;202;2020-07-15;6;60
32174;202;2020-07-16;4;64
32175;202;2020-07-17;2;66
32176;202;2020-07-18;0;66
32177;202;2020-07-19;0;66
32178;202;2020-07-20;0;66
32179;202;2020-07-21;2;68
32180;202;2020-07-22;2;70
32181;202;2020-07-23;0;70
32182;202;2020-07-24;0;70
32183;202;2020-07-25;0;70
32184;202;2020-07-26;0;70
32185;202;2020-07-27;2;72
32186;202;2020-07-28;2;74
32187;202;2020-07-29;2;76
32188;202;2020-07-30;0;76
32189;202;2020-07-31;6;82
32190;202;2020-08-01;0;82
32191;202;2020-08-02;2;84
32192;202;2020-08-03;2;86
32193;202;2020-08-04;8;94
32194;202;2020-08-05;2;96
32195;202;2020-08-06;0;96
32196;202;2020-08-07;0;96
32197;202;2020-08-08;2;98
32198;202;2020-08-09;0;98
32199;202;2020-08-10;4;102
32200;202;2020-08-11;2;104
32201;202;2020-08-12;4;108
32202;202;2020-08-13;2;110
32203;202;2020-08-14;10;120
32204;202;2020-08-15;0;120
32205;202;2020-08-16;0;120
32206;202;2020-08-17;8;128
32207;202;2020-08-18;4;132
32208;202;2020-08-19;6;138
32209;202;2020-08-20;8;146
32210;202;2020-08-21;6;152
32211;202;2020-08-22;0;152
32212;202;2020-08-23;0;152
32213;202;2020-08-24;24;176
32214;202;2020-08-25;16;192
32215;202;2020-08-26;28;220
32216;202;2020-08-27;56;276
32217;202;2020-08-28;44;320
32218;202;2020-08-29;4;324
32219;202;2020-08-30;6;330
32220;202;2020-08-31;44;374
32221;202;2020-09-01;38;412
32222;202;2020-09-02;56;468
32223;202;2020-09-03;56;524
32224;202;2020-09-04;82;606
32225;202;2020-09-05;14;620
32226;202;2020-09-06;6;626
32227;202;2020-09-07;112;738
32228;202;2020-09-08;48;786
32229;202;2020-09-09;52;838
32230;202;2020-09-10;54;892
32231;202;2020-09-11;42;934
32232;202;2020-09-12;18;952
32233;202;2020-09-13;10;962
32234;202;2020-09-14;62;1024
32235;202;2020-09-15;38;1062
32236;202;2020-09-16;42;1104
32237;202;2020-09-17;46;1150
32238;202;2020-09-18;26;1176
32239;202;2020-09-19;10;1186
32240;202;2020-09-20;2;1188
32241;202;2020-09-21;22;1210
32242;202;2020-09-22;12;1222
32243;202;2020-09-23;32;1254
32244;202;2020-09-24;22;1276
32245;202;2020-09-25;32;1308
32246;202;2020-09-26;6;1314
32247;202;2020-09-27;2;1316
32248;202;2020-09-28;18;1334
32249;202;2020-09-29;30;1364
32250;202;2020-09-30;22;1386
32251;202;2020-10-01;34;1420
32252;202;2020-10-02;22;1442
32253;202;2020-10-03;10;1452
32254;202;2020-10-04;12;1464
32255;202;2020-10-05;40;1504
32256;202;2020-10-06;32;1536
32257;202;2020-10-07;66;1602
32258;202;2020-10-08;86;1688
32259;202;2020-10-09;88;1776
32260;202;2020-10-10;24;1800
32261;202;2020-10-11;4;1804
32262;202;2020-10-12;156;1960
32263;202;2020-10-13;146;2106
32264;202;2020-10-14;104;2210
32265;202;2020-10-15;158;2368
32266;202;2020-10-16;132;2500
32267;202;2020-10-17;38;2538
32268;202;2020-10-18;18;2556
32269;202;2020-10-19;193;2749
32270;202;2020-10-20;162;2911
32271;202;2020-10-21;196;3107
32272;202;2020-10-22;158;3265
32273;202;2020-10-23;204;3469
32274;202;2020-10-24;50;3519
32275;202;2020-10-25;16;3535
32276;202;2020-10-26;324;3859
32277;202;2020-10-27;247;4106
32278;202;2020-10-28;200;4306
32279;202;2020-10-29;182;4488
32280;202;2020-10-30;212;4700
32281;202;2020-10-31;64;4764
32282;202;2020-11-01;18;4782
32283;202;2020-11-02;266;5048
32284;202;2020-11-03;196;5244
32285;202;2020-11-04;130;5374
32286;202;2020-11-05;96;5470
32287;202;2020-11-06;104;5574
32288;202;2020-11-07;30;5604
32289;202;2020-11-08;12;5616
32290;202;2020-11-09;160;5776
32291;202;2020-11-10;114;5890
32292;202;2020-11-11;6;5896
32293;202;2020-11-12;128;6024
32294;202;2020-11-13;62;6086
32295;202;2020-11-14;14;6100
32296;202;2020-11-15;2;6102
32297;202;2020-11-16;66;6168
32298;202;2020-11-17;48;6216
32299;202;2020-11-18;20;6236
32300;202;2020-11-19;22;6258
32301;202;2020-11-20;38;6296
32302;202;2020-11-21;14;6310
32303;202;2020-11-22;2;6312
32304;202;2020-11-23;44;6356
32305;202;2020-11-24;6;6362
32306;202;2020-11-25;18;6380
32307;202;2020-11-26;10;6390
32308;202;2020-11-27;20;6410
32309;202;2020-11-28;14;6424
32310;202;2020-11-29;2;6426
32311;202;2020-11-30;20;6446
32312;202;2020-12-01;10;6456
32313;202;2020-12-02;20;6476
32314;202;2020-12-03;14;6490
32315;202;2020-12-04;18;6508
32316;202;2020-12-05;6;6514
32317;202;2020-12-06;0;6514
32318;202;2020-12-07;8;6522
32319;202;2020-12-08;16;6538
32320;202;2020-12-09;18;6556
32321;202;2020-12-10;14;6570
32322;202;2020-12-11;20;6590
32323;202;2020-12-12;10;6600
32324;202;2020-12-13;0;6600
32325;202;2020-12-14;14;6614
32326;202;2020-12-15;30;6644
32327;202;2020-12-16;16;6660
32328;202;2020-12-17;10;6670
32329;202;2020-12-18;26;6696
32330;202;2020-12-19;22;6718
32331;202;2020-12-20;8;6726
32332;202;2020-12-21;42;6768
32333;202;2020-12-22;28;6796
32334;202;2020-12-23;34;6830
32335;202;2020-12-24;28;6858
32336;202;2020-12-25;6;6864
32337;202;2020-12-26;46;6910
32338;202;2020-12-27;8;6918
32339;202;2020-12-28;50;6968
32340;202;2020-12-29;56;7024
32341;202;2020-12-30;58;7082
32342;202;2020-12-31;52;7134
32343;202;2021-01-01;2;7136
32344;202;2021-01-02;26;7162
32345;202;2021-01-03;6;7168
32346;202;2021-01-04;76;7244
32347;202;2021-01-05;50;7294
32348;202;2021-01-06;66;7360
32349;202;2021-01-07;38;7398
32350;202;2021-01-08;46;7444
32351;202;2021-01-09;24;7468
32352;202;2021-01-10;12;7480
32353;202;2021-01-11;78;7558
32354;202;2021-01-12;80;7638
32355;202;2021-01-13;62;7700
32356;202;2021-01-14;54;7754
32357;202;2021-01-15;52;7806
32358;202;2021-01-16;18;7824
32359;202;2021-01-17;6;7830
32360;202;2021-01-18;126;7956
32361;202;2021-01-19;66;8022
32362;202;2021-01-20;62;8084
32363;202;2021-01-21;86;8170
32364;202;2021-01-22;80;8250
32365;202;2021-01-23;58;8308
32366;202;2021-01-24;22;8330
32367;202;2021-01-25;172;8502
32368;202;2021-01-26;109;8611
32369;202;2021-01-27;70;8681
32370;202;2021-01-28;66;8747
32371;202;2021-01-29;88;8835
32372;202;2021-01-30;32;8867
32373;202;2021-01-31;4;8871
32374;202;2021-02-01;154;9025
32375;202;2021-02-02;106;9131
32376;202;2021-02-03;82;9213
32377;202;2021-02-04;84;9297
32378;202;2021-02-05;110;9407
32379;202;2021-02-06;52;9459
32380;202;2021-02-07;12;9471
32381;202;2021-02-08;108;9579
32382;202;2021-02-09;66;9645
32383;202;2021-02-10;110;9755
32384;202;2021-02-11;90;9845
32385;202;2021-02-12;80;9925
32386;202;2021-02-13;36;9961
32387;202;2021-02-14;8;9969
32388;202;2021-02-15;108;10077
32389;202;2021-02-16;80;10157
32390;202;2021-02-17;68;10225
32391;202;2021-02-18;120;10345
32392;202;2021-02-19;118;10463
32393;202;2021-02-20;64;10527
32394;202;2021-02-21;14;10541
32395;202;2021-02-22;182;10723
32396;202;2021-02-23;114;10837
32397;202;2021-02-24;126;10963
32398;202;2021-02-25;102;11065
32399;202;2021-02-26;104;11169
32400;202;2021-02-27;46;11215
32401;202;2021-02-28;10;11225
32402;202;2021-03-01;160;11385
32403;202;2021-03-02;152;11537
32404;202;2021-03-03;86;11623
32405;202;2021-03-04;132;11755
32406;202;2021-03-05;138;11893
32407;202;2021-03-06;66;11959
32408;202;2021-03-07;10;11969
32409;202;2021-03-08;162;12131
32410;202;2021-03-09;106;12237
32411;202;2021-03-10;130;12367
32412;202;2021-03-11;116;12483
32413;202;2021-03-12;106;12589
32414;202;2021-03-13;58;12647
32415;202;2021-03-14;4;12651
32416;202;2021-03-15;116;12767
32417;202;2021-03-16;100;12867
32418;202;2021-03-17;63;12930
32419;202;2021-03-18;70;13000
32420;202;2021-03-19;96;13096
32421;202;2021-03-20;32;13128
32422;202;2021-03-21;2;13130
32423;202;2021-03-22;128;13258
32424;202;2021-03-23;86;13344
32425;202;2021-03-24;52;13396
32426;202;2021-03-25;82;13478
32427;202;2021-03-26;88;13566
32428;202;2021-03-27;34;13600
32429;202;2021-03-28;8;13608
32430;202;2021-03-29;112;13720
32431;202;2021-03-30;90;13810
32432;202;2021-03-31;82;13892
32433;202;2021-04-01;74;13966
32434;202;2021-04-02;112;14078
32435;202;2021-04-03;40;14118
32436;202;2021-04-04;0;14118
32437;202;2021-04-05;30;14148
32438;202;2021-04-06;136;14284
32439;202;2021-04-07;96;14380
32440;202;2021-04-08;78;14458
32441;202;2021-04-09;108;14566
32442;202;2021-04-10;70;14636
32443;202;2021-04-11;14;14650
32444;202;2021-04-12;144;14794
32445;202;2021-04-13;114;14908
32446;202;2021-04-14;94;15002
32447;202;2021-04-15;82;15084
